$SPEC_ID:
Central Velocity Selector Voltage
$SPEC_REM:
DET# 1
DETDESC# JLAB-11 MCB 132
AP# Maestro Version 7.01
$DATE_MEA:
10/19/2018 16:04:00
$MEAS_TIM:
1795 1800
$DATA:
0 2047
       0
       0
       0
       0
       0
       0
       0
       0
       0
       0
       0
       0
       0
       0
       0
       0
       0
       0
       0
       0
       0
       0
       0
       0
       0
       0
       0
       0
       0
       0
       0
       0
       0
       0
       0
       0
       0
       0
       0
       0
       0
       0
       0
       0
       0
       0
       0
       0
       0
       0
       0
       0
       0
       0
       0
       0
       0
       0
       0
      27
     420
     310
     305
     226
     192
     160
     135
      97
      93
      63
      65
      29
      41
      38
      21
      15
      20
      18
      13
      11
       6
       5
       8
       8
       4
       7
       4
       1
       1
       3
       3
       4
       3
       2
       1
       2
       2
       5
       3
       2
       5
       5
       2
       1
       3
       1
       1
       0
       3
       0
       1
       0
       3
       2
       2
       1
       7
       0
       2
       1
       1
       1
       1
       1
       1
       4
       1
       1
       2
       3
       3
       0
       0
       2
       2
       1
       2
       1
       1
       1
       2
       1
       1
       1
       4
       4
       1
       1
       2
       1
       3
       2
       1
       2
       1
       0
       3
       1
       3
       1
       1
       3
       2
       1
       3
       1
       2
       1
       2
       2
       1
       3
       1
       4
       1
       3
       3
       4
       3
       2
       3
       1
       0
       2
       1
       1
       3
       1
       3
       0
       2
       3
       1
       5
       2
       1
       1
       4
       4
       2
       1
       2
       2
       3
       3
       5
       6
       2
       4
       1
       3
       2
       2
       2
       5
       2
       3
       4
       3
       3
       1
       0
       4
       1
       2
       1
       1
       1
       2
       3
       3
       3
       3
       2
       1
       0
       2
       1
       0
       2
       1
       0
       2
       2
       3
       4
       2
       2
       3
       1
       2
       0
       1
       2
       3
       2
       3
       2
       1
       1
       6
       0
       4
       3
       3
       0
       5
       2
       3
       0
       4
       2
       2
       4
       0
       1
       2
       3
       4
       3
       2
       2
       1
       1
       0
       0
       3
       1
       2
       1
       0
       4
       1
       3
       2
       3
       0
       1
       2
       4
       1
       3
       0
       3
       4
       3
       1
       7
       1
       1
       0
       1
       2
       1
       1
       2
       3
       0
       4
       1
       0
       0
       5
       0
       2
       6
       3
       5
       3
       1
       2
       1
       3
       3
       2
       1
       4
       2
       1
       0
       2
       3
       1
       0
       3
       2
       3
       2
       3
       2
       2
       2
       2
       3
       2
       4
       5
       2
       3
       4
       3
       4
       5
       3
       3
       1
       2
       4
       3
       4
       3
       1
       4
       3
       4
       1
       3
       0
       1
       0
       2
       1
       5
       3
       1
       1
       2
       2
       2
       4
       6
       1
       1
       2
       1
       3
       2
       2
       4
       3
       2
       5
       1
       2
       2
       1
       3
       3
       1
       1
       3
       2
       1
       5
       3
       1
       0
       2
       2
       3
       1
       3
       2
       3
       1
       2
       2
       3
       3
       1
       2
       2
       1
       2
       3
       1
       1
       2
       6
       2
       1
       1
       2
       3
       2
       3
       3
       4
       2
       0
       3
       3
       1
       6
       1
       3
       1
       3
       1
       2
       1
       2
       5
       1
       1
       3
       1
       4
       2
       3
       1
       2
       0
       3
       3
       2
       4
       4
       3
       1
       3
       1
       0
       1
       3
       2
       5
       0
       2
       4
       0
       2
       4
       2
       3
       2
       4
       2
       1
       2
       1
       4
       3
       5
       5
       4
       2
       3
       0
       2
       3
       2
       4
       2
       7
       4
       3
       1
       5
       4
       4
       2
       4
       1
       3
       2
       5
       3
       1
       3
       1
       0
       7
       3
       2
       4
       4
       3
       4
       3
       3
       2
       4
       2
       4
       1
       2
       0
       1
       8
       1
       2
       5
       1
       3
       1
       4
       3
       1
       6
       2
       1
       6
       6
       3
       5
       3
       5
       4
       5
       1
       3
       0
       2
       4
       1
       2
       6
       2
       2
       4
       3
       4
       2
       6
       2
       4
       2
       5
       1
       3
       4
       2
       0
       5
       1
       2
       3
       2
       1
       0
       1
       3
       5
       3
       8
       2
       1
       4
       2
       1
       5
       3
       4
       4
       3
       4
       5
       3
       1
       3
       2
       5
       3
       0
       1
       4
       1
       3
       0
       3
       5
       3
       3
       4
       3
       1
       3
       3
       2
       0
       4
       3
       2
       0
       5
       2
       3
       3
       4
       2
       1
       5
       2
       2
       3
       3
       3
       3
       3
       4
       0
       2
       0
       0
       3
       2
       4
       1
       4
       1
       5
       2
       2
       2
       1
       1
       1
       2
       2
       3
       2
       2
       5
       2
       4
       3
       0
       2
       3
       2
       3
       3
       3
       4
       2
       0
       4
       2
       1
       1
       2
       2
       0
       2
       6
       3
       2
       4
       5
       1
       4
       3
       5
       6
       1
       6
       2
       3
       1
       2
       4
       1
       3
       2
       4
       3
       2
       2
       1
       0
       2
       1
       3
       3
       5
       6
       3
       1
       3
       5
       2
       2
       4
       2
       2
       6
       3
       2
       1
       3
       1
       1
       0
       2
       3
       3
       3
       1
       2
       1
       1
       1
       1
       0
       2
       0
       3
       4
       2
       2
       6
       3
       2
       2
       4
       1
       2
       2
       2
       3
       1
       0
       2
       3
       2
       4
       0
       2
       0
       1
       3
       5
       1
       1
       0
       0
       2
       2
       0
       4
       3
       1
       2
       0
       4
       4
       5
       1
       3
       1
       2
       2
       2
       1
       1
       4
       4
       1
       3
       1
       2
       1
       3
       2
       2
       0
       1
       4
       1
       0
       1
       3
       3
       1
       4
       1
       0
       3
       2
       1
       0
       2
       2
       1
       2
       3
       1
       2
       1
       2
       1
       2
       4
       0
       1
       5
       3
       3
       4
       1
       1
       2
       3
       1
       1
       5
       2
       3
       3
       2
       0
       0
       2
       3
       0
       2
       2
       2
       1
       2
       2
       3
       2
       1
       0
       0
       2
       3
       5
       4
       2
       4
       3
       3
       4
       3
       2
       2
       2
       5
       2
       1
       2
       4
       2
       4
       6
       2
       3
       1
       1
       3
       2
       1
       4
       0
       0
       2
       2
       2
       4
       2
       3
       3
       3
       3
       3
       3
       3
       1
       1
       6
       5
       4
       2
       3
       3
       4
       0
       1
       1
       3
       1
       1
       3
       7
       0
       1
       5
       4
       3
       5
       3
       3
       3
       5
       2
       3
       3
       1
       4
       2
       6
       1
       1
       5
       7
       2
       9
       2
       2
       9
       4
       3
       1
       4
       4
       5
       2
       4
       2
       2
       5
       7
       4
       6
       7
       6
       4
       7
       4
       4
       5
       5
       4
       7
       9
       6
       6
       7
       8
       4
      13
       9
       3
       6
      14
      10
      15
       9
       9
      16
      16
      17
       9
      16
      27
      28
      25
      32
      36
      26
      35
      37
      33
      38
      45
      44
      48
      56
      66
      68
      84
      72
      62
      83
      90
      94
     100
      84
      90
      87
     100
      95
      94
      86
      94
     101
      93
      99
     108
      80
      68
      78
      67
      81
      70
      51
      53
      48
      44
      35
      31
      37
      40
      24
      22
      18
      26
      18
      12
      15
      14
       6
       6
       5
       5
       9
       8
       2
       1
       2
       3
       3
       1
       2
       1
       1
       0
       1
       0
       1
       1
       0
       1
       1
       0
       1
       1
       0
       0
       0
       0
       0
       0
       0
       0
       0
       0
       2
       0
       1
       0
       0
       0
       1
       0
       0
       1
       0
       0
       0
       0
       0
       0
       0
       0
       0
       0
       1
       0
       0
       0
       0
       0
       1
       0
       0
       0
       1
       1
       0
       0
       0
       0
       0
       1
       0
       0
       0
       1
       0
       0
       1
       0
       0
       0
       0
       0
       0
       0
       0
       0
       0
       0
       1
       1
       0
       0
       0
       0
       0
       0
       1
       1
       0
       0
       1
       0
       0
       0
       0
       0
       0
       0
       0
       0
       0
       1
       1
       0
       1
       0
       0
       0
       2
       0
       0
       0
       0
       0
       0
       0
       2
       0
       0
       0
       0
       1
       0
       0
       0
       0
       0
       0
       0
       0
       0
       0
       0
       0
       0
       0
       1
       0
       0
       0
       0
       0
       0
       0
       0
       0
       2
       0
       0
       0
       1
       0
       0
       0
       0
       0
       0
       0
       0
       0
       0
       0
       0
       0
       0
       0
       0
       0
       0
       1
       0
       0
       0
       0
       1
       0
       0
       0
       0
       1
       0
       0
       0
       1
       0
       0
       1
       0
       2
       0
       0
       0
       0
       0
       0
       0
       0
       0
       0
       1
       1
       0
       1
       0
       0
       0
       0
       0
       0
       1
       0
       0
       0
       0
       0
       0
       0
       1
       1
       0
       0
       0
       0
       0
       0
       1
       0
       0
       1
       0
       0
       1
       0
       0
       0
       0
       0
       0
       1
       0
       0
       1
       0
       0
       0
       0
       0
       0
       0
       0
       0
       1
       0
       1
       0
       0
       0
       0
       1
       0
       1
       0
       0
       0
       0
       0
       0
       1
       0
       0
       0
       0
       0
       0
       0
       0
       0
       1
       0
       0
       0
       0
       0
       0
       0
       0
       0
       0
       1
       0
       0
       0
       0
       0
       0
       0
       1
       0
       0
       1
       0
       0
       1
       0
       0
       0
       0
       0
       0
       0
       0
       0
       0
       0
       0
       0
       0
       0
       0
       0
       0
       0
       0
       0
       0
       0
       0
       0
       0
       0
       0
       1
       0
       0
       1
       0
       0
       0
       0
       0
       0
       0
       0
       0
       0
       1
       0
       0
       0
       0
       1
       0
       0
       0
       1
       0
       0
       0
       0
       1
       0
       0
       1
       0
       0
       0
       0
       0
       0
       0
       0
       0
       0
       0
       0
       0
       0
       0
       0
       0
       0
       0
       3
       1
       0
       0
       0
       1
       0
       0
       1
       0
       0
       0
       0
       0
       0
       0
       0
       0
       0
       0
       0
       0
       2
       0
       0
       0
       1
       0
       2
       0
       0
       0
       0
       0
       0
       2
       0
       0
       0
       0
       1
       0
       0
       1
       0
       0
       1
       0
       0
       0
       0
       0
       0
       0
       0
       0
       1
       1
       0
       0
       0
       0
       0
       0
       1
       0
       0
       1
       0
       0
       0
       0
       0
       0
       0
       1
       0
       0
       0
       0
       0
       0
       0
       1
       0
       0
       0
       0
       1
       0
       0
       0
       0
       0
       0
       0
       0
       0
       0
       0
       0
       0
       0
       0
       0
       0
       0
       0
       0
       0
       0
       0
       0
       0
       0
       0
       0
       0
       0
       0
       2
       1
       0
       0
       0
       0
       0
       0
       1
       0
       0
       1
       0
       0
       0
       0
       0
       0
       0
       1
       0
       0
       0
       0
       1
       0
       1
       0
       0
       0
       0
       0
       0
       0
       0
       0
       0
       0
       0
       0
       0
       0
       0
       0
       0
       1
       0
       0
       1
       0
       0
       0
       0
       0
       0
       0
       0
       0
       0
       1
       0
       0
       0
       1
       1
       1
       0
       0
       0
       0
       0
       0
       1
       0
       0
       0
       0
       0
       0
       0
       0
       0
       0
       0
       0
       0
       0
       1
       2
       0
       1
       0
       0
       1
       1
       0
       1
       1
       1
       0
       0
       0
       0
       0
       0
       0
       1
       0
       0
       0
       0
       0
       1
       0
       0
       0
       0
       0
       0
       1
       0
       1
       0
       0
       0
       0
       0
       1
       1
       0
       0
       0
       0
       0
       1
       0
       0
       0
       0
       1
       0
       1
       0
       0
       0
       0
       1
       0
       0
       0
       0
       0
       0
       0
       0
       0
       0
       0
       0
       1
       0
       1
       1
       0
       0
       2
       0
       1
       0
       1
       0
       0
       0
       0
       0
       1
       0
       2
       0
       1
       0
       0
       0
       0
       0
       1
       0
       0
       0
       0
       0
       0
       1
       0
       0
       0
       1
       0
       0
       0
       0
       0
       0
       1
       0
       0
       0
       0
       0
       1
       0
       0
       0
       0
       0
       0
       0
       0
       0
       0
       0
       0
       0
       0
       0
       0
       0
       0
       1
       0
       0
       0
       0
       1
       0
       0
       0
       0
       0
       0
       0
       0
       0
       0
       0
       0
       1
       0
       1
       0
       1
       0
       0
       0
       0
       1
       0
       0
       1
       0
       0
       0
       0
       0
       1
       0
       0
       1
       0
       0
       0
       1
       0
       0
       0
       0
       0
       0
       0
       0
       0
       0
       0
       0
       0
       0
       0
       0
       0
       0
       0
       0
       1
       0
       0
       0
       0
       0
       0
       0
       0
       0
       0
       0
       0
       0
       0
       0
       0
       0
       0
       1
       0
       0
       0
       0
       0
       0
       0
       0
       0
       0
       0
       0
       0
       0
       0
       0
       0
       0
       0
       0
       0
       0
       0
       0
       0
       0
       0
       0
       0
       0
       0
       0
       0
       0
       0
       0
       0
       1
       0
       0
       0
       0
       0
       0
       1
       0
       0
       0
       0
       0
       1
       0
       0
       0
       0
       0
       1
       0
       0
       0
       0
       1
       1
       0
       0
       0
       0
       0
       0
       1
       0
       0
       0
       0
       0
       0
       0
       0
       0
       0
       0
       0
       0
       0
       0
       0
       0
       0
       0
       0
       0
       0
       0
       0
       0
       0
       0
       0
       0
       0
       0
       0
       0
       0
       0
       0
       0
       0
       0
       0
       0
       0
       0
       0
       0
       0
       0
       0
       0
       0
       0
       0
       0
       0
       0
       0
       0
       0
       0
       0
       0
       0
       0
       0
       0
       0
       0
       0
       0
       0
       0
       0
       0
       0
       0
       0
$ROI:
0
$PRESETS:
Real Time
1800
0
$ENER_FIT:
-0.163132 0.241402
$MCA_CAL:
3
-1.631319E-001 2.414016E-001 0.000000E+000 keV
$SHAPE_CAL:
3
3.389885E+001 -6.502870E-003 0.000000E+000
