$SPEC_ID:
Central Velocity Selector Voltage
$SPEC_REM:
DET# 1
DETDESC# JLAB-11 MCB 132
AP# Maestro Version 7.01
$DATE_MEA:
10/17/2018 15:51:51
$MEAS_TIM:
1762 1800
$DATA:
0 2047
       0
       0
       0
       0
       0
       0
       0
       0
       0
       0
       0
       0
       0
       0
       0
       0
       0
       0
       0
       0
       0
       0
       0
       0
       0
       0
       0
       0
       0
       0
       0
       0
       0
       0
       0
       0
       0
       0
       0
       0
       0
       0
       0
       0
       0
       0
       0
       0
       0
       0
       0
       0
       0
       0
       0
       0
       0
       0
       0
     435
    7953
    7587
    6733
    6071
    5606
    5230
    4726
    4410
    4122
    3687
    3448
    3184
    2972
    2702
    2467
    2328
    2047
    1827
    1640
    1577
    1432
    1252
    1127
    1004
     841
     771
     652
     625
     541
     480
     395
     362
     335
     294
     271
     261
     289
     281
     289
     292
     311
     315
     336
     392
     461
     502
     556
     645
     704
     772
     889
     982
    1087
    1199
    1318
    1354
    1534
    1595
    1740
    1881
    1884
    2062
    2289
    2329
    2364
    2434
    2563
    2738
    2729
    2837
    2933
    2932
    2933
    2943
    2888
    2960
    2860
    2843
    2924
    2771
    2688
    2523
    2534
    2448
    2254
    2076
    1971
    1939
    1766
    1675
    1490
    1386
    1189
    1144
    1045
     903
     851
     699
     650
     597
     507
     455
     394
     337
     269
     237
     209
     158
     139
     130
      82
      72
      72
      41
      41
      48
      28
      25
      16
       9
      12
      16
       8
       7
       7
       9
       3
       6
       9
       2
       3
       4
       2
       2
       3
       2
       1
       1
       1
       2
       2
       2
       1
       3
       3
       2
       1
       2
       1
       2
       1
       3
       2
       1
       4
       2
       2
       2
       2
       2
       3
       3
       2
       2
       1
       1
       3
       3
       3
       2
       5
       2
       0
       2
       2
       1
       2
       2
       1
       1
       2
       2
       3
       2
       2
       4
       4
       2
       4
       1
       2
       1
       3
       1
       4
       4
       2
       5
       1
       2
       2
       2
       7
       1
       1
       5
       2
       1
       2
       4
       3
       1
       0
       0
       2
       2
       2
       2
       2
       3
       5
       5
       5
       0
       2
       1
       3
       1
       2
       1
       4
       3
       2
       3
       2
       1
       3
       0
       3
       1
       2
       2
       4
       3
       3
       3
       6
       1
       2
       2
       4
       4
       1
       2
       1
       4
       4
       1
       3
       2
       3
       0
       4
       1
       1
       4
       3
       1
       4
       2
       4
       5
       1
       1
       2
       9
       2
       2
       4
       1
       1
       2
       1
       3
       1
       3
       4
       3
       1
       2
       2
       1
       2
       3
       0
       4
       1
       2
       1
       4
       3
       3
       4
       2
       2
       4
       0
       1
       4
       3
       0
       5
       3
       4
       2
       3
       2
       2
       5
       3
       3
       3
       3
       3
       7
       5
       4
       0
       1
       3
       3
       3
       5
       1
       2
       2
       2
       3
       3
       7
       3
       1
       4
       5
       5
       6
       1
       5
       3
       3
       5
       2
       8
       6
       4
       1
       2
       2
       4
       8
       4
       4
       3
       2
       4
       4
       1
       3
       5
       6
       2
       1
       7
       5
       6
       3
       1
       3
       6
       4
       4
       3
       3
       0
       3
       8
       3
       6
       3
       6
       7
       5
       5
       6
       5
       3
       4
       0
       4
       5
       4
       4
       3
       4
       4
       7
       6
       4
       6
       6
       5
       8
       7
       4
       6
       3
       2
       4
       4
       5
       5
       2
       4
       3
       3
       7
       5
       5
       6
       7
       2
       7
       4
       4
       8
       5
       7
       2
       9
       3
       5
       6
       4
       4
       5
       1
       1
       4
       2
       5
       2
       7
      12
       3
       6
       5
       9
       5
       2
       3
       6
       3
       1
       4
       8
       4
       5
       4
       3
       5
       2
       9
       5
       3
       5
       2
       2
       6
       4
       4
       3
       9
       6
       6
       3
       5
       5
       6
       4
       6
       1
       1
       5
       5
       3
       3
       3
       2
       2
       3
       4
       2
       5
       3
       6
       5
       8
       5
       3
       7
       3
       5
       2
      10
       1
       4
       5
       4
       5
       7
       6
       5
       3
       1
       7
       3
       3
       4
       3
       4
       6
       6
       4
       3
       3
       6
       4
       2
       4
       0
       4
       4
       6
       3
       4
       3
       6
       4
       5
       7
       3
       3
       4
       2
       3
       3
       3
       2
       2
       2
       3
       3
       6
       2
       2
       4
       5
       4
       1
       1
       2
       5
       6
       2
       2
       3
       5
       3
       5
       5
       4
       6
       6
       1
       7
       9
       4
       4
       5
       1
       3
       4
       6
       4
       5
       5
      10
       4
       4
       5
       2
       6
       7
       4
       1
       3
       8
       3
       2
       1
       3
      10
       3
       4
       3
       4
       4
       4
       5
       5
       5
       3
       4
       5
       3
       2
       5
       2
       1
       2
       1
       4
       7
       3
       8
       4
       3
       5
       3
       9
       7
       4
       7
       4
       9
       3
       1
       5
       5
       1
       3
       1
       2
       5
       3
       4
       2
       4
       1
       3
       1
       4
       5
       1
       6
       1
       2
       9
       1
       3
       1
       6
       2
       5
       4
       4
       6
       1
       0
       7
       2
       0
       3
       8
       1
       9
       3
       2
       5
       3
       3
       3
       1
       4
       2
       3
       2
       4
       4
       2
       3
       2
       2
       6
       3
       5
       1
       5
       2
       2
       4
       2
       2
       2
       2
      11
       4
       3
       2
       6
       4
       5
       3
       1
       5
       2
       2
       3
       2
       2
       1
       3
       4
       2
       1
       1
       2
       1
       4
       3
       4
       4
       3
       7
       2
       4
       5
       0
       2
       3
       7
       4
       3
       1
       2
       2
       4
       2
       2
       2
       2
       8
       1
       4
       4
       6
       6
       2
       5
       4
       2
       0
       2
       4
       4
       2
       1
       2
       7
       4
       2
       4
       5
       4
       3
       4
       4
       2
       4
       5
       2
       1
       3
       1
       4
       1
       2
       5
       7
       5
       2
       3
       1
       2
       2
       5
       2
       3
       5
       1
       3
       4
       3
       2
       4
       3
       4
       3
       2
       4
       2
       5
       3
       4
       4
       7
       1
       1
       5
       4
       5
       2
       4
       3
       5
       2
       4
       1
       6
       6
       2
       2
       7
       3
       6
       4
       5
       3
       3
       2
       2
       2
       1
       4
       5
       1
       1
       2
       1
       4
       4
       4
       3
       2
       3
       1
       5
       5
       1
       3
       5
       0
       1
       5
       3
       4
       3
       4
       2
       5
       3
       1
       0
       2
       1
       2
       3
       4
       6
       3
       6
       3
       6
       3
       3
       2
       4
       4
       2
       4
       5
       4
       3
       2
       4
       1
       6
       3
       4
       5
       1
       2
       2
       4
       2
       6
       6
       2
       3
       4
       4
       2
       3
       4
       4
       5
       4
       3
       3
       4
       5
       8
       4
       6
       5
       2
       5
       6
       4
       3
       1
       5
       2
       1
       1
       2
       5
       4
       2
       5
       7
       5
       2
       7
       1
       3
       2
       2
       2
       2
       5
       3
       7
       2
       3
       7
       1
       0
       7
       4
       5
       1
       3
       2
       4
       4
       2
       5
       5
       2
       4
       1
       5
       2
       4
       4
       5
       2
       3
       3
       6
       4
       6
       0
       7
       4
       3
       2
       2
       2
       3
       3
       5
       3
       3
       1
       4
       0
       3
       6
       6
       7
       4
       2
       3
       3
       2
       0
       6
       4
       0
       5
       5
       1
       5
       4
       7
       6
       5
       1
       4
       6
       4
       5
       8
       8
       8
       6
       5
       5
       8
       6
       7
      10
       7
       4
       9
       8
       6
       5
       7
       6
       4
       7
      11
      12
       7
       4
       9
      15
      18
      11
      14
      17
      19
       9
      20
      26
      21
      28
      19
      31
      38
      32
      34
      35
      42
      40
      42
      48
      52
      48
      45
      55
      56
      47
      70
      73
      63
      67
      67
      63
      64
      74
      74
      99
      77
      73
      77
      79
      68
      87
      76
      77
      78
      72
      78
      82
      50
      63
      62
      68
      62
      59
      46
      49
      33
      48
      45
      50
      35
      23
      36
      29
      22
      27
      15
      19
      20
      10
      14
      14
      18
      11
      13
       9
       9
       5
       7
       5
       5
       3
       5
       3
       2
       1
       2
       1
       1
       2
       1
       0
       1
       1
       1
       0
       0
       1
       1
       0
       1
       0
       0
       1
       0
       1
       0
       0
       0
       0
       0
       0
       0
       0
       1
       0
       0
       1
       0
       0
       0
       0
       0
       0
       1
       0
       0
       0
       0
       1
       0
       0
       0
       0
       0
       1
       1
       1
       1
       0
       0
       0
       0
       0
       0
       0
       0
       0
       1
       1
       0
       0
       1
       0
       1
       0
       0
       3
       1
       0
       0
       0
       0
       0
       0
       0
       2
       1
       0
       0
       0
       0
       0
       0
       0
       0
       0
       0
       0
       0
       0
       0
       2
       0
       0
       0
       0
       0
       1
       0
       1
       0
       0
       1
       0
       1
       0
       1
       2
       0
       0
       0
       0
       0
       0
       0
       0
       0
       0
       0
       1
       0
       1
       0
       1
       0
       0
       0
       0
       0
       0
       0
       1
       0
       0
       0
       0
       1
       0
       0
       0
       1
       1
       0
       1
       0
       0
       0
       0
       1
       0
       0
       0
       0
       0
       0
       0
       0
       0
       0
       0
       0
       1
       0
       1
       0
       0
       1
       0
       0
       0
       0
       0
       0
       0
       2
       0
       0
       0
       0
       0
       0
       0
       1
       1
       0
       1
       0
       0
       0
       0
       0
       0
       1
       0
       1
       0
       0
       0
       0
       0
       0
       0
       0
       0
       0
       0
       0
       0
       0
       0
       0
       0
       0
       0
       1
       0
       1
       0
       0
       1
       0
       0
       0
       0
       0
       1
       0
       0
       0
       0
       1
       0
       0
       0
       0
       1
       0
       0
       0
       0
       0
       0
       0
       0
       0
       0
       3
       1
       0
       0
       0
       0
       0
       1
       1
       0
       0
       1
       1
       0
       0
       0
       0
       0
       0
       0
       1
       1
       0
       0
       0
       0
       1
       0
       0
       0
       0
       0
       0
       0
       0
       0
       1
       0
       0
       0
       0
       0
       0
       0
       0
       1
       1
       0
       0
       0
       0
       0
       0
       0
       0
       2
       0
       1
       0
       0
       0
       0
       0
       0
       0
       0
       0
       0
       0
       0
       0
       0
       0
       0
       0
       0
       0
       1
       1
       1
       0
       1
       0
       0
       0
       0
       0
       0
       0
       0
       0
       0
       0
       0
       0
       0
       0
       0
       0
       0
       0
       0
       1
       0
       1
       0
       0
       0
       0
       2
       0
       0
       0
       0
       0
       0
       0
       0
       0
       0
       0
       0
       1
       0
       0
       0
       0
       0
       0
       0
       0
       0
       0
       1
       0
       0
       1
       0
       1
       0
       0
       0
       1
       0
       0
       0
       1
       0
       0
       0
       0
       0
       0
       0
       0
       0
       0
       1
       0
       0
       0
       0
       0
       0
       0
       0
       0
       0
       0
       0
       0
       0
       0
       1
       0
       0
       0
       1
       0
       0
       1
       0
       0
       0
       0
       1
       0
       0
       0
       0
       0
       0
       0
       2
       0
       0
       0
       0
       0
       0
       0
       0
       1
       0
       0
       0
       0
       0
       0
       0
       0
       0
       0
       0
       1
       0
       0
       0
       0
       0
       0
       0
       0
       0
       0
       0
       2
       0
       0
       0
       0
       0
       0
       0
       0
       0
       0
       0
       0
       0
       0
       0
       0
       0
       0
       0
       0
       0
       0
       0
       0
       0
       1
       0
       1
       1
       0
       0
       0
       0
       0
       1
       0
       0
       0
       0
       0
       1
       0
       0
       0
       0
       0
       0
       0
       0
       0
       1
       1
       0
       0
       0
       0
       0
       0
       0
       0
       0
       0
       0
       0
       0
       0
       0
       1
       0
       0
       0
       0
       0
       0
       0
       0
       0
       0
       0
       0
       0
       0
       0
       0
       0
       0
       0
       0
       0
       0
       0
       1
       0
       0
       0
       0
       0
       0
       0
       0
       0
       0
       0
       0
       0
       0
       0
       0
       0
       0
       0
       0
       0
       0
       0
       1
       0
       0
       0
       0
       0
       0
       0
       0
       0
       0
       0
       0
       0
       0
       0
       0
       0
       0
       0
       0
       0
       0
       1
       0
       0
       0
       0
       0
       1
       0
       1
       0
       0
       0
       0
       0
       0
       1
       0
       0
       0
       0
       0
       1
       1
       0
       0
       0
       0
       0
       0
       0
       1
       0
       0
       1
       0
       0
       0
       0
       1
       0
       0
       0
       0
       0
       0
       0
       0
       0
       0
       0
       0
       0
       0
       0
       1
       1
       0
       1
       0
       0
       1
       0
       0
       0
       0
       0
       0
       0
       0
       0
       0
       0
       0
       0
       0
       0
       0
       0
       0
       0
       0
       0
       0
       0
       0
       0
       0
       0
       0
       0
       0
       0
       0
       0
       0
       0
       0
       0
       0
       0
       0
       0
       0
       1
       0
       1
       0
       0
       0
       0
       0
       0
       0
       0
       0
       0
       0
       1
       0
       0
       0
       0
       1
       0
       0
       0
       0
       0
       0
       0
       0
       0
       0
       0
       0
       1
       0
       0
       0
       0
       1
       0
       0
       0
       0
       0
       0
       0
       0
       0
       0
       0
       0
       0
       0
       0
       0
       0
       0
       0
       0
       0
       2
       1
       0
       0
       0
       0
       0
       0
       0
       0
       1
       0
       1
       0
       0
       0
       0
       0
       0
       0
       1
       0
       0
       0
       0
       0
       0
       0
       0
       1
       0
       0
       0
       0
       0
       0
       0
       0
       0
       0
       0
       0
       0
       0
       0
       0
       0
       0
       0
       0
       0
       0
       0
       0
       0
       0
       0
       0
       0
       0
       0
       0
       0
       0
$ROI:
0
$PRESETS:
Real Time
1800
0
$ENER_FIT:
-0.163132 0.241402
$MCA_CAL:
3
-1.631319E-001 2.414016E-001 0.000000E+000 keV
$SHAPE_CAL:
3
3.389885E+001 -6.502870E-003 0.000000E+000
