$SPEC_ID:
Central Velocity Selector Voltage
$SPEC_REM:
DET# 1
DETDESC# JLAB-11 MCB 132
AP# Maestro Version 7.01
$DATE_MEA:
10/19/2018 16:36:53
$MEAS_TIM:
1797 1800
$DATA:
0 2047
       0
       0
       0
       0
       0
       0
       0
       0
       0
       0
       0
       0
       0
       0
       0
       0
       0
       0
       0
       0
       0
       0
       0
       0
       0
       0
       0
       0
       0
       0
       0
       0
       0
       0
       0
       0
       0
       0
       0
       0
       0
       0
       0
       0
       0
       0
       0
       0
       0
       0
       0
       0
       0
       0
       0
       0
       0
       0
       0
       3
      23
      17
       8
      16
      17
      10
       6
       5
       5
       5
       3
       7
      11
       5
       3
       2
       7
       9
       4
       1
       3
       2
       6
       9
       3
       2
       2
       5
       2
       2
       7
       3
       2
       5
       4
       2
       5
       3
       2
       0
       1
       5
       2
       3
       3
       2
       0
       2
       3
       1
       3
       2
       1
       2
       1
       1
       4
       3
       4
       1
       0
       2
       1
       2
       3
       1
       2
       2
       4
       1
       2
       4
       0
       1
       0
       3
       1
       7
       1
       3
       4
       1
       2
       1
       1
       1
       2
       4
       3
       1
       2
       1
       2
       2
       2
       2
       3
       3
       1
       1
       3
       2
       1
       1
       4
       1
       0
       1
       2
       1
       1
       3
       1
       2
       7
       1
       5
       1
       3
       2
       5
       2
       2
       1
       0
       3
       3
       2
       3
       2
       0
       0
       3
       0
       4
       2
       4
       2
       1
       6
       1
       0
       1
       2
       3
       4
       3
       1
       1
       4
       3
       1
       2
       0
       0
       0
       4
       2
       1
       0
       2
       1
       2
       2
       3
       2
       2
       1
       4
       1
       4
       4
       0
       3
       3
       2
       0
       2
       3
       3
       1
       4
       3
       3
       1
       1
       1
       2
       2
       3
       4
       1
       4
       0
       3
       3
       1
       2
       2
       1
       3
       2
       1
       5
       0
       0
       0
       2
       1
       2
       2
       0
       0
       1
       0
       1
       0
       2
       0
       2
       2
       2
       2
       4
       4
       0
       2
       1
       2
       1
       1
       1
       1
       0
       0
       1
       2
       3
       1
       4
       2
       0
       1
       1
       2
       2
       0
       3
       1
       1
       0
       2
       1
       1
       1
       2
       0
       2
       1
       3
       1
       1
       3
       2
       1
       3
       0
       0
       3
       1
       2
       4
       2
       1
       2
       2
       1
       2
       1
       0
       3
       2
       3
       3
       2
       0
       1
       1
       0
       1
       1
       2
       4
       1
       1
       0
       1
       1
       2
       2
       2
       2
       2
       3
       0
       2
       3
       1
       1
       1
       3
       1
       2
       2
       0
       0
       3
       0
       0
       0
       1
       2
       0
       3
       1
       1
       1
       0
       0
       1
       2
       4
       0
       1
       1
       1
       3
       1
       2
       0
       0
       0
       0
       3
       3
       4
       1
       1
       1
       2
       1
       0
       1
       0
       2
       0
       1
       4
       3
       0
       2
       0
       0
       2
       4
       1
       1
       2
       0
       0
       2
       1
       1
       0
       1
       1
       0
       2
       1
       0
       1
       1
       1
       0
       2
       2
       0
       1
       3
       1
       1
       2
       0
       2
       1
       1
       2
       1
       1
       1
       1
       1
       0
       1
       0
       1
       0
       2
       0
       3
       2
       6
       1
       0
       1
       1
       0
       0
       2
       2
       3
       0
       2
       1
       2
       1
       1
       1
       1
       0
       1
       1
       0
       1
       0
       0
       2
       0
       0
       2
       3
       3
       0
       3
       1
       1
       0
       1
       0
       0
       2
       1
       0
       0
       0
       1
       0
       2
       1
       1
       1
       0
       0
       1
       1
       1
       0
       0
       2
       1
       2
       1
       1
       1
       1
       1
       0
       0
       2
       0
       1
       0
       0
       1
       1
       2
       0
       0
       1
       0
       2
       0
       0
       2
       0
       1
       3
       0
       2
       3
       1
       0
       2
       2
       1
       0
       1
       2
       2
       1
       1
       0
       0
       1
       0
       2
       2
       2
       2
       0
       2
       2
       0
       0
       0
       3
       1
       1
       0
       0
       0
       0
       0
       1
       0
       0
       0
       1
       1
       0
       0
       0
       0
       0
       1
       0
       0
       0
       2
       0
       2
       1
       1
       1
       3
       1
       1
       1
       1
       0
       0
       1
       1
       0
       1
       3
       0
       0
       2
       1
       0
       1
       1
       3
       1
       4
       1
       0
       1
       2
       2
       2
       0
       2
       1
       3
       3
       2
       1
       2
       1
       0
       1
       0
       1
       0
       2
       2
       0
       2
       2
       3
       5
       3
       2
       3
       2
       3
       6
       2
       1
       2
       1
       4
       2
       1
       4
       3
       3
       4
       4
       3
       4
       5
       1
       3
       5
       5
       4
       2
       3
       7
       7
       4
      14
      10
       9
       5
       6
      10
      13
      20
      19
      13
      21
      24
      36
      25
      29
      33
      29
      42
      41
      44
      39
      49
      62
      50
      47
      58
      52
      69
      51
      60
      59
      59
      68
      50
      54
      60
      52
      54
      53
      40
      47
      48
      31
      29
      34
      35
      34
      22
      15
      15
      14
      10
      18
      12
       6
      12
      18
       3
       4
       3
       6
       8
       4
       2
       0
       1
       3
       1
       0
       0
       3
       1
       0
       0
       2
       0
       0
       0
       1
       0
       0
       0
       1
       0
       1
       1
       0
       1
       1
       0
       0
       1
       0
       0
       0
       0
       0
       0
       0
       0
       0
       0
       0
       0
       0
       0
       0
       0
       1
       0
       0
       0
       0
       0
       0
       1
       1
       0
       0
       1
       1
       1
       0
       0
       0
       0
       0
       0
       0
       0
       1
       0
       0
       1
       0
       0
       1
       0
       0
       0
       1
       0
       0
       0
       0
       0
       0
       0
       0
       0
       0
       0
       0
       0
       0
       0
       0
       0
       0
       0
       0
       0
       0
       0
       0
       0
       0
       0
       0
       0
       1
       0
       0
       0
       0
       1
       0
       0
       0
       0
       0
       0
       0
       0
       0
       0
       0
       2
       0
       0
       0
       0
       0
       0
       1
       0
       0
       0
       0
       0
       0
       0
       0
       1
       0
       2
       0
       0
       0
       0
       0
       0
       0
       0
       0
       0
       0
       1
       0
       1
       0
       0
       2
       0
       0
       0
       0
       1
       0
       0
       0
       0
       0
       0
       0
       1
       0
       0
       0
       0
       0
       0
       1
       0
       1
       2
       0
       0
       0
       0
       0
       0
       1
       0
       0
       0
       0
       0
       1
       0
       0
       1
       0
       0
       0
       0
       0
       0
       0
       0
       0
       0
       0
       0
       1
       0
       0
       0
       0
       0
       0
       0
       0
       0
       0
       0
       0
       0
       0
       1
       0
       0
       0
       0
       1
       0
       2
       0
       0
       0
       0
       0
       0
       0
       0
       1
       0
       0
       0
       1
       0
       1
       0
       0
       0
       0
       1
       0
       0
       1
       0
       1
       0
       0
       0
       0
       1
       0
       0
       0
       1
       1
       0
       0
       0
       0
       0
       1
       0
       0
       0
       0
       0
       0
       0
       0
       0
       0
       0
       0
       0
       0
       1
       0
       1
       0
       0
       0
       0
       0
       0
       0
       1
       0
       0
       0
       1
       0
       0
       0
       0
       0
       0
       0
       0
       1
       0
       0
       0
       0
       1
       0
       0
       1
       0
       0
       0
       0
       0
       1
       0
       0
       1
       0
       0
       1
       0
       1
       2
       0
       0
       0
       0
       2
       0
       1
       0
       0
       0
       2
       0
       0
       0
       0
       0
       2
       1
       0
       1
       0
       0
       0
       0
       0
       0
       0
       0
       0
       0
       0
       1
       0
       0
       0
       0
       0
       0
       0
       0
       0
       0
       0
       0
       0
       0
       1
       1
       0
       0
       1
       1
       0
       0
       0
       1
       0
       0
       0
       1
       1
       1
       2
       0
       0
       0
       0
       2
       0
       0
       0
       0
       1
       0
       0
       0
       0
       0
       0
       0
       1
       0
       0
       0
       0
       0
       0
       1
       0
       0
       0
       0
       0
       0
       0
       0
       0
       0
       1
       0
       0
       0
       0
       0
       0
       1
       1
       0
       0
       0
       0
       0
       0
       0
       0
       0
       1
       1
       1
       0
       1
       0
       0
       0
       0
       0
       0
       0
       0
       0
       0
       0
       0
       0
       1
       1
       0
       0
       0
       0
       0
       0
       0
       1
       0
       0
       2
       0
       0
       0
       0
       1
       0
       0
       0
       0
       0
       0
       0
       0
       0
       0
       0
       1
       0
       0
       0
       0
       0
       0
       0
       0
       0
       0
       0
       0
       2
       0
       0
       1
       0
       0
       1
       0
       2
       1
       0
       0
       0
       0
       0
       0
       0
       0
       0
       1
       0
       0
       0
       1
       0
       0
       0
       0
       0
       1
       0
       0
       2
       1
       1
       0
       0
       0
       0
       0
       0
       0
       0
       0
       0
       1
       1
       0
       0
       0
       0
       0
       1
       0
       1
       0
       0
       0
       1
       0
       0
       0
       0
       1
       0
       0
       2
       1
       0
       0
       1
       1
       1
       0
       1
       0
       1
       2
       0
       1
       0
       2
       0
       1
       0
       1
       0
       0
       0
       1
       0
       0
       0
       0
       1
       0
       1
       0
       0
       0
       0
       1
       0
       1
       0
       0
       0
       0
       0
       0
       0
       0
       1
       0
       0
       1
       0
       0
       0
       0
       0
       0
       1
       0
       0
       0
       0
       0
       0
       0
       0
       0
       0
       2
       0
       0
       0
       0
       0
       2
       0
       1
       1
       1
       1
       0
       0
       1
       0
       0
       0
       0
       0
       0
       1
       0
       0
       1
       0
       0
       2
       0
       0
       0
       0
       0
       0
       0
       1
       0
       0
       0
       0
       0
       0
       0
       0
       0
       0
       1
       1
       2
       0
       0
       0
       0
       0
       0
       0
       0
       0
       0
       0
       0
       0
       1
       0
       0
       1
       0
       0
       0
       1
       0
       0
       0
       0
       0
       0
       0
       0
       0
       1
       0
       0
       0
       0
       0
       0
       0
       0
       1
       0
       0
       1
       0
       0
       0
       0
       0
       0
       0
       0
       0
       0
       0
       0
       0
       0
       0
       0
       0
       0
       0
       0
       0
       0
       0
       0
       0
       0
       1
       0
       0
       0
       0
       1
       0
       0
       0
       0
       0
       0
       1
       0
       0
       0
       0
       0
       1
       0
       0
       0
       0
       1
       0
       0
       0
       0
       0
       0
       0
       0
       1
       0
       0
       0
       0
       0
       0
       0
       0
       0
       0
       0
       0
       0
       0
       0
       0
       0
       0
       0
       0
       0
       0
       0
       0
       0
       0
       0
       0
       0
       0
       0
       0
       0
       0
       0
       0
       0
       1
       0
       0
       0
       0
       0
       0
       1
       0
       0
       0
       0
       0
       0
       0
       1
       0
       0
       0
       0
       0
       0
       0
       0
       0
       0
       0
       0
       0
       0
       0
       0
       0
       1
       0
       0
       0
       0
       0
       0
       0
       0
       0
       0
       0
       0
       0
       0
       0
       0
       0
       0
       0
       0
       0
       0
       0
       0
       0
       0
       0
       0
       0
       0
       0
       0
       0
       0
       0
       0
       0
       0
       0
       0
       0
       0
       0
       0
       0
       0
       0
       0
       0
       0
       0
       0
       0
       0
       0
       0
       0
       0
       0
       0
       0
       0
       0
       0
       0
       0
       0
       0
       0
       0
       0
       0
       0
       0
       0
       0
       0
       0
       0
       0
       0
       0
       0
       1
       0
       0
       0
       0
       0
       0
       0
       0
       0
       0
       0
       0
       1
       0
       0
       0
       0
       1
       0
       0
       0
       0
       0
       0
       0
       0
       0
       0
       0
       0
       0
       0
       0
       0
       0
       0
       0
       0
       0
       0
       0
       0
       0
       0
       0
       0
       0
       0
       0
       0
       0
       0
       0
       0
       0
       0
       0
       0
       1
       0
       0
       0
       1
       0
       0
       0
       0
       0
       0
       0
       0
       0
       0
       0
       0
       0
       0
       1
       0
       0
       0
       0
       0
       0
       0
       0
       0
       0
       0
       0
       0
       0
       0
       0
       0
       0
       0
       0
       0
       0
       0
       0
       0
       0
       0
       0
       0
       0
       0
       0
       0
       0
       0
       0
       0
       0
       0
       0
       0
       0
       0
       0
       0
       0
       0
       0
       0
       0
       0
       0
       0
       0
       0
       0
       0
       0
       0
       0
       0
       0
       0
       0
       0
       0
       0
       0
       0
       0
       0
       0
       0
       0
       0
       0
       0
       0
       0
       0
       0
       0
       0
       0
       0
       0
       0
       0
       0
       0
       0
       0
       0
       0
       0
       0
       0
       0
       0
       0
       0
       0
       0
       0
       0
       0
       0
       0
       0
       0
       0
       1
       0
       0
       0
       0
       0
       0
       0
       0
       0
       0
       0
       0
       0
       0
       0
       0
       0
       0
       0
       0
       0
       0
       0
       0
       0
       0
       0
       0
       0
       0
       0
       0
       0
       0
       0
       0
       0
       0
       0
       0
       0
       0
       0
       0
       0
       0
       0
       0
       0
       0
       0
       0
       0
       0
       0
       0
       0
       0
       0
       0
       0
       0
       0
       0
       0
       0
       0
       0
       0
       1
       0
       0
       1
       0
       0
       0
       0
       0
       0
       0
       0
       0
       0
       0
       0
       0
       0
       0
       0
       0
       0
       0
       0
       0
       0
       0
       0
       0
       0
       0
       0
       0
       0
       0
       0
       0
       0
       0
       0
       0
       0
       0
       0
       0
       0
       0
       0
       0
       0
       0
       0
       0
       0
       0
       0
       0
       0
       0
       0
       0
       0
       0
       0
       0
       0
       0
       0
       0
       0
       0
       0
       0
       0
       0
       0
       0
       0
       0
       0
       0
$ROI:
0
$PRESETS:
Real Time
1800
0
$ENER_FIT:
-0.163132 0.241402
$MCA_CAL:
3
-1.631319E-001 2.414016E-001 0.000000E+000 keV
$SHAPE_CAL:
3
3.389885E+001 -6.502870E-003 0.000000E+000
