$SPEC_ID:
Central Velocity Selector Voltage
$SPEC_REM:
DET# 1
DETDESC# JLAB-11 MCB 132
AP# Maestro Version 7.01
$DATE_MEA:
10/17/2018 16:25:50
$MEAS_TIM:
1764 1800
$DATA:
0 2047
       0
       0
       0
       0
       0
       0
       0
       0
       0
       0
       0
       0
       0
       0
       0
       0
       0
       0
       0
       0
       0
       0
       0
       0
       0
       0
       0
       0
       0
       0
       0
       0
       0
       0
       0
       0
       0
       0
       0
       0
       0
       0
       0
       0
       0
       0
       0
       0
       0
       0
       0
       0
       0
       0
       0
       0
       0
       0
       0
     629
    8780
    8355
    7755
    6980
    6495
    6110
    5656
    5176
    4720
    4338
    4142
    3846
    3510
    3060
    3032
    2636
    2427
    2143
    1975
    1690
    1544
    1382
    1178
    1089
    1001
     903
     837
     754
     711
     739
     688
     625
     679
     766
     798
     850
     927
    1024
    1076
    1149
    1316
    1451
    1532
    1664
    1839
    1925
    2124
    2186
    2348
    2545
    2567
    2807
    2756
    2961
    2990
    2991
    3088
    3146
    3149
    3125
    3156
    3106
    3040
    3064
    2926
    2858
    2837
    2578
    2542
    2343
    2240
    2034
    1926
    1742
    1667
    1520
    1446
    1247
    1132
    1023
     927
     813
     692
     636
     527
     452
     398
     304
     268
     253
     220
     159
     154
     110
     100
      77
      57
      61
      42
      34
      38
      24
      14
      12
       8
       9
      13
       4
       4
       5
       0
       0
       0
       2
       2
       0
       6
       3
       2
       4
       6
       0
       3
       3
       2
       1
       2
       1
       2
       1
       0
       1
       1
       2
       2
       1
       4
       0
       1
       0
       1
       3
       0
       2
       4
       4
       2
       2
       3
       2
       5
       2
       3
       3
       2
       1
       3
       1
       2
       1
       4
       0
       1
       1
       0
       3
       4
       2
       1
       2
       3
       2
       2
       0
       5
       2
       6
       3
       2
       3
       2
       3
       1
       1
       2
       3
       2
       3
       5
       2
       1
       0
       0
       2
       0
       1
       0
       0
       3
       0
       1
       3
       0
       0
       1
       2
       1
       0
       1
       0
       4
       2
       1
       1
       3
       1
       3
       1
       1
       0
       2
       2
       2
       2
       1
       0
       3
       1
       2
       2
       1
       3
       2
       0
       2
       3
       0
       1
       4
       1
       1
       1
       2
       2
       4
       1
       0
       1
       2
       5
       1
       3
       4
       3
       0
       0
       2
       1
       3
       0
       0
       1
       2
       1
       2
       3
       2
       0
       0
       1
       1
       1
       3
       1
       5
       1
       1
       2
       0
       0
       2
       5
       0
       1
       0
       5
       1
       2
       0
       2
       1
       1
       3
       2
       1
       2
       1
       2
       1
       2
       1
       1
       2
       3
       0
       1
       2
       2
       2
       3
       3
       2
       0
       3
       1
       2
       3
       0
       3
       0
       0
       0
       0
       0
       4
       1
       3
       2
       3
       2
       4
       1
       3
       1
       2
       0
       7
       4
       1
       0
       2
       2
       0
       0
       4
       1
       1
       1
       0
       0
       2
       1
       3
       0
       0
       1
       2
       2
       1
       1
       1
       2
       3
       3
       2
       2
       1
       2
       2
       3
       0
       1
       0
       1
       1
       3
       2
       2
       1
       2
       3
       0
       2
       0
       4
       0
       0
       1
       0
       1
       1
       2
       5
       0
       0
       2
       1
       1
       2
       2
       1
       0
       1
       0
       1
       0
       1
       3
       1
       2
       0
       3
       0
       1
       1
       2
       1
       1
       2
       2
       1
       1
       0
       0
       2
       2
       1
       3
       3
       2
       3
       3
       1
       1
       1
       2
       1
       1
       2
       2
       2
       2
       1
       1
       2
       2
       1
       2
       2
       2
       1
       1
       4
       0
       0
       1
       3
       2
       1
       3
       3
       0
       3
       1
       1
       1
       2
       1
       1
       1
       1
       1
       0
       1
       1
       1
       3
       0
       1
       1
       2
       3
       2
       3
       1
       1
       1
       1
       1
       0
       0
       3
       1
       0
       1
       0
       0
       1
       1
       1
       0
       1
       0
       1
       0
       0
       2
       2
       1
       0
       1
       1
       1
       1
       2
       1
       1
       0
       1
       0
       0
       0
       1
       0
       2
       0
       1
       1
       2
       2
       1
       1
       0
       1
       0
       0
       1
       0
       0
       2
       2
       1
       2
       0
       1
       1
       0
       0
       0
       1
       2
       1
       1
       1
       3
       1
       1
       1
       0
       0
       0
       0
       2
       0
       1
       0
       2
       1
       2
       2
       0
       2
       0
       0
       1
       2
       2
       2
       1
       0
       0
       1
       0
       0
       1
       0
       0
       0
       1
       3
       1
       1
       0
       1
       1
       0
       2
       0
       3
       1
       0
       0
       0
       2
       1
       3
       1
       0
       2
       0
       0
       1
       1
       2
       0
       1
       0
       1
       0
       2
       0
       1
       0
       2
       1
       1
       1
       0
       2
       0
       1
       1
       2
       0
       1
       0
       1
       0
       1
       3
       0
       0
       3
       3
       2
       0
       2
       0
       1
       0
       1
       1
       1
       0
       1
       3
       1
       0
       2
       0
       1
       2
       1
       0
       2
       4
       3
       1
       1
       2
       0
       2
       1
       4
       3
       2
       0
       1
       1
       0
       2
       1
       1
       0
       2
       1
       1
       3
       1
       1
       1
       1
       1
       2
       2
       5
       4
       2
       7
       3
       2
       3
       1
       5
       3
       3
       1
       4
       1
       6
       5
       3
       6
       2
       4
       3
       8
       3
       3
       6
       7
       5
       5
       5
       7
       2
       7
       7
      15
      11
      14
      15
      16
       5
      16
      19
      14
      20
      17
      27
      24
      34
      44
      33
      38
      27
      40
      33
      39
      41
      41
      51
      44
      56
      40
      52
      54
      62
      53
      50
      49
      63
      68
      67
      57
      54
      58
      55
      48
      48
      51
      47
      48
      58
      59
      52
      47
      51
      35
      44
      29
      41
      26
      35
      19
      22
      27
      25
      27
      22
      11
      24
      12
      10
      14
      12
       7
       4
       6
       2
       6
       3
       1
       3
       3
       3
       3
       2
       1
       2
       1
       0
       0
       1
       2
       1
       1
       2
       1
       0
       1
       0
       0
       0
       0
       0
       4
       1
       0
       0
       0
       1
       1
       0
       0
       1
       0
       0
       0
       0
       0
       0
       1
       0
       1
       0
       0
       0
       0
       0
       0
       0
       0
       0
       0
       0
       0
       0
       0
       1
       1
       2
       0
       1
       0
       1
       0
       0
       1
       0
       0
       0
       0
       1
       0
       0
       0
       1
       0
       0
       0
       1
       0
       0
       1
       0
       2
       0
       0
       2
       0
       1
       0
       0
       1
       0
       0
       0
       0
       0
       0
       0
       0
       0
       0
       0
       1
       0
       2
       0
       0
       0
       0
       0
       0
       1
       0
       0
       0
       0
       1
       0
       0
       0
       0
       1
       0
       0
       0
       0
       0
       0
       0
       0
       1
       0
       1
       0
       0
       0
       1
       0
       0
       0
       1
       1
       0
       0
       0
       0
       0
       1
       0
       0
       0
       0
       0
       0
       0
       0
       0
       0
       1
       0
       0
       0
       0
       0
       0
       1
       1
       0
       0
       1
       1
       0
       0
       1
       0
       0
       0
       0
       0
       1
       0
       0
       0
       0
       0
       0
       1
       1
       0
       0
       0
       1
       0
       0
       0
       0
       0
       0
       0
       0
       0
       0
       0
       0
       1
       0
       0
       0
       1
       0
       1
       1
       0
       0
       0
       0
       0
       0
       0
       0
       0
       0
       0
       0
       0
       0
       0
       0
       0
       0
       0
       0
       0
       0
       0
       0
       1
       0
       0
       0
       0
       0
       1
       0
       0
       0
       0
       0
       0
       0
       1
       0
       0
       0
       0
       0
       0
       0
       0
       0
       0
       0
       0
       0
       0
       0
       0
       1
       0
       0
       0
       0
       0
       0
       1
       0
       0
       0
       1
       1
       0
       1
       0
       0
       1
       0
       0
       0
       1
       0
       1
       0
       1
       1
       0
       0
       0
       1
       0
       0
       0
       1
       0
       0
       1
       0
       0
       0
       0
       0
       1
       0
       1
       0
       0
       0
       0
       0
       0
       0
       0
       0
       0
       0
       0
       0
       1
       1
       0
       0
       0
       0
       0
       1
       0
       0
       0
       0
       1
       0
       0
       0
       0
       0
       0
       0
       0
       0
       1
       0
       1
       0
       0
       0
       0
       0
       0
       0
       0
       0
       0
       0
       0
       2
       0
       0
       0
       1
       2
       0
       0
       0
       0
       0
       0
       0
       0
       0
       1
       0
       1
       0
       0
       0
       0
       0
       0
       0
       1
       0
       0
       1
       0
       0
       1
       1
       0
       1
       0
       0
       1
       0
       0
       0
       2
       0
       1
       0
       1
       1
       0
       0
       2
       0
       0
       0
       0
       0
       1
       1
       0
       0
       0
       0
       1
       0
       1
       0
       0
       0
       0
       0
       0
       0
       0
       0
       0
       0
       0
       0
       0
       0
       0
       0
       1
       0
       0
       0
       0
       1
       0
       1
       0
       0
       0
       1
       0
       0
       0
       0
       0
       0
       0
       0
       0
       0
       0
       2
       1
       1
       0
       0
       0
       0
       0
       0
       0
       0
       2
       0
       0
       0
       0
       0
       0
       2
       0
       0
       0
       0
       0
       0
       1
       0
       0
       0
       1
       0
       0
       0
       0
       0
       0
       0
       0
       1
       0
       0
       0
       0
       1
       0
       1
       0
       0
       0
       0
       1
       0
       0
       0
       0
       2
       1
       0
       0
       1
       0
       0
       1
       1
       0
       0
       2
       0
       0
       0
       0
       0
       1
       0
       0
       0
       0
       0
       0
       0
       1
       0
       1
       0
       1
       0
       0
       1
       0
       2
       1
       1
       0
       0
       0
       0
       0
       0
       0
       1
       0
       0
       0
       0
       1
       0
       0
       0
       0
       0
       0
       0
       1
       1
       0
       0
       0
       0
       0
       0
       1
       0
       0
       1
       1
       1
       0
       0
       1
       0
       0
       0
       0
       0
       0
       0
       1
       0
       0
       0
       1
       2
       0
       0
       0
       1
       0
       0
       0
       0
       1
       1
       0
       0
       0
       0
       1
       1
       0
       0
       0
       0
       0
       0
       0
       0
       0
       0
       0
       0
       0
       0
       0
       1
       2
       2
       0
       0
       0
       0
       1
       0
       1
       0
       1
       0
       0
       0
       0
       0
       0
       1
       0
       1
       0
       0
       0
       0
       0
       1
       1
       0
       0
       0
       0
       0
       0
       0
       0
       0
       0
       0
       0
       1
       0
       0
       0
       0
       0
       0
       0
       0
       0
       0
       0
       0
       1
       1
       0
       0
       0
       0
       0
       1
       0
       0
       0
       0
       0
       0
       0
       0
       0
       1
       0
       0
       0
       1
       0
       0
       0
       0
       0
       1
       0
       0
       1
       0
       0
       0
       0
       0
       0
       0
       0
       0
       1
       0
       1
       0
       0
       0
       0
       0
       0
       0
       1
       1
       0
       0
       0
       0
       0
       0
       0
       0
       0
       0
       0
       0
       0
       0
       0
       0
       1
       0
       0
       1
       0
       0
       1
       0
       1
       0
       0
       0
       0
       0
       0
       0
       0
       0
       2
       0
       0
       0
       0
       0
       0
       0
       1
       0
       0
       0
       2
       0
       0
       0
       0
       0
       0
       0
       0
       0
       0
       0
       0
       0
       0
       0
       0
       0
       0
       0
       0
       1
       0
       0
       0
       0
       0
       0
       0
       0
       0
       0
       0
       0
       0
       0
       0
       0
       0
       0
       0
       0
       0
       0
       0
       0
       0
       0
       0
       0
       2
       1
       0
       0
       0
       1
       0
       0
       0
       1
       0
       0
       0
       0
       0
       0
       0
       0
       0
       0
       0
       0
       0
       0
       0
       0
       0
       0
       0
       0
       0
       0
       0
       0
       0
       0
       0
       0
       0
       0
       0
       0
       0
       0
       0
       0
       0
       0
       0
       0
       1
       0
       0
       0
       0
       0
       0
       0
       0
       0
       0
       0
       0
       0
       0
       0
       0
       0
       0
       0
       0
       0
       0
       0
       0
       0
       0
       0
       0
       0
       0
       0
       0
       0
       0
       0
       0
       0
       0
       0
       0
       0
       0
       0
       0
       0
       0
       0
       0
       0
       0
       0
       0
       0
       0
       0
       0
       0
       0
       0
       0
       0
       0
       0
       0
       0
       0
       0
       0
       0
       0
       0
       0
       0
       0
       0
       0
       0
       0
       1
       0
       0
       0
       0
       0
       0
       0
       0
       0
       0
       0
       1
       0
       0
       0
       0
       0
       0
       0
       0
       0
       0
       0
       0
       0
       0
       0
       0
       0
       0
       0
       0
       0
       0
       0
       0
       0
       0
       1
       0
       0
       0
       0
       0
       0
       0
       0
       0
       0
       0
       0
       1
       0
       0
       0
       0
       0
       0
       0
       0
       0
       0
       0
       0
       0
       0
       0
       0
       0
       0
       0
       0
       0
       0
       0
       0
       0
       0
       0
       0
       0
       0
       0
       0
       0
       0
       0
       0
       0
       0
       0
       0
       0
       0
       0
       0
       0
       0
       0
       0
       0
       0
       0
       0
       0
       0
       0
       0
       0
       0
       0
       0
       0
       0
       0
       0
       0
       0
       1
       0
       0
       0
       0
       0
       0
       0
       0
       0
       0
       0
       0
       0
       0
       0
       0
       0
       0
       0
       0
       0
       0
       0
       0
       0
       0
       0
       0
       0
       0
       0
       0
       0
       0
       1
       0
       0
       0
       0
       0
       0
       0
       0
       0
       0
       0
       0
       0
       0
       0
       0
       0
       0
       0
       0
       0
       0
       0
       0
       0
       0
       0
       0
       0
       0
       0
       0
       0
       0
       0
       0
       0
       0
       0
       0
       0
       0
       0
       0
       0
       0
       0
       0
       0
       0
       0
       0
       0
       0
       0
       0
       0
       0
       0
$ROI:
0
$PRESETS:
Real Time
1800
0
$ENER_FIT:
-0.163132 0.241402
$MCA_CAL:
3
-1.631319E-001 2.414016E-001 0.000000E+000 keV
$SHAPE_CAL:
3
3.389885E+001 -6.502870E-003 0.000000E+000
