$SPEC_ID:
Central Velocity Selector Voltage
$SPEC_REM:
DET# 1
DETDESC# JLAB-11 MCB 132
AP# Maestro Version 7.01
$DATE_MEA:
10/22/2018 14:29:57
$MEAS_TIM:
1781 1800
$DATA:
0 2047
       0
       0
       0
       1
       0
       0
       0
       0
       0
       0
       0
       0
       0
       0
       0
       0
       0
       0
       0
       0
       0
       0
       0
       0
       0
       0
       0
       0
       0
       0
       0
       0
       0
       0
       0
       0
       0
       0
       0
       0
       0
       0
       0
       0
       0
       0
       0
       0
       0
       0
       0
       0
       0
       0
       0
       0
       0
       0
       0
     192
    3291
    3106
    2631
    2354
    2043
    1724
    1485
    1239
    1105
     981
     813
     739
     589
     529
     396
     366
     279
     238
     187
     154
     121
      94
      76
      62
      66
      42
      31
      25
      27
      15
       9
      16
       8
      11
       3
       5
       4
       5
       8
       2
       5
       1
       3
       4
       1
       3
       0
       1
       3
       3
       0
       4
       1
       2
       0
       3
       3
       2
       0
       2
       5
       3
       2
       2
       3
       1
       2
       3
       3
       4
       2
       0
       3
       3
       7
       3
       5
       1
       2
       3
       2
       2
       2
       2
       1
       4
       0
       1
       1
       3
       2
       1
       2
       1
       4
       1
       2
       2
       1
       0
       0
       3
       1
       2
       3
       4
       0
       0
       1
       6
       4
       3
       2
       0
       1
       2
       0
       1
       4
       0
       3
       3
       2
       0
       1
       3
       4
       4
       2
       2
       4
       3
       2
       0
       3
       1
       2
       0
       2
       2
       3
       1
       2
       3
       0
       1
       2
       5
       1
       3
       3
       3
       0
       2
       0
       3
       1
       2
       2
       2
       1
       2
       4
       0
       1
       6
       5
       3
       1
       3
       1
       3
       4
       6
       0
       3
       1
       2
       3
       1
       2
       0
       0
       4
       3
       0
       3
       4
       1
       2
       3
       3
       2
       1
       1
       2
       3
       2
       3
       1
       1
       1
       2
       2
       1
       2
       2
       2
       4
       4
       1
       4
       1
       3
       0
       2
       1
       4
       3
       2
       1
       3
       1
       1
       0
       3
       2
       2
       3
       2
       1
       1
       0
       2
       1
       3
       2
       0
       1
       3
       2
       1
       0
       0
       3
       1
       2
       0
       0
       4
       2
       0
       4
       2
       0
       5
       0
       2
       3
       1
       2
       1
       1
       0
       2
       1
       0
       3
       1
       4
       1
       3
       3
       2
       1
       3
       1
       0
       1
       1
       2
       1
       3
       1
       3
       1
       2
       3
       2
       0
       0
       1
       0
       3
       3
       1
       1
       1
       1
       4
       4
       3
       1
       2
       1
       5
       1
       2
       0
       0
       1
       2
       1
       3
       3
       1
       3
       2
       1
       1
       0
       1
       3
       1
       3
       1
       2
       5
       2
       1
       4
       0
       3
       4
       1
       2
       1
       1
       2
       3
       1
       1
       1
       3
       3
       2
       2
       3
       1
       2
       1
       2
       0
       1
       2
       1
       3
       0
       1
       3
       1
       3
       2
       2
       0
       0
       1
       2
       3
       1
       2
       0
       0
       1
       2
       3
       2
       3
       1
       2
       2
       4
       5
       2
       1
       2
       0
       2
       4
       1
       1
       3
       2
       1
       3
       1
       0
       1
       4
       0
       1
       1
       0
       1
       3
       2
       0
       1
       1
       1
       2
       0
       1
       1
       1
       3
       2
       2
       3
       2
       2
       0
       3
       1
       2
       3
       2
       1
       0
       2
       3
       2
       1
       1
       2
       3
       1
       2
       2
       0
       4
       2
       2
       1
       0
       3
       1
       1
       3
       5
       0
       2
       1
       1
       1
       1
       1
       5
       1
       2
       0
       1
       0
       0
       2
       0
       1
       1
       0
       0
       2
       0
       2
       2
       2
       3
       1
       2
       2
       0
       2
       1
       2
       0
       3
       0
       2
       0
       1
       4
       1
       0
       1
       3
       2
       0
       0
       2
       1
       0
       1
       1
       1
       0
       3
       2
       0
       2
       0
       3
       0
       0
       1
       1
       2
       0
       2
       0
       2
       3
       2
       3
       1
       2
       2
       1
       2
       1
       0
       3
       0
       0
       0
       2
       0
       1
       1
       2
       1
       2
       2
       1
       5
       2
       3
       2
       0
       3
       1
       2
       2
       2
       1
       2
       1
       2
       0
       2
       1
       1
       0
       1
       0
       0
       0
       2
       3
       1
       3
       1
       1
       1
       4
       4
       2
       1
       1
       4
       0
       1
       0
       2
       1
       2
       2
       1
       1
       0
       3
       1
       1
       0
       0
       0
       2
       1
       1
       2
       0
       3
       4
       0
       2
       3
       0
       1
       0
       0
       1
       3
       1
       0
       0
       1
       2
       0
       0
       0
       1
       2
       0
       2
       2
       2
       1
       3
       0
       0
       1
       0
       2
       1
       1
       1
       4
       1
       0
       2
       0
       0
       1
       0
       2
       1
       1
       0
       1
       0
       2
       0
       0
       0
       1
       1
       1
       0
       0
       2
       1
       0
       1
       1
       3
       1
       0
       0
       0
       1
       2
       3
       1
       0
       2
       0
       2
       4
       1
       5
       0
       1
       0
       2
       0
       1
       2
       2
       1
       1
       0
       2
       2
       1
       1
       2
       1
       1
       1
       3
       1
       1
       1
       1
       1
       1
       3
       1
       2
       1
       0
       0
       3
       4
       2
       0
       3
       2
       5
       3
       1
       3
       3
       0
       1
       3
       0
       5
       0
       1
       3
       2
       5
       0
       0
       1
       3
       1
       1
       0
       2
       3
       0
       0
       0
       4
       2
       2
       5
       4
       2
       1
       7
       1
       0
       2
       3
       1
       4
       1
       1
       4
       1
       2
       2
       2
       4
       8
       2
       4
       6
       4
       2
       3
       3
       6
       6
       5
       4
       1
       5
       6
       5
       7
      18
      11
       6
      13
      12
      11
       8
      13
      19
      11
      16
      16
      20
      25
      25
      20
      23
      17
      30
      31
      28
      32
      44
      40
      44
      43
      46
      64
      43
      42
      65
      81
      70
      73
      59
      69
      70
      73
      64
      61
      86
      83
      89
      71
      62
      64
      70
      58
      67
      58
      57
      68
      67
      64
      56
      55
      43
      39
      40
      34
      34
      32
      23
      30
      25
      19
      31
      25
      13
       7
      10
       7
       6
       8
       5
       6
       9
      10
       5
       4
       2
       3
       2
       2
       1
       1
       2
       3
       1
       0
       1
       0
       0
       0
       0
       1
       1
       1
       0
       0
       0
       1
       0
       2
       0
       0
       1
       0
       1
       0
       0
       0
       0
       0
       0
       0
       0
       0
       0
       0
       1
       1
       0
       0
       1
       0
       0
       0
       0
       0
       1
       0
       0
       0
       0
       0
       1
       0
       0
       1
       0
       0
       0
       0
       0
       0
       0
       0
       0
       1
       2
       0
       0
       1
       0
       0
       2
       0
       1
       0
       0
       0
       0
       0
       1
       1
       1
       1
       0
       0
       0
       0
       0
       0
       0
       0
       1
       1
       1
       0
       0
       0
       0
       0
       0
       0
       1
       1
       0
       0
       1
       0
       0
       0
       0
       0
       0
       1
       1
       0
       0
       0
       0
       0
       0
       1
       2
       0
       0
       0
       0
       1
       0
       1
       0
       0
       0
       0
       0
       1
       0
       0
       0
       0
       1
       1
       0
       0
       0
       0
       1
       1
       1
       0
       0
       0
       0
       0
       0
       1
       1
       1
       0
       0
       0
       0
       0
       0
       0
       0
       0
       0
       0
       1
       0
       0
       0
       0
       0
       0
       0
       0
       0
       1
       0
       1
       0
       0
       0
       0
       0
       0
       0
       1
       0
       0
       0
       0
       0
       0
       0
       0
       1
       0
       1
       0
       0
       1
       0
       0
       0
       0
       0
       2
       0
       1
       0
       0
       0
       1
       0
       0
       0
       0
       0
       0
       1
       0
       0
       1
       0
       0
       0
       0
       0
       1
       0
       0
       0
       0
       1
       0
       0
       1
       1
       1
       1
       1
       0
       0
       0
       0
       0
       0
       0
       1
       1
       0
       0
       0
       3
       0
       1
       0
       0
       1
       0
       0
       0
       0
       0
       0
       1
       0
       0
       0
       0
       0
       0
       0
       0
       0
       0
       0
       0
       0
       0
       0
       1
       0
       0
       1
       0
       0
       0
       1
       0
       0
       0
       0
       0
       0
       0
       1
       0
       0
       0
       0
       0
       0
       0
       0
       0
       0
       0
       1
       0
       0
       0
       2
       1
       0
       0
       1
       0
       0
       1
       0
       0
       0
       0
       0
       0
       0
       1
       1
       0
       1
       1
       0
       0
       1
       0
       0
       0
       0
       0
       0
       0
       0
       0
       0
       1
       0
       0
       0
       1
       1
       0
       0
       1
       1
       0
       1
       1
       0
       0
       0
       0
       0
       2
       0
       0
       0
       1
       0
       1
       0
       0
       0
       1
       1
       0
       0
       0
       0
       0
       0
       1
       0
       0
       0
       0
       1
       1
       0
       1
       0
       0
       1
       0
       1
       0
       1
       0
       1
       0
       0
       0
       0
       0
       0
       0
       0
       0
       0
       0
       0
       0
       0
       0
       0
       1
       1
       1
       0
       1
       0
       0
       0
       1
       0
       0
       0
       0
       0
       0
       0
       0
       0
       0
       1
       0
       1
       0
       0
       0
       1
       1
       0
       0
       1
       0
       0
       0
       0
       0
       0
       0
       0
       0
       0
       0
       0
       1
       0
       0
       0
       0
       0
       0
       0
       0
       0
       0
       0
       0
       0
       0
       0
       0
       1
       0
       0
       0
       1
       0
       0
       0
       1
       0
       0
       0
       0
       0
       0
       1
       0
       0
       1
       0
       1
       0
       0
       0
       0
       0
       1
       0
       0
       1
       0
       0
       0
       0
       1
       1
       0
       0
       0
       0
       1
       0
       0
       0
       2
       0
       0
       1
       0
       1
       2
       0
       0
       0
       0
       0
       0
       0
       0
       0
       0
       0
       1
       0
       0
       0
       0
       0
       0
       1
       0
       0
       0
       1
       0
       0
       0
       2
       0
       0
       0
       1
       0
       0
       0
       1
       0
       0
       0
       0
       0
       1
       1
       0
       0
       0
       0
       0
       0
       0
       0
       0
       0
       0
       0
       0
       1
       0
       1
       0
       0
       0
       0
       0
       0
       0
       0
       0
       0
       1
       0
       0
       0
       0
       0
       0
       0
       0
       2
       1
       0
       0
       0
       0
       0
       0
       0
       0
       0
       0
       0
       2
       0
       1
       0
       0
       0
       0
       0
       1
       1
       0
       0
       0
       0
       2
       0
       0
       0
       0
       0
       0
       0
       0
       1
       0
       1
       0
       0
       0
       1
       0
       1
       0
       0
       0
       0
       0
       0
       0
       0
       0
       0
       1
       0
       0
       0
       0
       0
       0
       0
       0
       1
       0
       0
       0
       0
       0
       0
       1
       0
       1
       0
       0
       0
       0
       1
       1
       1
       0
       0
       0
       0
       0
       0
       0
       1
       0
       0
       0
       1
       0
       0
       0
       2
       1
       2
       0
       1
       0
       0
       0
       0
       1
       0
       1
       0
       1
       0
       0
       0
       0
       0
       0
       0
       0
       0
       1
       0
       0
       0
       0
       0
       1
       1
       0
       0
       0
       0
       1
       0
       0
       0
       0
       1
       0
       1
       0
       0
       1
       0
       1
       1
       0
       0
       0
       0
       0
       0
       0
       0
       0
       0
       1
       0
       1
       0
       0
       0
       0
       1
       1
       0
       0
       0
       0
       0
       0
       0
       2
       0
       0
       0
       0
       0
       0
       0
       0
       1
       0
       0
       0
       0
       0
       1
       0
       0
       0
       0
       0
       0
       2
       0
       0
       0
       0
       1
       0
       0
       0
       0
       0
       1
       0
       0
       0
       0
       0
       1
       0
       0
       0
       0
       0
       0
       0
       0
       0
       0
       0
       0
       0
       0
       0
       0
       0
       1
       0
       0
       0
       0
       0
       0
       0
       0
       1
       0
       0
       0
       0
       0
       0
       0
       0
       0
       1
       0
       1
       0
       0
       1
       0
       0
       0
       0
       0
       1
       0
       1
       0
       0
       1
       0
       0
       0
       0
       0
       0
       0
       0
       0
       0
       0
       0
       0
       0
       0
       0
       0
       0
       0
       0
       0
       0
       0
       0
       0
       0
       0
       0
       0
       0
       0
       0
       0
       0
       0
       0
       0
       0
       0
       0
       0
       0
       0
       1
       0
       0
       0
       0
       0
       0
       0
       0
       0
       0
       0
       0
       0
       0
       0
       0
       0
       0
       0
       0
       0
       0
       0
       1
       0
       0
       0
       0
       0
       0
       0
       0
       1
       0
       0
       0
       0
       0
       0
       0
       0
       0
       0
       0
       0
       0
       0
       0
       0
       0
       0
       0
       0
       0
       0
       0
       0
       0
       0
       0
       0
       0
       0
       0
       0
       0
       0
       0
       0
       0
       0
       0
       0
       0
       0
       0
       0
       0
       1
       0
       0
       0
       0
       0
       0
       0
       0
       0
       0
       0
       0
       0
       0
       0
       0
       0
       0
       0
       0
       0
       0
       0
       0
       0
       0
       0
       0
       0
       0
       0
       0
       0
       0
       0
       0
       0
       0
       0
       0
       0
       0
       0
       0
       0
       0
       0
       0
       0
       0
       0
       0
       0
       0
       0
       0
       0
       0
       0
       0
       0
       0
       0
       0
       0
       0
       0
       0
       0
       0
       0
       0
       0
       0
       0
       0
       0
       0
       0
       0
       0
       0
       0
       0
       0
       0
       0
       0
       0
       0
       0
       0
       0
       0
       0
       0
       0
       0
       0
       0
       0
       0
       0
       0
       0
       0
       0
       0
       0
       0
       0
       0
       0
       0
       0
       0
       0
       0
       0
       0
       0
       0
       0
       0
       0
       0
       0
       0
       0
       0
$ROI:
0
$PRESETS:
Real Time
1800
0
$ENER_FIT:
-0.163132 0.241402
$MCA_CAL:
3
-1.631319E-001 2.414016E-001 0.000000E+000 keV
$SHAPE_CAL:
3
3.389885E+001 -6.502870E-003 0.000000E+000
