$SPEC_ID:
Spectech 2021
$SPEC_REM:
DET# 1
DETDESC# JLAB-10 MCB 130
AP# Maestro Version 7.01
$DATE_MEA:
03/15/2023 16:45:48
$MEAS_TIM:
84304 84512
$DATA:
0 2047
       0
       0
       0
       0
       0
       0
       0
       0
       1
       0
       0
       0
       0
       0
       0
       0
       0
       1
       0
       0
       0
       0
       1
       0
       0
       0
       0
       1
       0
       0
       0
       1
       0
       2
       2
       1
       0
       1
       1
       0
       0
       1
       0
       1
       1
       1
       1
       1
       1
      12
   12371
   38088
   37440
   36783
   36246
   35507
   34895
   34703
   33730
   33382
   32478
   32096
   31676
   30698
   30238
   29839
   29343
   29217
   28819
   28648
   27815
   27887
   27433
   27164
   26973
   26873
   26281
   26012
   25725
   25221
   25104
   25014
   24493
   24116
   24053
   23640
   23653
   23351
   23553
   23296
   23351
   23413
   23395
   23820
   24441
   24992
   25856
   26271
   27155
   28028
   28873
   29368
   29953
   30445
   31564
   31820
   32334
   32320
   32444
   32397
   32305
   31698
   31791
   31426
   31056
   30608
   30268
   30232
   30076
   30336
   30856
   31279
   32020
   33220
   35142
   37175
   38970
   41700
   45099
   47800
   52674
   57109
   62454
   68854
   75101
   81927
   89280
   96859
  104419
  112996
  121142
  128979
  136167
  142265
  147773
  151730
  155370
  156324
  157206
  156432
  154456
  150544
  145680
  140724
  134060
  127034
  119376
  111907
  104882
   97877
   91113
   84934
   78911
   74081
   69383
   65199
   61310
   57480
   54434
   52009
   48729
   45629
   43142
   40253
   37629
   35085
   32201
   29508
   26743
   24412
   22087
   19960
   17773
   16142
   14516
   13131
   11854
   10658
    9824
    8932
    8357
    7853
    7403
    7111
    6833
    6694
    6472
    6432
    6181
    6280
    6310
    6079
    6266
    6145
    6140
    6316
    6109
    6248
    6362
    6172
    6494
    6253
    6178
    6355
    6337
    6406
    6364
    6555
    6405
    6418
    6426
    6301
    6527
    6463
    6524
    6440
    6613
    6524
    6428
    6618
    6485
    6418
    6486
    6559
    6673
    6567
    6548
    6781
    6864
    6866
    6993
    6897
    7110
    7123
    7425
    7476
    7579
    7595
    7816
    7664
    7889
    7969
    8080
    8123
    8049
    8183
    8171
    8122
    7808
    7840
    7940
    7695
    7528
    7621
    7382
    7392
    7414
    7187
    7267
    7306
    7239
    7276
    7142
    7237
    7130
    7107
    7293
    7444
    7363
    7387
    7565
    7698
    7614
    7631
    7562
    7505
    7532
    7487
    7655
    7486
    7255
    7439
    7685
    7297
    7448
    7319
    7302
    7290
    7118
    7198
    7077
    7164
    7059
    7061
    7015
    6912
    7050
    7022
    6870
    7047
    6844
    6850
    6691
    6701
    6596
    6680
    6658
    6567
    6526
    6462
    6278
    6364
    6303
    6401
    6287
    6121
    6029
    5768
    5846
    5856
    5799
    5675
    5732
    5716
    5516
    5557
    5321
    5320
    5253
    5314
    5119
    4945
    4940
    5030
    4925
    4976
    4827
    4797
    4797
    4552
    4549
    4542
    4642
    4665
    4599
    4642
    4476
    4543
    4635
    4525
    4559
    4582
    4656
    4581
    4559
    4919
    4813
    5004
    5213
    5434
    5522
    5726
    6188
    6612
    6832
    7329
    7864
    8372
    8644
    9520
    9832
   10181
   10858
   11216
   11279
   11655
   11877
   11865
   11824
   11754
   11411
   11083
   10723
   10194
    9566
    9279
    8632
    8002
    7304
    6940
    6392
    5789
    5431
    4964
    4486
    4274
    4027
    3681
    3570
    3293
    3194
    3085
    2937
    2946
    2836
    2738
    2799
    2694
    2779
    2595
    2722
    2660
    2644
    2732
    2650
    2645
    2547
    2622
    2638
    2698
    2656
    2678
    2682
    2716
    2671
    2637
    2576
    2630
    2600
    2594
    2602
    2576
    2577
    2622
    2675
    2454
    2595
    2579
    2619
    2507
    2553
    2552
    2587
    2568
    2562
    2530
    2476
    2489
    2391
    2550
    2515
    2435
    2479
    2444
    2524
    2461
    2463
    2493
    2471
    2459
    2529
    2398
    2482
    2428
    2497
    2386
    2424
    2448
    2394
    2473
    2397
    2345
    2371
    2466
    2412
    2494
    2393
    2461
    2419
    2398
    2378
    2453
    2439
    2245
    2416
    2357
    2304
    2257
    2490
    2335
    2360
    2283
    2253
    2261
    2306
    2315
    2293
    2305
    2270
    2199
    2231
    2261
    2292
    2289
    2259
    2283
    2294
    2242
    2274
    2179
    2305
    2150
    2287
    2201
    2257
    2236
    2273
    2252
    2262
    2168
    2188
    2160
    2229
    2240
    2194
    2183
    2178
    2257
    2244
    2195
    2179
    2175
    2134
    2177
    2189
    2239
    2225
    2055
    2130
    2175
    2063
    2163
    2048
    2072
    2137
    2158
    2068
    2065
    2079
    2093
    2111
    2147
    2095
    2095
    2095
    2091
    2112
    2037
    2045
    2039
    2055
    2106
    1958
    1991
    2062
    2077
    1971
    2066
    2028
    2006
    2069
    2027
    1967
    2051
    2038
    2051
    2118
    1888
    2021
    2021
    2067
    1930
    2076
    2039
    1959
    1946
    1967
    1959
    2022
    1958
    1992
    2033
    2183
    1952
    1962
    1983
    1999
    2034
    1967
    1971
    2008
    1932
    1977
    1996
    2006
    2107
    2030
    1900
    1965
    1859
    1988
    1933
    1958
    1960
    1930
    1944
    1914
    1970
    1919
    1898
    1817
    1930
    1902
    1924
    1945
    1863
    1930
    1957
    1866
    1861
    1924
    1910
    1966
    1995
    1989
    1887
    1997
    1983
    1884
    1955
    1990
    2022
    1934
    1953
    1882
    1950
    1948
    1965
    1841
    1926
    1853
    1876
    1879
    1947
    1904
    1962
    2035
    1890
    1834
    1818
    1808
    1890
    1906
    1857
    1883
    1877
    1779
    1922
    1870
    1840
    1829
    1826
    1820
    1827
    1866
    1764
    1801
    1839
    1723
    1856
    1772
    1762
    1798
    1773
    1727
    1699
    1845
    1813
    1796
    1663
    1800
    1689
    1661
    1837
    1808
    1772
    1685
    1740
    1693
    1735
    1695
    1661
    1737
    1755
    1677
    1670
    1716
    1693
    1761
    1603
    1671
    1686
    1775
    1685
    1768
    1704
    1655
    1698
    1672
    1698
    1657
    1723
    1733
    1694
    1742
    1701
    1651
    1682
    1719
    1705
    1755
    1722
    1635
    1656
    1610
    1718
    1754
    1708
    1721
    1773
    1654
    1694
    1656
    1667
    1607
    1682
    1629
    1723
    1632
    1689
    1781
    1699
    1643
    1707
    1681
    1707
    1674
    1677
    1694
    1607
    1626
    1621
    1621
    1605
    1687
    1587
    1608
    1534
    1540
    1579
    1571
    1537
    1472
    1519
    1489
    1550
    1510
    1470
    1406
    1468
    1436
    1384
    1470
    1396
    1463
    1424
    1365
    1510
    1407
    1399
    1316
    1314
    1393
    1319
    1307
    1367
    1339
    1300
    1331
    1305
    1327
    1349
    1240
    1313
    1296
    1350
    1237
    1261
    1249
    1271
    1248
    1350
    1261
    1230
    1247
    1228
    1310
    1298
    1236
    1332
    1301
    1328
    1297
    1328
    1292
    1258
    1239
    1248
    1221
    1241
    1294
    1240
    1327
    1263
    1274
    1219
    1296
    1247
    1304
    1287
    1247
    1271
    1307
    1268
    1265
    1299
    1225
    1275
    1309
    1225
    1284
    1274
    1282
    1261
    1270
    1215
    1314
    1303
    1241
    1297
    1307
    1280
    1228
    1266
    1254
    1307
    1209
    1250
    1288
    1213
    1319
    1279
    1306
    1274
    1242
    1265
    1294
    1253
    1261
    1247
    1298
    1264
    1301
    1254
    1329
    1234
    1196
    1285
    1281
    1300
    1255
    1188
    1246
    1329
    1269
    1274
    1221
    1264
    1222
    1300
    1342
    1241
    1298
    1268
    1270
    1294
    1313
    1235
    1295
    1247
    1224
    1293
    1277
    1296
    1336
    1315
    1225
    1284
    1299
    1288
    1285
    1263
    1204
    1274
    1240
    1241
    1287
    1272
    1266
    1317
    1321
    1278
    1197
    1240
    1280
    1289
    1292
    1237
    1321
    1246
    1268
    1221
    1247
    1291
    1210
    1268
    1271
    1288
    1303
    1248
    1244
    1242
    1190
    1306
    1203
    1199
    1215
    1290
    1186
    1269
    1239
    1153
    1166
    1191
    1202
    1203
    1137
    1189
    1144
    1141
    1151
    1169
    1142
    1075
    1038
    1029
     991
     968
     911
     989
     941
     894
     863
     808
     815
     786
     739
     724
     674
     733
     672
     609
     629
     661
     593
     568
     536
     566
     538
     544
     517
     498
     479
     457
     468
     473
     481
     482
     429
     455
     425
     435
     459
     406
     399
     420
     390
     424
     392
     407
     394
     386
     381
     436
     441
     395
     337
     424
     393
     388
     381
     384
     367
     383
     376
     422
     402
     377
     374
     373
     351
     352
     338
     331
     342
     366
     344
     390
     355
     360
     368
     318
     368
     322
     363
     346
     360
     335
     371
     372
     380
     371
     357
     359
     324
     354
     318
     373
     346
     310
     340
     346
     323
     356
     348
     345
     358
     326
     335
     327
     308
     350
     320
     343
     314
     299
     316
     315
     318
     308
     321
     334
     274
     280
     265
     289
     286
     270
     274
     285
     259
     294
     259
     268
     244
     273
     250
     285
     220
     276
     253
     266
     233
     273
     250
     289
     282
     262
     248
     282
     255
     262
     288
     261
     266
     257
     263
     255
     249
     269
     247
     275
     238
     222
     242
     248
     227
     248
     248
     255
     237
     264
     242
     268
     261
     237
     247
     263
     235
     280
     259
     270
     247
     252
     233
     256
     243
     268
     245
     240
     255
     252
     270
     248
     240
     241
     275
     286
     274
     250
     267
     241
     236
     278
     269
     242
     261
     247
     269
     283
     247
     277
     270
     240
     291
     256
     279
     271
     257
     288
     262
     245
     282
     252
     234
     258
     251
     248
     261
     254
     256
     238
     273
     272
     252
     229
     273
     253
     268
     229
     236
     232
     268
     222
     228
     257
     269
     276
     252
     238
     274
     219
     243
     245
     245
     261
     294
     248
     260
     258
     254
     242
     245
     254
     253
     217
     263
     256
     225
     241
     240
     237
     252
     254
     266
     219
     243
     213
     220
     250
     231
     233
     236
     219
     202
     207
     208
     207
     207
     173
     211
     222
     192
     214
     190
     191
     206
     169
     178
     194
     175
     170
     186
     163
     159
     149
     176
     152
     161
     143
     148
     137
     147
     128
     155
     151
     121
     103
     117
     139
     131
     124
     106
     119
     136
      96
     121
     112
     112
     105
      95
     106
     126
     123
     117
     122
     122
     122
     101
     142
     120
     116
     121
     102
     121
     119
     120
     120
     107
     117
      96
     102
     104
      90
      93
     100
     100
      95
      83
      82
      95
      93
      82
      73
      74
      90
      74
      86
      94
      82
      93
      75
      75
      73
      88
      80
      77
      77
      70
      66
      79
      86
      64
      75
      73
      87
      76
      83
      89
      85
      73
      74
      83
      92
      83
      73
      82
      72
      80
      79
      64
      73
      61
      74
      59
      57
      79
      70
      64
      53
      84
      69
      73
      62
      66
      84
      81
      74
      75
      83
      61
      71
      52
      62
      67
      74
      65
      75
      68
      65
      66
      62
      64
      57
      77
      68
      63
      53
      70
      63
      68
      76
      67
      65
      48
      57
      48
      72
      70
      66
      69
      63
      75
      66
      61
      79
      85
      72
      62
      76
      85
      93
      88
      90
      94
      86
      98
     102
      95
      88
     100
     114
      88
      86
      95
      68
      82
      79
      76
      73
      78
      63
      75
      87
      75
      61
      71
      64
      61
      62
      57
      72
      58
      63
      54
      58
      67
      60
      53
      65
      54
      65
      64
      60
      65
      61
      61
      44
      63
      58
      56
      58
      54
      49
      56
      60
      52
      49
      45
      57
      57
      69
      62
      48
      62
      47
      58
      53
      60
      53
      42
      42
      51
      57
      45
      61
      58
      52
      59
      42
      52
      53
      57
      58
      69
      44
      51
      57
      49
      74
      45
      45
      49
      57
      61
      55
      46
      65
      46
      62
      55
      53
      42
      44
      51
      61
      37
      47
      40
      47
      51
      48
      40
      41
      46
      42
      57
      46
      40
      46
      57
      44
      28
      36
      45
      46
      42
      40
      42
      36
      38
      31
      38
      41
      35
      29
      38
      35
      31
      29
      29
      34
      27
      28
      34
      28
      21
      35
      26
      30
      16
      37
      36
      27
      28
      30
      29
      14
      22
      22
      23
      32
      39
      30
      30
      28
      25
      32
      23
      18
      23
      33
      17
      18
      20
      20
      18
      15
      17
      24
      15
      21
      23
      18
      17
      24
      18
      15
      24
      12
      12
      23
      21
      20
      24
      15
      13
      12
      18
      13
      17
      18
      14
      22
      15
      11
      15
      16
      20
      16
      19
      14
      24
      16
      17
      14
      12
      15
      14
      10
      15
      19
      13
      11
      12
       9
      11
      11
       8
      12
       6
       6
       7
      12
      10
       6
       6
      16
      10
      15
      10
      20
      11
       9
      14
      14
      24
      24
      18
      20
      25
      31
      33
      42
      50
      46
      64
      70
      49
      56
      56
      63
      53
      60
      66
      57
      66
      48
      40
      49
      40
      40
      38
      29
      33
      12
      24
      24
      17
      12
      15
       9
      11
      10
       7
      11
       5
       7
       1
       4
       0
       6
       6
       1
       3
       6
       3
       4
       6
       1
       3
       2
       2
       3
       4
       6
       1
       2
       4
       3
       1
       2
       2
       2
       6
       1
       5
       4
       1
       3
       0
       3
       5
       3
       3
       5
       3
       5
       4
       1
       3
       2
       5
       4
       0
       0
       3
       0
       1
       1
       1
       2
       1
       4
       1
       1
       2
       2
       0
       3
       6
       5
       2
       2
       1
       0
       1
       2
       1
       1
       0
       3
       0
       3
       0
       1
       2
       1
       5
       2
       1
       1
       3
       1
       0
       4
       4
       2
       5
       4
       4
       2
       2
       3
       3
       7
       7
       4
       5
       3
       7
       6
       5
      10
       8
       7
       8
       4
       8
       5
       6
       6
       8
       3
       5
       2
       4
       5
       1
       5
       2
       2
       1
       0
       5
       3
       4
       3
       1
       0
       2
       2
       2
       2
       0
       1
       0
       3
       0
       4
       2
       0
       1
       0
       1
       3
       1
       0
       1
       2
       0
       0
       4
       2
       0
       0
       0
       4
       0
       2
       1
       4
       0
       0
       0
       2
       3
       1
       1
       3
       0
       2
       0
       4
       2
       1
       0
       0
       1
       1
       0
       1
       2
       0
       3
       0
       0
       0
       2
       0
       1
       3
       0
       0
       2
       2
       1
       0
       2
       1
       2
       0
       1
       1
       0
       0
       1
       2
       0
       3
       1
       2
       2
       2
       2
       1
       1
       1
       0
       1
       3
       1
       1
       1
       0
       0
       1
       0
       2
       0
       1
       0
       0
       0
       0
       1
       1
       2
       0
       1
       0
       1
       0
       3
       0
       1
       1
       0
       0
       1
       2
       1
       2
       0
       0
       2
       0
       3
       1
       0
       2
       0
       1
       0
       0
       0
       2
       0
       1
       1
       0
       0
       2
       0
       3
       1
       1
       0
       0
       1
       0
       1
       0
       1
       0
       0
       0
       0
       0
       0
       0
       0
       0
       0
       0
       0
       0
       0
       0
       0
       0
       0
       0
       0
       0
       0
       0
       0
       0
       0
       0
       0
       0
       0
       0
       0
       0
       0
$ROI:
1
3 25
$PRESETS:
None
0
0
$ENER_FIT:
0.000000 0.210390
$MCA_CAL:
3
0.000000E+000 2.103896E-001 0.000000E+000 keV
$SHAPE_CAL:
3
0.000000E+000 0.000000E+000 0.000000E+000
