$SPEC_ID:
Central Velocity Selector Voltage
$SPEC_REM:
DET# 1
DETDESC# JLAB-11 MCB 132
AP# Maestro Version 7.01
$DATE_MEA:
10/17/2018 15:38:37
$MEAS_TIM:
1770 1800
$DATA:
0 2047
       0
       0
       0
       0
       0
       0
       0
       0
       0
       0
       0
       0
       0
       0
       0
       0
       0
       0
       0
       0
       0
       0
       0
       0
       0
       0
       0
       0
       0
       0
       0
       0
       0
       0
       0
       0
       0
       0
       0
       0
       0
       0
       0
       0
       0
       0
       0
       0
       0
       0
       0
       0
       0
       0
       0
       0
       0
       0
       0
     357
    5367
    5105
    4740
    4310
    3927
    3761
    3601
    3351
    3169
    3008
    2777
    2549
    2303
    2212
    2039
    1893
    1728
    1451
    1379
    1283
    1154
    1002
     888
     802
     730
     675
     652
     586
     565
     581
     568
     585
     612
     631
     654
     757
     803
     907
    1011
    1137
    1192
    1351
    1441
    1597
    1728
    1829
    1985
    2125
    2252
    2332
    2511
    2631
    2744
    2770
    2864
    2980
    3022
    3145
    3112
    3161
    3180
    3107
    3016
    3126
    3041
    2828
    2977
    2705
    2575
    2524
    2363
    2183
    2101
    1957
    1793
    1596
    1538
    1399
    1143
    1049
     983
     909
     743
     647
     606
     479
     419
     365
     286
     258
     242
     188
     162
     115
      99
      76
      73
      51
      47
      33
      20
      15
      20
      15
      10
       4
       4
       6
       4
       2
       3
       4
       2
       1
       2
       0
       1
       1
       3
       3
       2
       0
       0
       4
       2
       3
       3
       4
       1
       1
       1
       1
       4
       2
       1
       3
       1
       1
       1
       3
       0
       1
       2
       0
       1
       4
       2
       6
       4
       0
       2
       4
       4
       1
       2
       2
       1
       2
       0
       2
       2
       1
       1
       4
       2
       2
       4
       0
       3
       2
       0
       2
       2
       3
       3
       1
       3
       2
       1
       3
       0
       3
       3
       2
       3
       3
       0
       0
       1
       4
       2
       5
       1
       3
       5
       5
       3
       0
       3
       2
       1
       1
       2
       1
       1
       5
       3
       7
       0
       3
       4
       1
       2
       0
       3
       2
       0
       0
       3
       1
       2
       4
       2
       3
       0
       4
       4
       2
       3
       2
       2
       2
       1
       1
       2
       3
       3
       0
       0
       0
       1
       2
       1
       1
       2
       2
       2
       3
       4
       2
       1
       0
       1
       1
       5
       1
       0
       3
       2
       7
       2
       3
       3
       2
       4
       5
       2
       3
       2
       3
       3
       0
       2
       3
       1
       2
       2
       1
       3
       2
       3
       3
       1
       2
       4
       1
       2
       1
       5
       3
       4
       3
       1
       0
       1
       0
       2
       2
       5
       3
       3
       2
       4
       2
       2
       1
       2
       1
       2
       1
       1
       4
       2
       3
       2
       3
       2
       1
       2
       0
       3
       4
       1
       2
       2
       4
       2
       1
       2
       3
       2
       1
       4
       2
       6
       3
       2
       3
       2
       3
       2
       2
       1
       2
       2
       1
       3
       1
       3
       3
       0
       1
       4
       1
       2
       1
       0
       2
       0
       2
       4
       5
       2
       1
       2
       2
       3
       3
       2
       1
       1
       0
       1
       2
       1
       5
       1
       3
       2
       1
       2
       3
       2
       3
       3
       5
       1
       2
       1
       4
       3
       0
       2
       0
       4
       1
       3
       2
       2
       4
       3
       1
       4
       3
       2
       4
       2
       1
       4
       2
       1
       1
       0
       4
       2
       3
       1
       1
       2
       3
       4
       4
       5
       4
       1
       1
       3
       3
       1
       0
       3
       1
       3
       6
       3
       5
       5
       1
       2
       3
       3
       3
       4
       1
       0
       3
       1
       2
       1
       2
       0
       4
       3
       1
       1
       6
       5
       3
       0
       1
       2
       1
       4
       6
       1
       4
       2
       1
       2
       4
       1
       2
       7
       1
       0
       2
       2
       1
       2
       2
       3
       1
       1
       2
       2
       1
       7
       0
       3
       3
       5
       1
       2
       2
       2
       3
       1
       4
       1
       2
       2
       3
       5
       3
       1
       5
       2
       3
       4
       4
       4
       5
       4
       1
       0
       0
       0
       2
       3
       5
       7
       2
       3
       2
       5
       1
       2
       4
       1
       3
       2
       2
       1
       2
       3
       1
       2
       1
       3
       4
       0
       1
       1
       2
       2
       3
       4
       6
       3
       2
       6
       4
       1
       2
       3
       2
       3
       1
       2
       1
       2
       2
       2
       2
       1
       3
       3
       0
       2
       2
       0
       1
       3
       4
       1
       1
       2
       2
       2
       2
       1
       3
       2
       1
       5
       1
       2
       1
       1
       2
       1
       1
       2
       1
       2
       1
       3
       0
       2
       2
       1
       2
       0
       3
       5
       2
       4
       1
       2
       2
       2
       4
       0
       1
       2
       0
       2
       1
       2
       3
       4
       0
       3
       4
       3
       1
       1
       2
       2
       4
       3
       0
       2
       1
       1
       3
       3
       4
       1
       1
       0
       4
       2
       1
       1
       1
       2
       2
       3
       3
       2
       4
       3
       5
       0
       0
       2
       3
       3
       2
       3
       0
       1
       2
       1
       2
       1
       1
       2
       3
       1
       1
       2
       0
       5
       2
       3
       4
       1
       2
       5
       3
       3
       1
       2
       1
       0
       3
       1
       2
       2
       3
       0
       1
       2
       3
       3
       0
       3
       2
       8
       1
       3
       2
       1
       1
       2
       3
       2
       0
       1
       3
       2
       2
       1
       3
       3
       1
       2
       0
       3
       3
       2
       2
       2
       0
       0
       3
       1
       1
       3
       1
       0
       0
       1
       1
       1
       3
       2
       0
       2
       1
       2
       1
       3
       2
       2
       0
       0
       0
       2
       1
       2
       4
       3
       0
       2
       1
       0
       3
       2
       0
       1
       4
       1
       4
       2
       4
       1
       2
       0
       2
       2
       1
       2
       1
       1
       1
       2
       0
       6
       3
       1
       2
       1
       5
       5
       4
       4
       0
       2
       4
       1
       1
       2
       1
       1
       3
       3
       1
       3
       4
       4
       0
       1
       2
       0
       0
       1
       1
       2
       1
       0
       4
       1
       1
       0
       1
       0
       2
       1
       0
       2
       1
       1
       1
       2
       3
       1
       2
       2
       2
       1
       0
       1
       3
       2
       2
       4
       1
       3
       2
       1
       0
       4
       4
       2
       2
       3
       1
       4
       2
       4
       3
       3
       4
       4
       4
       3
       3
       2
       3
       0
       4
       2
       2
       5
       6
       5
       6
       8
       6
       3
       3
       6
       2
       6
       3
       4
       5
       2
       2
       4
       5
       2
       7
      11
       7
       6
       8
       7
       6
       8
      14
      14
      12
       9
       7
       9
      17
      11
      17
      13
      16
      15
      19
      19
      14
      20
      20
      24
      24
      33
      24
      44
      47
      34
      39
      47
      55
      45
      41
      62
      48
      50
      56
      55
      68
      53
      65
      70
      62
      76
      75
      72
      65
      81
      76
      85
      78
      73
      69
      87
      62
      56
      87
      65
      77
      72
      57
      54
      59
      61
      47
      48
      52
      42
      35
      36
      36
      39
      19
      28
      23
      30
      18
       7
       8
      12
       8
       8
      12
      11
      10
       5
       8
       3
       4
       5
       5
       3
       3
       3
       1
       2
       1
       2
       1
       2
       1
       0
       0
       0
       0
       0
       1
       0
       0
       2
       0
       1
       0
       0
       0
       0
       0
       0
       0
       0
       0
       0
       0
       0
       1
       0
       0
       0
       0
       2
       0
       0
       0
       0
       0
       1
       0
       0
       0
       0
       0
       0
       0
       1
       0
       0
       0
       0
       0
       0
       0
       2
       0
       0
       0
       1
       0
       0
       1
       0
       0
       1
       0
       0
       0
       0
       0
       0
       0
       0
       0
       0
       1
       0
       0
       0
       0
       0
       0
       0
       0
       0
       0
       0
       0
       0
       0
       1
       0
       0
       0
       0
       1
       0
       0
       0
       0
       0
       0
       0
       0
       0
       0
       0
       0
       1
       0
       0
       0
       0
       0
       0
       1
       0
       0
       0
       0
       0
       1
       0
       0
       1
       0
       0
       0
       0
       0
       1
       0
       1
       0
       0
       0
       0
       0
       0
       1
       0
       0
       0
       0
       2
       0
       0
       0
       0
       0
       0
       0
       0
       1
       0
       0
       0
       0
       0
       0
       1
       1
       0
       0
       0
       1
       1
       0
       0
       0
       0
       0
       0
       0
       0
       0
       0
       0
       0
       0
       0
       0
       1
       0
       0
       0
       0
       0
       2
       0
       0
       0
       0
       0
       0
       0
       0
       0
       0
       0
       0
       0
       0
       0
       0
       0
       0
       0
       0
       0
       0
       0
       0
       0
       0
       1
       0
       0
       0
       1
       0
       0
       0
       0
       1
       0
       0
       0
       0
       1
       0
       0
       0
       0
       0
       0
       0
       0
       0
       0
       1
       0
       0
       0
       0
       0
       0
       0
       0
       0
       0
       0
       0
       0
       0
       0
       0
       0
       0
       0
       0
       1
       0
       2
       1
       0
       0
       0
       0
       0
       1
       0
       0
       0
       0
       0
       0
       0
       0
       0
       1
       0
       0
       0
       0
       0
       0
       0
       0
       0
       1
       0
       0
       0
       0
       1
       0
       0
       0
       0
       0
       0
       0
       0
       0
       0
       0
       0
       1
       0
       0
       0
       0
       0
       0
       0
       0
       0
       0
       0
       0
       0
       0
       1
       0
       1
       0
       0
       0
       0
       0
       0
       0
       0
       0
       0
       0
       0
       0
       0
       0
       0
       0
       0
       0
       0
       0
       0
       0
       0
       0
       0
       0
       1
       0
       0
       0
       0
       0
       0
       0
       0
       1
       0
       0
       0
       0
       0
       1
       0
       0
       0
       1
       0
       0
       0
       0
       1
       0
       0
       1
       0
       0
       0
       0
       0
       0
       0
       0
       0
       1
       0
       0
       0
       0
       0
       0
       0
       0
       0
       0
       0
       0
       0
       0
       1
       0
       0
       0
       0
       0
       0
       0
       0
       1
       0
       1
       0
       0
       0
       0
       0
       0
       0
       0
       0
       0
       0
       1
       0
       0
       0
       0
       1
       0
       0
       0
       0
       0
       0
       0
       1
       0
       0
       2
       0
       0
       0
       1
       0
       1
       1
       0
       0
       0
       0
       0
       0
       0
       0
       1
       1
       0
       0
       1
       0
       0
       0
       0
       0
       1
       1
       0
       0
       2
       0
       0
       0
       1
       0
       0
       0
       1
       0
       0
       0
       1
       0
       0
       0
       0
       0
       0
       0
       0
       0
       1
       0
       0
       0
       0
       0
       1
       0
       0
       0
       0
       1
       0
       0
       1
       0
       0
       0
       0
       0
       1
       0
       0
       0
       0
       0
       0
       0
       0
       0
       0
       0
       1
       0
       2
       0
       0
       0
       0
       0
       0
       0
       0
       0
       0
       0
       1
       0
       0
       0
       0
       0
       0
       0
       0
       0
       0
       0
       0
       0
       0
       0
       0
       0
       0
       0
       0
       0
       0
       0
       0
       0
       1
       0
       0
       0
       1
       0
       0
       0
       0
       0
       0
       0
       0
       0
       0
       0
       0
       0
       0
       1
       0
       0
       0
       0
       1
       0
       0
       0
       0
       0
       0
       1
       0
       0
       0
       0
       0
       0
       0
       0
       0
       1
       0
       0
       0
       1
       0
       0
       0
       0
       0
       0
       0
       0
       0
       0
       0
       0
       0
       0
       0
       0
       1
       1
       0
       0
       0
       0
       0
       1
       0
       0
       0
       0
       0
       0
       0
       0
       1
       0
       0
       0
       0
       0
       0
       0
       0
       0
       0
       0
       0
       0
       0
       0
       0
       0
       0
       1
       0
       0
       0
       0
       0
       0
       0
       0
       1
       1
       0
       0
       0
       0
       0
       1
       0
       0
       0
       0
       0
       0
       2
       0
       0
       0
       0
       0
       0
       0
       0
       0
       0
       0
       1
       0
       0
       1
       1
       0
       0
       0
       0
       0
       0
       1
       0
       0
       0
       0
       0
       0
       0
       0
       0
       0
       0
       0
       0
       0
       0
       0
       0
       0
       0
       0
       0
       1
       0
       1
       0
       0
       0
       0
       0
       0
       1
       0
       1
       0
       0
       0
       0
       0
       0
       0
       0
       0
       0
       1
       0
       0
       0
       1
       0
       0
       0
       0
       0
       0
       0
       0
       0
       0
       0
       0
       0
       0
       0
       0
       0
       0
       1
       0
       0
       0
       0
       0
       0
       0
       0
       0
       0
       0
       1
       0
       0
       1
       0
       0
       0
       0
       0
       0
       0
       0
       0
       1
       0
       0
       0
       0
       0
       0
       0
       0
       0
       0
       0
       0
       0
       0
       0
       0
       0
       0
       0
       0
       0
       0
       0
       0
       1
       1
       0
       0
       0
       0
       1
       0
       0
       0
       0
       0
       1
       0
       0
       0
       0
       0
       0
       0
       0
       0
       0
       0
       0
       0
       0
       1
       0
       1
       0
       0
       0
       0
       0
       0
       0
       0
       0
       0
       0
       1
       0
       0
       0
       1
       0
       0
       1
       0
       0
       0
       0
       0
       0
       0
       0
       0
       0
       1
       0
       0
       0
       0
       1
       0
       0
       0
       0
       0
       0
       0
       0
       0
       2
       0
       0
       0
       0
       0
       0
       0
       0
       0
       0
       0
       0
       0
       0
       0
       0
       0
       0
       0
       0
       0
       0
       0
       0
       0
       0
       0
       0
       0
       0
       0
       0
       0
       0
       0
       0
       0
       0
       0
       0
       0
       0
       0
       0
       0
       0
       0
       0
       0
       0
       0
       0
       0
       0
       0
       0
       0
       0
       0
       0
       0
       0
       0
       0
       0
       0
       0
       0
       0
       0
       0
       0
       0
       0
       0
       0
       0
       0
       0
       0
       0
       0
       0
       0
       0
       0
       0
       0
       0
       0
       0
       0
       0
       0
       0
       0
       0
       0
       0
$ROI:
0
$PRESETS:
Real Time
1800
0
$ENER_FIT:
-0.163132 0.241402
$MCA_CAL:
3
-1.631319E-001 2.414016E-001 0.000000E+000 keV
$SHAPE_CAL:
3
3.389885E+001 -6.502870E-003 0.000000E+000
