###################################################################################################
### CosmicWatch: The Desktop Muon Detector
### Device ID: AnneMcLaren
### Launch time: 3:13:29 1/1/2019
### Questions? Email Spencer N. Axani (saxani@mit.edu)
### Event Time Date TimeStamp[ms] ADC1 ADC2 SiPM[mV] Temp[C] Pressure[Pa] DeadTime[us] Coincident ID
###################################################################################################
1	3:13:31	1/1/2019 	1948	105.00	8.00	6.73	25.90	100404.94	143913	0	AnneMcLaren	
2	3:13:33	1/1/2019 	3739	140.00	8.00	7.73	25.90	100404.54	101873	0	AnneMcLaren	
3	3:13:36	1/1/2019 	6417	81.00	7.00	6.15	25.89	100404.45	97789	0	AnneMcLaren	
4	3:13:37	1/1/2019 	7768	878.00	83.00	26.88	25.89	100404.59	97792	0	AnneMcLaren	
5	3:13:37	1/1/2019 	7986	987.00	680.00	122.70	25.89	100404.59	1850	0	AnneMcLaren	
6	3:13:41	1/1/2019 	11068	86.00	8.00	6.26	25.88	100404.72	145763	0	AnneMcLaren	
7	3:13:43	1/1/2019 	13587	562.00	9.00	13.54	25.88	100403.84	146504	0	AnneMcLaren	
8	3:13:47	1/1/2019 	17485	113.00	8.00	6.95	25.88	100403.80	147837	0	AnneMcLaren	
9	3:13:49	1/1/2019 	19379	871.00	76.00	25.76	25.88	100404.15	97787	0	AnneMcLaren	
10	3:13:49	1/1/2019 	19600	681.00	10.00	14.94	25.88	100404.15	49821	1	AnneMcLaren	
11	3:13:49	1/1/2019 	19755	83.00	8.00	6.19	25.88	100404.15	2592	0	AnneMcLaren	
12	3:13:51	1/1/2019 	21010	65.00	7.00	5.92	25.88	100404.67	49819	0	AnneMcLaren	
13	3:13:52	1/1/2019 	22067	62.00	7.00	5.90	25.87	100404.45	49820	0	AnneMcLaren	
14	3:13:53	1/1/2019 	23844	662.00	9.00	14.57	25.87	100404.80	97795	1	AnneMcLaren	
15	3:13:54	1/1/2019 	24731	809.00	38.00	21.29	25.87	100404.98	51901	1	AnneMcLaren	
16	3:13:57	1/1/2019 	27147	72.00	8.00	6.00	25.87	100405.48	97794	0	AnneMcLaren	
17	3:13:58	1/1/2019 	28456	198.00	8.00	9.25	25.87	100406.02	49819	0	AnneMcLaren	
18	3:14:00	1/1/2019 	30722	63.00	7.00	5.91	25.87	100406.36	145764	0	AnneMcLaren	
19	3:14:01	1/1/2019 	31289	100.00	7.00	6.59	25.87	100406.31	2594	0	AnneMcLaren	
20	3:14:01	1/1/2019 	31343	289.00	8.00	10.91	25.87	100406.31	1851	0	AnneMcLaren	
21	3:14:04	1/1/2019 	34694	164.00	8.00	8.40	25.87	100407.36	195867	0	AnneMcLaren	
22	3:14:05	1/1/2019 	35176	145.00	8.00	7.87	25.87	100406.97	1848	0	AnneMcLaren	
23	3:14:05	1/1/2019 	35437	553.00	8.00	13.31	25.87	100406.97	1848	0	AnneMcLaren	
24	3:14:05	1/1/2019 	35590	589.00	8.00	13.71	25.87	100406.97	49820	0	AnneMcLaren	
25	3:14:06	1/1/2019 	36942	282.00	8.00	10.80	25.87	100407.32	49819	1	AnneMcLaren	
26	3:14:08	1/1/2019 	38613	753.00	21.00	18.40	25.86	100407.62	97795	0	AnneMcLaren	
27	3:14:09	1/1/2019 	39756	722.00	14.00	16.36	25.86	100407.97	51767	1	AnneMcLaren	
28	3:14:09	1/1/2019 	39783	69.00	8.00	5.97	25.86	100407.97	2592	0	AnneMcLaren	
29	3:14:10	1/1/2019 	40052	897.00	98.00	29.60	25.86	100407.97	1846	0	AnneMcLaren	
30	3:14:10	1/1/2019 	40569	96.00	7.00	6.49	25.86	100408.32	49822	0	AnneMcLaren	
31	3:14:11	1/1/2019 	41133	536.00	9.00	13.25	25.86	100408.32	1848	1	AnneMcLaren	
32	3:14:11	1/1/2019 	41571	227.00	8.00	9.87	25.86	100408.49	49820	0	AnneMcLaren	
33	3:14:12	1/1/2019 	42325	162.00	8.00	8.35	25.86	100408.31	8093	0	AnneMcLaren	
34	3:14:13	1/1/2019 	43059	842.00	63.00	23.96	25.86	100408.31	49817	0	AnneMcLaren	
35	3:14:13	1/1/2019 	43484	984.00	551.00	94.68	25.86	100408.48	1849	0	AnneMcLaren	
36	3:14:15	1/1/2019 	45155	665.00	10.00	14.90	25.86	100408.66	97791	0	AnneMcLaren	
37	3:14:15	1/1/2019 	45278	592.00	8.00	13.74	25.86	100408.66	1850	0	AnneMcLaren	
38	3:14:17	1/1/2019 	47342	91.00	7.00	6.37	25.86	100407.93	97789	0	AnneMcLaren	
39	3:14:21	1/1/2019 	51584	426.00	8.00	12.32	25.86	100406.84	243644	0	AnneMcLaren	
40	3:14:22	1/1/2019 	52173	162.00	8.00	8.35	25.86	100406.84	2591	0	AnneMcLaren	
41	3:14:23	1/1/2019 	53913	85.00	7.00	6.23	25.86	100406.67	97791	0	AnneMcLaren	
42	3:14:23	1/1/2019 	53954	146.00	8.00	7.90	25.86	100406.67	1850	1	AnneMcLaren	
43	3:14:24	1/1/2019 	54910	116.00	8.00	7.03	25.86	100406.33	49817	0	AnneMcLaren	
44	3:14:25	1/1/2019 	55970	131.00	7.00	7.47	25.85	100405.95	49819	0	AnneMcLaren	
45	3:14:26	1/1/2019 	56186	256.00	8.00	10.39	25.85	100406.12	1849	1	AnneMcLaren	
46	3:14:26	1/1/2019 	56351	113.00	8.00	6.95	25.85	100406.12	3923	0	AnneMcLaren	
47	3:14:28	1/1/2019 	58152	242.00	8.00	10.15	25.85	100406.30	97791	0	AnneMcLaren	
48	3:14:28	1/1/2019 	58265	753.00	20.00	18.16	25.85	100406.30	1848	0	AnneMcLaren	
49	3:14:29	1/1/2019 	59874	432.00	8.00	12.36	25.85	100405.97	97792	0	AnneMcLaren	
50	3:14:30	1/1/2019 	60402	95.00	7.00	6.46	25.85	100405.80	2590	1	AnneMcLaren	
51	3:14:31	1/1/2019 	61775	114.00	8.00	6.98	25.85	100405.97	97790	0	AnneMcLaren	
52	3:14:35	1/1/2019 	65236	432.00	9.00	12.43	25.85	100405.41	147835	0	AnneMcLaren	
53	3:14:35	1/1/2019 	65711	65.00	8.00	5.92	25.85	100405.41	49820	0	AnneMcLaren	
54	3:14:35	1/1/2019 	65849	114.00	8.00	6.98	25.85	100405.58	1846	0	AnneMcLaren	
55	3:14:37	1/1/2019 	67247	155.00	8.00	8.16	25.85	100405.75	49816	0	AnneMcLaren	
56	3:14:38	1/1/2019 	68314	145.00	8.00	7.87	25.85	100405.37	49818	0	AnneMcLaren	
57	3:14:47	1/1/2019 	77571	76.00	7.00	6.06	25.85	100405.16	481544	0	AnneMcLaren	
58	3:14:50	1/1/2019 	80333	144.00	8.00	7.85	25.85	100404.81	100637	0	AnneMcLaren	
59	3:14:50	1/1/2019 	80493	547.00	8.00	13.24	25.85	100404.81	2591	0	AnneMcLaren	
60	3:14:53	1/1/2019 	83483	58.00	8.00	5.88	25.85	100404.46	145759	0	AnneMcLaren	
61	3:14:54	1/1/2019 	84723	751.00	20.00	18.15	25.85	100404.81	97789	0	AnneMcLaren	
62	3:14:55	1/1/2019 	85720	137.00	8.00	7.64	25.85	100404.98	49820	0	AnneMcLaren	
63	3:14:56	1/1/2019 	86456	237.00	8.00	10.06	25.85	100405.16	1847	0	AnneMcLaren	
64	3:14:57	1/1/2019 	87557	122.00	8.00	7.21	25.85	100405.33	99866	0	AnneMcLaren	
65	3:14:59	1/1/2019 	89799	732.00	17.00	17.30	25.85	100405.67	97793	1	AnneMcLaren	
66	3:15:00	1/1/2019 	90328	217.00	8.00	9.67	25.85	100405.67	2593	0	AnneMcLaren	
67	3:15:00	1/1/2019 	90655	896.00	95.00	29.04	25.85	100405.67	49821	0	AnneMcLaren	
68	3:15:01	1/1/2019 	91615	746.00	19.00	17.89	25.85	100405.84	49821	1	AnneMcLaren	
69	3:15:03	1/1/2019 	93588	942.00	144.00	38.31	25.85	100405.50	97796	0	AnneMcLaren	
70	3:15:04	1/1/2019 	94083	433.00	8.00	12.37	25.85	100405.16	1850	0	AnneMcLaren	
71	3:15:07	1/1/2019 	97496	362.00	8.00	11.78	25.84	100403.94	147845	0	AnneMcLaren	
72	3:15:08	1/1/2019 	98001	227.00	8.00	9.87	25.84	100403.94	49819	1	AnneMcLaren	
73	3:15:09	1/1/2019 	99336	323.00	8.00	11.35	25.84	100403.59	49821	0	AnneMcLaren	
74	3:15:11	1/1/2019 	101368	975.00	430.00	78.51	25.84	100403.24	97798	0	AnneMcLaren	
75	3:15:11	1/1/2019 	101853	87.00	7.00	6.28	25.84	100403.24	50567	0	AnneMcLaren	
76	3:15:13	1/1/2019 	103020	718.00	12.00	15.66	25.84	100403.06	49824	1	AnneMcLaren	
77	3:15:13	1/1/2019 	103500	822.00	49.00	22.44	25.84	100403.06	3925	0	AnneMcLaren	
78	3:15:17	1/1/2019 	107795	85.00	8.00	6.24	25.84	100402.38	241737	0	AnneMcLaren	
79	3:15:20	1/1/2019 	110012	240.00	8.00	10.11	25.84	100401.47	97800	0	AnneMcLaren	
80	3:15:21	1/1/2019 	111173	114.00	7.00	6.97	25.84	100401.47	50566	0	AnneMcLaren	
81	3:15:22	1/1/2019 	112136	133.00	8.00	7.53	25.84	100401.47	49823	0	AnneMcLaren	
82	3:15:22	1/1/2019 	112337	429.00	8.00	12.34	25.84	100401.47	1848	1	AnneMcLaren	
83	3:15:25	1/1/2019 	115593	749.00	20.00	18.15	25.84	100401.30	200416	0	AnneMcLaren	
84	3:15:25	1/1/2019 	115700	94.00	8.00	6.44	25.84	100401.30	1849	0	AnneMcLaren	
85	3:15:26	1/1/2019 	116948	75.00	8.00	6.05	25.84	100401.12	49824	0	AnneMcLaren	
86	3:15:27	1/1/2019 	117656	158.00	8.00	8.24	25.84	100400.77	49825	0	AnneMcLaren	
87	3:15:28	1/1/2019 	118962	63.00	8.00	5.91	25.84	100400.95	49822	0	AnneMcLaren	
88	3:15:31	1/1/2019 	121306	68.00	8.00	5.95	25.84	100400.60	97797	0	AnneMcLaren	
89	3:15:31	1/1/2019 	121937	152.00	8.00	8.07	25.84	100400.77	52668	0	AnneMcLaren	
90	3:15:35	1/1/2019 	125896	135.00	8.00	7.59	25.84	100400.73	193745	0	AnneMcLaren	
91	3:15:40	1/1/2019 	130952	838.00	52.00	22.77	25.84	100401.78	241713	0	AnneMcLaren	
92	3:15:42	1/1/2019 	132471	59.00	7.00	5.89	25.84	100402.12	50569	0	AnneMcLaren	
93	3:15:47	1/1/2019 	137124	183.00	8.00	8.90	25.84	100402.47	241721	0	AnneMcLaren	
94	3:15:47	1/1/2019 	137457	90.00	8.00	6.35	25.84	100402.64	1847	0	AnneMcLaren	
95	3:15:48	1/1/2019 	138123	87.00	8.00	6.28	25.84	100402.29	51895	0	AnneMcLaren	
96	3:15:51	1/1/2019 	141697	130.00	8.00	7.44	25.84	100403.16	193742	0	AnneMcLaren	
97	3:15:52	1/1/2019 	142143	928.00	137.00	37.10	25.84	100402.98	2590	0	AnneMcLaren	
98	3:15:52	1/1/2019 	142221	144.00	8.00	7.85	25.84	100402.98	1850	0	AnneMcLaren	
99	3:15:55	1/1/2019 	145134	690.00	11.00	15.30	25.84	100404.03	145769	0	AnneMcLaren	
100	3:15:56	1/1/2019 	146029	861.00	75.00	25.59	25.84	100403.84	49824	0	AnneMcLaren	
101	3:15:56	1/1/2019 	146261	512.00	8.00	12.92	25.84	100403.84	3926	0	AnneMcLaren	
102	3:15:56	1/1/2019 	146638	61.00	8.00	5.90	25.84	100404.02	49819	0	AnneMcLaren	
103	3:15:56	1/1/2019 	146704	107.00	7.00	6.78	25.84	100404.02	1846	0	AnneMcLaren	
104	3:15:59	1/1/2019 	149757	93.00	8.00	6.42	25.84	100404.55	145776	0	AnneMcLaren	
105	3:16:01	1/1/2019 	151306	353.00	8.00	11.69	25.84	100404.55	50566	0	AnneMcLaren	
106	3:16:01	1/1/2019 	151725	83.00	8.00	6.19	25.84	100404.55	49822	0	AnneMcLaren	
107	3:16:03	1/1/2019 	153559	165.00	8.00	8.43	25.84	100404.55	99875	0	AnneMcLaren	
108	3:16:03	1/1/2019 	153574	74.00	7.00	6.03	25.84	100404.55	1848	0	AnneMcLaren	
109	3:16:03	1/1/2019 	153650	693.00	11.00	15.30	25.84	100404.55	1848	0	AnneMcLaren	
110	3:16:04	1/1/2019 	154399	57.00	8.00	5.88	25.83	100404.16	1850	0	AnneMcLaren	
111	3:16:07	1/1/2019 	157448	164.00	8.00	8.40	25.83	100403.81	145775	1	AnneMcLaren	
112	3:16:08	1/1/2019 	158481	132.00	7.00	7.49	25.83	100404.16	49823	0	AnneMcLaren	
113	3:16:10	1/1/2019 	160097	679.00	11.00	15.27	25.83	100404.33	99744	0	AnneMcLaren	
114	3:16:10	1/1/2019 	160458	164.00	8.00	8.40	25.83	100404.50	1850	0	AnneMcLaren	
115	3:16:11	1/1/2019 	161174	284.00	8.00	10.83	25.83	100404.33	49821	0	AnneMcLaren	
116	3:16:11	1/1/2019 	161598	236.00	8.00	10.04	25.83	100404.30	49823	1	AnneMcLaren	
117	3:16:11	1/1/2019 	161604	74.00	8.00	6.03	25.83	100404.30	1847	0	AnneMcLaren	
118	3:16:13	1/1/2019 	163282	645.00	9.00	14.49	25.83	100404.98	49821	0	AnneMcLaren	
119	3:16:15	1/1/2019 	165026	252.00	8.00	10.33	25.83	100405.51	97800	1	AnneMcLaren	
120	3:16:16	1/1/2019 	166221	109.00	8.00	6.84	25.83	100405.85	51783	0	AnneMcLaren	
121	3:16:18	1/1/2019 	168167	94.00	8.00	6.44	25.83	100405.47	97797	0	AnneMcLaren	
122	3:16:19	1/1/2019 	169020	96.00	8.00	6.49	25.83	100405.47	49822	0	AnneMcLaren	
123	3:16:19	1/1/2019 	169440	100.00	7.00	6.59	25.83	100405.30	1848	0	AnneMcLaren	
124	3:16:20	1/1/2019 	170495	165.00	8.00	8.43	25.83	100405.47	49825	0	AnneMcLaren	
125	3:16:22	1/1/2019 	172148	906.00	106.00	31.16	25.83	100405.30	98541	0	AnneMcLaren	
126	3:16:22	1/1/2019 	172987	124.00	8.00	7.27	25.83	100404.94	51923	0	AnneMcLaren	
127	3:16:22	1/1/2019 	172991	99.00	7.00	6.57	25.83	100404.94	1846	0	AnneMcLaren	
128	3:16:24	1/1/2019 	174444	70.00	8.00	5.98	25.83	100404.94	49822	0	AnneMcLaren	
129	3:16:25	1/1/2019 	175423	857.00	68.00	24.61	25.83	100404.59	49822	0	AnneMcLaren	
130	3:16:26	1/1/2019 	176771	186.00	8.00	8.97	25.83	100404.42	97801	0	AnneMcLaren	
131	3:16:28	1/1/2019 	178217	113.00	8.00	6.95	25.82	100403.72	49820	0	AnneMcLaren	
132	3:16:28	1/1/2019 	178609	141.00	8.00	7.76	25.82	100403.55	51836	0	AnneMcLaren	
133	3:16:29	1/1/2019 	179741	801.00	40.00	21.49	25.82	100403.20	49822	0	AnneMcLaren	
134	3:16:30	1/1/2019 	180491	126.00	8.00	7.32	25.82	100402.84	2593	0	AnneMcLaren	
135	3:16:30	1/1/2019 	180767	83.00	8.00	6.19	25.82	100402.84	49821	0	AnneMcLaren	
136	3:16:31	1/1/2019 	181396	628.00	9.00	14.35	25.82	100402.84	1847	0	AnneMcLaren	
137	3:16:31	1/1/2019 	181575	144.00	7.00	7.84	25.82	100402.84	49826	0	AnneMcLaren	
138	3:16:31	1/1/2019 	181633	73.00	8.00	6.02	25.82	100402.84	7694	0	AnneMcLaren	
139	3:16:34	1/1/2019 	184311	579.00	9.00	13.75	25.82	100402.12	97797	0	AnneMcLaren	
140	3:16:34	1/1/2019 	184789	127.00	8.00	7.35	25.82	100402.12	49824	0	AnneMcLaren	
141	3:16:36	1/1/2019 	186587	132.00	8.00	7.50	25.82	100401.77	97798	0	AnneMcLaren	
142	3:16:38	1/1/2019 	188148	83.00	8.00	6.19	25.82	100401.94	49822	0	AnneMcLaren	
143	3:16:38	1/1/2019 	188197	719.00	14.00	16.35	25.82	100401.94	1847	0	AnneMcLaren	
144	3:16:42	1/1/2019 	192572	423.00	8.00	12.30	25.82	100401.91	243663	0	AnneMcLaren	
145	3:16:43	1/1/2019 	193268	657.00	10.00	14.85	25.82	100402.08	2593	0	AnneMcLaren	
146	3:16:45	1/1/2019 	195739	60.00	7.00	5.89	25.82	100402.25	145777	0	AnneMcLaren	
147	3:16:47	1/1/2019 	197579	98.00	7.00	6.54	25.82	100402.94	97799	0	AnneMcLaren	
148	3:16:48	1/1/2019 	198294	102.00	8.00	6.65	25.82	100403.11	1849	0	AnneMcLaren	
149	3:16:48	1/1/2019 	198481	200.00	8.00	9.30	25.82	100403.11	1847	0	AnneMcLaren	
150	3:16:49	1/1/2019 	199369	556.00	9.00	13.47	25.82	100403.11	51897	0	AnneMcLaren	
151	3:16:49	1/1/2019 	199388	93.00	8.00	6.42	25.82	100403.11	1849	0	AnneMcLaren	
152	3:16:49	1/1/2019 	199782	692.00	11.00	15.30	25.82	100403.11	49824	0	AnneMcLaren	
153	3:16:51	1/1/2019 	201589	104.00	8.00	6.70	25.82	100403.45	98544	0	AnneMcLaren	
154	3:16:52	1/1/2019 	202110	61.00	7.00	5.89	25.82	100403.11	1847	0	AnneMcLaren	
155	3:16:57	1/1/2019 	207571	72.00	7.00	6.00	25.81	100402.03	289704	0	AnneMcLaren	
156	3:16:57	1/1/2019 	207754	74.00	8.00	6.03	25.81	100402.03	3927	0	AnneMcLaren	
157	3:17:00	1/1/2019 	210940	132.00	7.00	7.49	25.81	100402.20	145774	0	AnneMcLaren	
158	3:17:02	1/1/2019 	212706	58.00	7.00	5.88	25.81	100402.38	98545	0	AnneMcLaren	
159	3:17:03	1/1/2019 	213043	104.00	8.00	6.70	25.81	100402.72	1855	0	AnneMcLaren	
160	3:17:03	1/1/2019 	213079	174.00	6.00	8.65	25.81	100402.72	1849	1	AnneMcLaren	
161	3:17:06	1/1/2019 	216951	373.00	8.00	11.89	25.81	100403.03	193752	0	AnneMcLaren	
162	3:17:08	1/1/2019 	218149	974.00	437.00	79.40	25.81	100403.03	51901	0	AnneMcLaren	
163	3:17:08	1/1/2019 	218184	188.00	8.00	9.02	25.81	100403.03	1851	0	AnneMcLaren	
164	3:17:09	1/1/2019 	219270	141.00	8.00	7.76	25.81	100403.38	49824	0	AnneMcLaren	
165	3:17:09	1/1/2019 	219345	812.00	43.00	21.83	25.81	100403.38	1848	0	AnneMcLaren	
166	3:17:11	1/1/2019 	221231	143.00	8.00	7.82	25.81	100403.73	97804	0	AnneMcLaren	
167	3:17:13	1/1/2019 	223296	665.00	10.00	14.90	25.81	100404.77	98543	0	AnneMcLaren	
168	3:17:16	1/1/2019 	226469	299.00	8.00	11.05	25.81	100405.29	147855	0	AnneMcLaren	
169	3:17:17	1/1/2019 	227773	609.00	9.00	14.14	25.81	100405.64	97801	0	AnneMcLaren	
170	3:17:19	1/1/2019 	229384	170.00	8.00	8.56	25.81	100405.81	49828	0	AnneMcLaren	
171	3:17:19	1/1/2019 	229424	921.00	116.00	33.14	25.81	100405.81	1848	0	AnneMcLaren	
172	3:17:21	1/1/2019 	231143	758.00	23.00	18.87	25.81	100405.42	97803	0	AnneMcLaren	
173	3:17:22	1/1/2019 	232719	334.00	8.00	11.48	25.81	100405.25	98546	0	AnneMcLaren	
174	3:17:22	1/1/2019 	232838	464.00	8.00	12.58	25.81	100405.25	3925	1	AnneMcLaren	
175	3:17:27	1/1/2019 	237419	66.00	7.00	5.93	25.81	100404.73	193754	0	AnneMcLaren	
176	3:17:29	1/1/2019 	239738	964.00	266.00	52.14	25.81	100405.42	145781	0	AnneMcLaren	
177	3:17:30	1/1/2019 	240320	104.00	8.00	6.70	25.81	100405.59	2594	0	AnneMcLaren	
178	3:17:33	1/1/2019 	243690	120.00	7.00	7.15	25.81	100405.94	193749	0	AnneMcLaren	
179	3:17:35	1/1/2019 	245035	965.00	274.00	53.18	25.81	100406.29	49826	1	AnneMcLaren	
180	3:17:37	1/1/2019 	247286	112.00	8.00	6.92	25.81	100406.29	99881	0	AnneMcLaren	
181	3:17:37	1/1/2019 	247582	62.00	8.00	5.90	25.81	100406.29	49821	0	AnneMcLaren	
182	3:17:39	1/1/2019 	249124	168.00	8.00	8.51	25.81	100406.11	49821	0	AnneMcLaren	
183	3:17:40	1/1/2019 	250108	971.00	393.00	73.25	25.81	100406.11	49825	1	AnneMcLaren	
184	3:17:40	1/1/2019 	250674	357.00	8.00	11.73	25.81	100405.94	50569	0	AnneMcLaren	
185	3:17:41	1/1/2019 	251927	88.00	7.00	6.30	25.81	100405.94	49822	0	AnneMcLaren	
186	3:17:42	1/1/2019 	252867	155.00	8.00	8.16	25.81	100406.11	55649	0	AnneMcLaren	
187	3:17:46	1/1/2019 	256742	141.00	5.00	7.75	25.81	100406.46	193747	0	AnneMcLaren	
188	3:17:47	1/1/2019 	257284	688.00	11.00	15.29	25.81	100406.64	1850	0	AnneMcLaren	
189	3:17:47	1/1/2019 	257895	572.00	9.00	13.67	25.81	100406.46	49825	1	AnneMcLaren	
190	3:17:50	1/1/2019 	260693	126.00	8.00	7.32	25.81	100405.94	145779	0	AnneMcLaren	
191	3:17:51	1/1/2019 	261652	111.00	8.00	6.89	25.81	100405.94	50567	0	AnneMcLaren	
192	3:17:52	1/1/2019 	262420	579.00	9.00	13.75	25.81	100405.94	3925	0	AnneMcLaren	
193	3:17:53	1/1/2019 	263098	129.00	8.00	7.41	25.81	100405.94	49826	0	AnneMcLaren	
194	3:17:53	1/1/2019 	263609	549.00	8.00	13.26	25.81	100405.94	49823	0	AnneMcLaren	
195	3:17:54	1/1/2019 	264138	99.00	7.00	6.57	25.81	100405.77	1845	0	AnneMcLaren	
196	3:17:55	1/1/2019 	265201	66.00	8.00	5.93	25.81	100405.77	49826	0	AnneMcLaren	
197	3:17:55	1/1/2019 	265265	133.00	8.00	7.53	25.81	100405.59	1847	0	AnneMcLaren	
198	3:17:55	1/1/2019 	265387	75.00	7.00	6.05	25.81	100405.59	1847	0	AnneMcLaren	
199	3:17:55	1/1/2019 	265593	119.00	8.00	7.12	25.81	100405.59	51766	0	AnneMcLaren	
200	3:17:55	1/1/2019 	265907	546.00	8.00	13.23	25.81	100405.42	1847	0	AnneMcLaren	
201	3:17:58	1/1/2019 	268281	697.00	12.00	15.65	25.81	100405.42	97800	0	AnneMcLaren	
202	3:17:59	1/1/2019 	269591	71.00	8.00	5.99	25.81	100405.08	97805	0	AnneMcLaren	
203	3:18:00	1/1/2019 	270493	59.00	8.00	5.89	25.81	100405.08	2809	0	AnneMcLaren	
204	3:18:01	1/1/2019 	271852	57.00	10.00	5.88	25.81	100405.08	97802	0	AnneMcLaren	
205	3:18:03	1/1/2019 	273332	906.00	113.00	32.53	25.81	100405.25	51904	0	AnneMcLaren	
206	3:18:04	1/1/2019 	274771	106.00	8.00	6.75	25.81	100405.98	97803	0	AnneMcLaren	
207	3:18:08	1/1/2019 	278664	67.00	7.00	5.94	25.81	100406.50	193754	0	AnneMcLaren	
208	3:18:09	1/1/2019 	279005	906.00	110.00	31.94	25.81	100406.50	1849	0	AnneMcLaren	
209	3:18:09	1/1/2019 	279285	116.00	8.00	7.03	25.81	100406.67	1852	0	AnneMcLaren	
210	3:18:09	1/1/2019 	279960	212.00	8.00	9.56	25.81	100406.84	49824	0	AnneMcLaren	
211	3:18:10	1/1/2019 	280335	417.00	8.00	12.25	25.81	100406.84	4885	0	AnneMcLaren	
212	3:18:11	1/1/2019 	281392	114.00	8.00	6.98	25.81	100406.84	49824	0	AnneMcLaren	
213	3:18:12	1/1/2019 	282081	808.00	37.00	21.17	25.81	100407.41	49823	0	AnneMcLaren	
214	3:18:13	1/1/2019 	283991	395.00	8.00	12.08	25.81	100407.06	97801	1	AnneMcLaren	
215	3:18:14	1/1/2019 	284116	116.00	8.00	7.03	25.81	100407.06	1848	0	AnneMcLaren	
216	3:18:15	1/1/2019 	285394	755.00	21.00	18.41	25.81	100406.89	49825	0	AnneMcLaren	
217	3:18:15	1/1/2019 	285676	703.00	12.00	15.66	25.81	100406.71	51821	0	AnneMcLaren	
218	3:18:16	1/1/2019 	286382	69.00	7.00	5.96	25.81	100406.71	1849	0	AnneMcLaren	
219	3:18:17	1/1/2019 	287083	136.00	7.00	7.61	25.81	100406.54	49827	0	AnneMcLaren	
220	3:18:20	1/1/2019 	290410	143.00	8.00	7.82	25.81	100406.19	145778	0	AnneMcLaren	
221	3:18:21	1/1/2019 	291124	128.00	7.00	7.38	25.82	100406.58	50786	0	AnneMcLaren	
222	3:18:22	1/1/2019 	292202	144.00	8.00	7.85	25.82	100406.41	49824	0	AnneMcLaren	
223	3:18:24	1/1/2019 	294176	67.00	8.00	5.94	25.82	100405.89	99878	0	AnneMcLaren	
224	3:18:24	1/1/2019 	294402	331.00	8.00	11.45	25.82	100405.89	1848	0	AnneMcLaren	
225	3:18:24	1/1/2019 	294554	645.00	9.00	14.49	25.82	100405.89	49825	1	AnneMcLaren	
226	3:18:24	1/1/2019 	294575	85.00	9.00	6.24	25.82	100405.89	1848	0	AnneMcLaren	
227	3:18:24	1/1/2019 	294813	613.00	8.00	13.97	25.82	100405.71	1848	1	AnneMcLaren	
228	3:18:25	1/1/2019 	295442	73.00	7.00	6.02	25.82	100405.71	1847	0	AnneMcLaren	
229	3:18:26	1/1/2019 	296953	671.00	10.00	14.92	25.82	100405.36	99743	0	AnneMcLaren	
230	3:18:27	1/1/2019 	297940	114.00	7.00	6.97	25.82	100405.19	49827	0	AnneMcLaren	
231	3:18:30	1/1/2019 	300024	238.00	8.00	10.08	25.82	100404.84	97806	0	AnneMcLaren	
232	3:18:30	1/1/2019 	300761	151.00	7.00	8.04	25.82	100405.20	50789	0	AnneMcLaren	
233	3:18:31	1/1/2019 	301724	85.00	3.00	6.23	25.82	100405.03	49825	0	AnneMcLaren	
234	3:18:32	1/1/2019 	302161	873.00	81.00	26.54	25.82	100404.85	1849	1	AnneMcLaren	
235	3:18:32	1/1/2019 	302708	101.00	8.00	6.62	25.82	100405.03	51906	0	AnneMcLaren	
236	3:18:32	1/1/2019 	302919	541.00	9.00	13.31	25.82	100405.03	1847	0	AnneMcLaren	
237	3:18:33	1/1/2019 	303589	712.00	14.00	16.34	25.82	100405.03	49828	0	AnneMcLaren	
238	3:18:33	1/1/2019 	303619	106.00	8.00	6.75	25.82	100405.03	1851	0	AnneMcLaren	
239	3:18:34	1/1/2019 	304626	160.00	7.00	8.29	25.82	100405.38	49828	0	AnneMcLaren	
240	3:18:35	1/1/2019 	305292	91.00	8.00	6.37	25.82	100405.38	1857	0	AnneMcLaren	
241	3:18:35	1/1/2019 	305733	977.00	334.00	62.97	25.82	100405.38	51772	0	AnneMcLaren	
242	3:18:36	1/1/2019 	306184	60.00	7.00	5.89	25.82	100405.55	1854	0	AnneMcLaren	
243	3:18:38	1/1/2019 	308114	112.00	8.00	6.92	25.82	100406.62	97805	0	AnneMcLaren	
244	3:18:38	1/1/2019 	308233	723.00	15.00	16.68	25.82	100406.62	1854	0	AnneMcLaren	
245	3:18:38	1/1/2019 	308659	90.00	8.00	6.35	25.82	100406.62	49833	0	AnneMcLaren	
246	3:18:40	1/1/2019 	310748	956.00	165.00	41.49	25.82	100407.32	97807	0	AnneMcLaren	
247	3:18:43	1/1/2019 	313581	909.00	116.00	33.12	25.82	100407.84	163062	1	AnneMcLaren	
248	3:18:43	1/1/2019 	313875	131.00	8.00	7.47	25.82	100408.02	1851	0	AnneMcLaren	
249	3:18:44	1/1/2019 	314125	123.00	8.00	7.24	25.82	100408.02	1846	0	AnneMcLaren	
250	3:18:44	1/1/2019 	314424	648.00	9.00	14.51	25.82	100407.84	1848	0	AnneMcLaren	
251	3:18:45	1/1/2019 	315095	81.00	8.00	6.15	25.82	100408.02	49825	0	AnneMcLaren	
252	3:18:45	1/1/2019 	315613	267.00	8.00	10.57	25.82	100408.02	49824	0	AnneMcLaren	
253	3:18:46	1/1/2019 	316090	149.00	8.00	7.99	25.82	100408.02	3786	0	AnneMcLaren	
254	3:18:47	1/1/2019 	317354	128.00	8.00	7.38	25.82	100408.19	49824	0	AnneMcLaren	
255	3:18:51	1/1/2019 	321232	61.00	8.00	5.90	25.82	100408.22	193753	0	AnneMcLaren	
256	3:18:52	1/1/2019 	322361	103.00	7.00	6.67	25.82	100408.05	50786	0	AnneMcLaren	
257	3:18:52	1/1/2019 	322748	142.00	10.00	7.80	25.82	100408.05	49826	0	AnneMcLaren	
258	3:18:53	1/1/2019 	323710	142.00	8.00	7.79	25.82	100407.88	49828	0	AnneMcLaren	
259	3:18:53	1/1/2019 	323796	71.00	7.00	5.99	25.82	100407.88	3933	0	AnneMcLaren	
260	3:18:56	1/1/2019 	326707	760.00	25.00	19.28	25.83	100408.06	145782	1	AnneMcLaren	
261	3:18:58	1/1/2019 	328047	136.00	7.00	7.61	25.83	100408.06	49825	0	AnneMcLaren	
262	3:18:58	1/1/2019 	328757	192.00	8.00	9.11	25.83	100408.06	49827	0	AnneMcLaren	
263	3:18:58	1/1/2019 	328982	186.00	8.00	8.97	25.83	100408.06	1846	0	AnneMcLaren	
264	3:18:59	1/1/2019 	329135	393.00	8.00	12.06	25.83	100408.06	1846	0	AnneMcLaren	
265	3:18:59	1/1/2019 	329232	427.00	8.00	12.32	25.83	100408.06	1848	1	AnneMcLaren	
266	3:18:59	1/1/2019 	329822	212.00	8.00	9.56	25.83	100408.41	51764	0	AnneMcLaren	
267	3:19:01	1/1/2019 	331485	878.00	79.00	26.24	25.83	100408.58	50787	0	AnneMcLaren	
268	3:19:01	1/1/2019 	331689	454.00	8.00	12.51	25.83	100408.58	49827	0	AnneMcLaren	
269	3:19:02	1/1/2019 	332685	266.00	8.00	10.56	25.83	100408.58	49823	1	AnneMcLaren	
270	3:19:03	1/1/2019 	333347	968.00	380.00	71.14	25.83	100408.75	1848	1	AnneMcLaren	
271	3:19:04	1/1/2019 	334213	88.00	7.00	6.30	25.83	100408.92	49827	0	AnneMcLaren	
272	3:19:05	1/1/2019 	335464	656.00	9.00	14.55	25.83	100408.92	51904	0	AnneMcLaren	
273	3:19:05	1/1/2019 	335856	247.00	8.00	10.24	25.83	100409.09	49825	0	AnneMcLaren	
274	3:19:06	1/1/2019 	336667	127.00	8.00	7.35	25.83	100409.09	49822	0	AnneMcLaren	
275	3:19:08	1/1/2019 	338242	418.00	8.00	12.26	25.83	100409.98	49824	0	AnneMcLaren	
276	3:19:09	1/1/2019 	339226	649.00	9.00	14.52	25.83	100410.33	49824	0	AnneMcLaren	
277	3:19:09	1/1/2019 	339311	84.00	8.00	6.21	25.83	100410.33	1849	0	AnneMcLaren	
278	3:19:09	1/1/2019 	339447	392.00	8.00	12.06	25.83	100410.33	3786	0	AnneMcLaren	
279	3:19:10	1/1/2019 	340680	109.00	8.00	6.84	25.83	100410.50	97801	0	AnneMcLaren	
280	3:19:10	1/1/2019 	340839	95.00	7.00	6.46	25.83	100410.50	2810	0	AnneMcLaren	
281	3:19:10	1/1/2019 	340854	929.00	133.00	36.38	25.83	100410.50	1849	0	AnneMcLaren	
282	3:19:12	1/1/2019 	342205	62.00	8.00	5.90	25.83	100410.50	49824	0	AnneMcLaren	
283	3:19:14	1/1/2019 	344729	847.00	70.00	24.85	25.83	100410.84	145773	0	AnneMcLaren	
284	3:19:16	1/1/2019 	346745	449.00	8.00	12.48	25.83	100411.05	99879	0	AnneMcLaren	
285	3:19:21	1/1/2019 	351036	58.00	8.00	5.88	25.83	100410.36	193753	0	AnneMcLaren	
286	3:19:21	1/1/2019 	351924	896.00	92.00	28.49	25.83	100410.53	50787	0	AnneMcLaren	
287	3:19:22	1/1/2019 	352435	905.00	109.00	31.74	25.83	100410.53	1849	0	AnneMcLaren	
288	3:19:22	1/1/2019 	352969	748.00	18.00	17.62	25.83	100410.70	49828	0	AnneMcLaren	
289	3:19:23	1/1/2019 	353276	462.00	9.00	12.64	25.83	100410.53	1850	0	AnneMcLaren	
290	3:19:23	1/1/2019 	353965	612.00	8.00	13.96	25.83	100410.53	51902	0	AnneMcLaren	
291	3:19:23	1/1/2019 	353983	593.00	8.00	13.75	25.83	100410.53	1847	0	AnneMcLaren	
292	3:19:24	1/1/2019 	354146	64.00	7.00	5.91	25.83	100410.53	1846	0	AnneMcLaren	
293	3:19:25	1/1/2019 	355442	768.00	25.00	19.30	25.83	100410.53	49824	0	AnneMcLaren	
294	3:19:26	1/1/2019 	356913	226.00	8.00	9.85	25.83	100410.53	97805	0	AnneMcLaren	
295	3:19:27	1/1/2019 	357152	65.00	7.00	5.92	25.83	100410.53	1847	0	AnneMcLaren	
296	3:19:27	1/1/2019 	357315	106.00	8.00	6.75	25.83	100410.53	3843	0	AnneMcLaren	
297	3:19:30	1/1/2019 	360088	526.00	8.00	13.04	25.83	100410.53	145775	0	AnneMcLaren	
298	3:19:31	1/1/2019 	361749	213.00	8.00	9.58	25.83	100410.53	98763	0	AnneMcLaren	
299	3:19:32	1/1/2019 	362556	98.00	8.00	6.54	25.83	100410.53	49825	0	AnneMcLaren	
300	3:19:32	1/1/2019 	362907	260.00	7.00	10.44	25.83	100410.92	1848	1	AnneMcLaren	
301	3:19:33	1/1/2019 	363605	130.00	8.00	7.44	25.83	100411.09	49827	0	AnneMcLaren	
302	3:19:34	1/1/2019 	364066	62.00	8.00	5.90	25.83	100410.92	3925	0	AnneMcLaren	
303	3:19:35	1/1/2019 	365288	193.00	8.00	9.14	25.83	100410.92	49825	0	AnneMcLaren	
304	3:19:36	1/1/2019 	366233	86.00	7.00	6.26	25.83	100411.09	49824	0	AnneMcLaren	
305	3:19:36	1/1/2019 	366434	172.00	8.00	8.62	25.83	100411.09	1850	1	AnneMcLaren	
306	3:19:36	1/1/2019 	366780	388.00	8.00	12.02	25.83	100411.09	49824	0	AnneMcLaren	
307	3:19:40	1/1/2019 	370927	123.00	8.00	7.24	25.83	100411.44	193755	0	AnneMcLaren	
308	3:19:40	1/1/2019 	370963	971.00	299.00	56.90	25.83	100411.44	9041	0	AnneMcLaren	
309	3:19:43	1/1/2019 	373109	719.00	14.00	16.35	25.84	100412.17	97803	0	AnneMcLaren	
310	3:19:45	1/1/2019 	375339	585.00	8.00	13.66	25.84	100412.34	97802	0	AnneMcLaren	
311	3:19:46	1/1/2019 	376110	464.00	9.00	12.66	25.84	100412.52	49824	0	AnneMcLaren	
312	3:19:47	1/1/2019 	377152	670.00	10.00	14.92	25.84	100412.69	49826	0	AnneMcLaren	
313	3:19:47	1/1/2019 	377854	161.00	8.00	8.32	25.84	100412.69	49824	0	AnneMcLaren	
314	3:19:47	1/1/2019 	377875	116.00	7.00	7.03	25.84	100412.69	3785	0	AnneMcLaren	
315	3:19:48	1/1/2019 	378461	141.00	8.00	7.76	25.84	100412.69	1848	0	AnneMcLaren	
316	3:19:49	1/1/2019 	379839	711.00	14.00	16.34	25.84	100412.86	97801	1	AnneMcLaren	
317	3:19:51	1/1/2019 	381429	386.00	9.00	12.06	25.84	100413.22	50790	0	AnneMcLaren	
318	3:19:53	1/1/2019 	383268	415.00	8.00	12.24	25.84	100413.56	97800	0	AnneMcLaren	
319	3:19:53	1/1/2019 	383327	660.00	10.00	14.87	25.84	100413.56	1848	0	AnneMcLaren	
320	3:19:53	1/1/2019 	383483	715.00	13.00	16.01	25.84	100413.56	3926	0	AnneMcLaren	
321	3:19:53	1/1/2019 	383491	793.00	33.00	20.65	25.84	100413.56	1850	0	AnneMcLaren	
322	3:19:54	1/1/2019 	384199	786.00	28.00	19.88	25.84	100413.73	49824	0	AnneMcLaren	
323	3:19:55	1/1/2019 	385189	130.00	8.00	7.44	25.84	100414.09	49826	1	AnneMcLaren	
324	3:19:55	1/1/2019 	385856	158.00	8.00	8.24	25.84	100414.26	49827	0	AnneMcLaren	
325	3:19:56	1/1/2019 	386978	74.00	8.00	6.03	25.84	100414.43	49824	0	AnneMcLaren	
326	3:19:59	1/1/2019 	389856	137.00	7.00	7.64	25.84	100414.95	147719	0	AnneMcLaren	
327	3:20:00	1/1/2019 	390274	110.00	8.00	6.86	25.84	100414.95	2812	0	AnneMcLaren	
328	3:20:00	1/1/2019 	390281	843.00	60.00	23.62	25.84	100414.95	1848	0	AnneMcLaren	
329	3:20:00	1/1/2019 	390423	151.00	7.00	8.04	25.84	100414.95	1849	0	AnneMcLaren	
330	3:20:00	1/1/2019 	390808	164.00	8.00	8.40	25.84	100415.30	49825	0	AnneMcLaren	
331	3:20:02	1/1/2019 	392077	250.00	8.00	10.29	25.84	100416.20	49823	0	AnneMcLaren	
332	3:20:04	1/1/2019 	394123	754.00	20.00	18.16	25.84	100417.42	99881	1	AnneMcLaren	
333	3:20:04	1/1/2019 	394815	88.00	8.00	6.30	25.84	100417.59	49827	0	AnneMcLaren	
334	3:20:05	1/1/2019 	395182	62.00	8.00	5.90	25.84	100417.77	1847	0	AnneMcLaren	
335	3:20:06	1/1/2019 	396132	148.00	8.00	7.96	25.84	100418.28	49825	0	AnneMcLaren	
336	3:20:06	1/1/2019 	396617	191.00	7.00	9.08	25.84	100418.45	49826	0	AnneMcLaren	
337	3:20:06	1/1/2019 	396657	74.00	7.00	6.03	25.84	100418.45	1849	0	AnneMcLaren	
338	3:20:06	1/1/2019 	396704	85.00	8.00	6.24	25.84	100418.45	3788	0	AnneMcLaren	
339	3:20:07	1/1/2019 	397255	67.00	8.00	5.94	25.84	100418.28	1848	0	AnneMcLaren	
340	3:20:09	1/1/2019 	399158	121.00	8.00	7.18	25.84	100418.63	97803	0	AnneMcLaren	
341	3:20:09	1/1/2019 	399564	61.00	7.00	5.89	25.84	100418.63	49826	1	AnneMcLaren	
342	3:20:09	1/1/2019 	399755	403.00	8.00	12.14	25.84	100418.80	2810	1	AnneMcLaren	
343	3:20:09	1/1/2019 	399960	729.00	15.00	16.69	25.84	100418.80	1847	0	AnneMcLaren	
344	3:20:15	1/1/2019 	405718	403.00	8.00	12.14	25.84	100419.50	291839	0	AnneMcLaren	
345	3:20:16	1/1/2019 	406739	249.00	7.00	10.25	25.84	100419.67	49824	0	AnneMcLaren	
346	3:20:18	1/1/2019 	408072	153.00	8.00	8.10	25.84	100419.84	49826	0	AnneMcLaren	
347	3:20:18	1/1/2019 	408972	95.00	7.00	6.46	25.84	100419.84	49827	0	AnneMcLaren	
348	3:20:20	1/1/2019 	410398	700.00	12.00	15.65	25.84	100420.19	49827	1	AnneMcLaren	
349	3:20:21	1/1/2019 	411361	94.00	8.00	6.44	25.84	100420.19	50787	0	AnneMcLaren	
350	3:20:23	1/1/2019 	413735	159.00	8.00	8.27	25.84	100420.19	145778	0	AnneMcLaren	
351	3:20:24	1/1/2019 	414850	232.00	8.00	9.97	25.84	100419.84	51902	0	AnneMcLaren	
352	3:20:28	1/1/2019 	418557	658.00	10.00	14.86	25.84	100419.89	193756	0	AnneMcLaren	
353	3:20:29	1/1/2019 	419204	912.00	106.00	31.17	25.84	100419.89	1850	0	AnneMcLaren	
354	3:20:29	1/1/2019 	419312	137.00	8.00	7.64	25.84	100419.89	1851	0	AnneMcLaren	
355	3:20:29	1/1/2019 	419592	94.00	8.00	6.44	25.84	100420.06	49825	0	AnneMcLaren	
356	3:20:30	1/1/2019 	420271	190.00	8.00	9.07	25.84	100420.06	2808	0	AnneMcLaren	
357	3:20:30	1/1/2019 	420632	62.00	8.00	5.90	25.84	100420.06	51900	0	AnneMcLaren	
358	3:20:31	1/1/2019 	421428	447.00	8.00	12.46	25.84	100419.89	1847	0	AnneMcLaren	
359	3:20:32	1/1/2019 	422308	650.00	9.00	14.52	25.84	100419.89	49823	0	AnneMcLaren	
360	3:20:32	1/1/2019 	422745	66.00	7.00	5.93	25.84	100419.89	49826	0	AnneMcLaren	
361	3:20:33	1/1/2019 	423973	64.00	8.00	5.92	25.84	100420.06	49825	0	AnneMcLaren	
362	3:20:34	1/1/2019 	424091	70.00	8.00	5.98	25.84	100420.06	1846	0	AnneMcLaren	
363	3:20:35	1/1/2019 	425076	76.00	8.00	6.07	25.84	100419.89	51763	0	AnneMcLaren	
364	3:20:35	1/1/2019 	425182	594.00	9.00	13.95	25.84	100419.89	1848	0	AnneMcLaren	
365	3:20:35	1/1/2019 	425355	206.00	8.00	9.43	25.84	100419.71	1849	0	AnneMcLaren	
366	3:20:36	1/1/2019 	426068	739.00	17.00	17.32	25.84	100419.54	49824	0	AnneMcLaren	
367	3:20:36	1/1/2019 	426654	965.00	167.00	41.76	25.84	100419.37	49826	1	AnneMcLaren	
368	3:20:37	1/1/2019 	427394	74.00	8.00	6.03	25.85	100419.72	1850	0	AnneMcLaren	
369	3:20:39	1/1/2019 	430018	903.00	108.00	31.54	25.85	100419.72	147716	1	AnneMcLaren	
370	3:20:41	1/1/2019 	431185	271.00	8.00	10.64	25.85	100419.55	50785	1	AnneMcLaren	
371	3:20:41	1/1/2019 	431245	549.00	8.00	13.26	25.85	100419.55	1848	0	AnneMcLaren	
372	3:20:42	1/1/2019 	432055	803.00	39.00	21.39	25.85	100419.20	49821	1	AnneMcLaren	
373	3:20:43	1/1/2019 	433126	67.00	7.00	5.94	25.85	100419.20	49823	0	AnneMcLaren	
374	3:20:43	1/1/2019 	433693	63.00	8.00	5.91	25.85	100418.86	49824	0	AnneMcLaren	
375	3:20:43	1/1/2019 	433719	69.00	8.00	5.97	25.85	100418.86	3925	0	AnneMcLaren	
376	3:20:43	1/1/2019 	433914	534.00	9.00	13.23	25.85	100418.86	1847	1	AnneMcLaren	
377	3:20:44	1/1/2019 	434853	605.00	9.00	14.09	25.85	100418.51	49821	0	AnneMcLaren	
378	3:20:45	1/1/2019 	435268	970.00	292.00	55.79	25.85	100418.51	1851	0	AnneMcLaren	
379	3:20:49	1/1/2019 	439103	108.00	8.00	6.81	25.85	100418.89	193741	0	AnneMcLaren	
380	3:20:50	1/1/2019 	440341	68.00	8.00	5.95	25.85	100419.23	49823	0	AnneMcLaren	
381	3:20:51	1/1/2019 	441576	113.00	7.00	6.95	25.85	100419.23	100834	0	AnneMcLaren	
382	3:20:52	1/1/2019 	442856	626.00	9.00	14.33	25.85	100419.23	49824	0	AnneMcLaren	
383	3:20:52	1/1/2019 	442952	967.00	186.00	44.01	25.85	100419.23	1850	0	AnneMcLaren	
384	3:20:54	1/1/2019 	444222	68.00	8.00	5.95	25.85	100418.72	49824	0	AnneMcLaren	
385	3:20:54	1/1/2019 	444885	83.00	8.00	6.19	25.85	100418.72	49823	0	AnneMcLaren	
386	3:20:57	1/1/2019 	447216	929.00	133.00	36.38	25.85	100419.11	97796	0	AnneMcLaren	
387	3:21:03	1/1/2019 	453401	105.00	8.00	6.73	25.85	100420.14	291586	0	AnneMcLaren	
388	3:21:03	1/1/2019 	453833	432.00	8.00	12.36	25.85	100420.31	50566	1	AnneMcLaren	
389	3:21:04	1/1/2019 	454452	534.00	8.00	13.12	25.85	100420.49	1848	0	AnneMcLaren	
390	3:21:04	1/1/2019 	454733	101.00	8.00	6.62	25.85	100420.49	49823	0	AnneMcLaren	
391	3:21:06	1/1/2019 	456439	70.00	8.00	5.98	25.85	100420.49	49822	0	AnneMcLaren	
392	3:21:06	1/1/2019 	456653	172.00	8.00	8.62	25.85	100420.49	49823	0	AnneMcLaren	
393	3:21:09	1/1/2019 	459080	112.00	7.00	6.92	25.85	100420.88	101061	0	AnneMcLaren	
394	3:21:10	1/1/2019 	460216	622.00	9.00	14.29	25.85	100420.70	49832	0	AnneMcLaren	
395	3:21:11	1/1/2019 	461316	832.00	51.00	22.66	25.85	100420.35	50569	0	AnneMcLaren	
396	3:21:11	1/1/2019 	461901	122.00	7.00	7.20	25.85	100420.18	49824	0	AnneMcLaren	
397	3:21:11	1/1/2019 	461981	68.00	7.00	5.95	25.85	100420.18	1848	0	AnneMcLaren	
398	3:21:12	1/1/2019 	462660	461.00	9.00	12.64	25.85	100419.48	49824	0	AnneMcLaren	
399	3:21:14	1/1/2019 	464646	110.00	7.00	6.86	25.85	100418.80	99877	0	AnneMcLaren	
400	3:21:14	1/1/2019 	464826	318.00	9.00	11.33	25.85	100418.62	1852	0	AnneMcLaren	
401	3:21:17	1/1/2019 	467442	300.00	8.00	11.06	25.85	100417.75	97805	0	AnneMcLaren	
402	3:21:17	1/1/2019 	467738	569.00	9.00	13.63	25.85	100417.75	49823	0	AnneMcLaren	
403	3:21:18	1/1/2019 	468358	183.00	8.00	8.90	25.85	100417.58	1849	0	AnneMcLaren	
404	3:21:19	1/1/2019 	469079	98.00	8.00	6.54	25.85	100417.23	49822	0	AnneMcLaren	
405	3:21:19	1/1/2019 	469845	444.00	9.00	12.52	25.85	100417.56	51762	0	AnneMcLaren	
406	3:21:19	1/1/2019 	469984	109.00	8.00	6.84	25.85	100417.56	2591	0	AnneMcLaren	
407	3:21:20	1/1/2019 	470567	186.00	8.00	8.97	25.85	100417.39	49822	0	AnneMcLaren	
408	3:21:22	1/1/2019 	472038	732.00	17.00	17.30	25.85	100417.04	49822	0	AnneMcLaren	
409	3:21:22	1/1/2019 	472734	59.00	8.00	5.89	25.85	100417.22	49825	0	AnneMcLaren	
410	3:21:26	1/1/2019 	476328	181.00	7.00	8.84	25.85	100417.04	145774	0	AnneMcLaren	
411	3:21:26	1/1/2019 	476365	84.00	8.00	6.21	25.85	100417.04	3980	1	AnneMcLaren	
412	3:21:31	1/1/2019 	481774	696.00	13.00	15.97	25.85	100417.39	289698	0	AnneMcLaren	
413	3:21:32	1/1/2019 	482094	81.00	2.00	6.14	25.85	100417.56	2594	0	AnneMcLaren	
414	3:21:33	1/1/2019 	483604	131.00	7.00	7.47	25.85	100417.91	97799	0	AnneMcLaren	
415	3:21:34	1/1/2019 	484574	126.00	8.00	7.32	25.85	100418.25	49826	0	AnneMcLaren	
416	3:21:34	1/1/2019 	484892	409.00	8.00	12.19	25.85	100418.25	1847	0	AnneMcLaren	
417	3:21:35	1/1/2019 	485061	497.00	8.00	12.81	25.85	100418.42	3923	0	AnneMcLaren	
418	3:21:35	1/1/2019 	485376	61.00	7.00	5.89	25.85	100418.42	1847	0	AnneMcLaren	
419	3:21:36	1/1/2019 	486676	76.00	8.00	6.07	25.85	100418.95	97803	0	AnneMcLaren	
420	3:21:37	1/1/2019 	487887	192.00	8.00	9.11	25.85	100418.80	49825	0	AnneMcLaren	
421	3:21:38	1/1/2019 	488034	575.00	9.00	13.70	25.85	100418.80	1847	1	AnneMcLaren	
422	3:21:42	1/1/2019 	492174	780.00	30.00	20.19	25.85	100418.80	193746	0	AnneMcLaren	
423	3:21:42	1/1/2019 	492976	64.00	8.00	5.92	25.85	100418.62	50571	1	AnneMcLaren	
424	3:21:42	1/1/2019 	493004	973.00	405.00	75.08	25.85	100418.62	3930	1	AnneMcLaren	
425	3:21:43	1/1/2019 	493908	689.00	11.00	15.30	25.85	100418.45	49829	0	AnneMcLaren	
426	3:21:46	1/1/2019 	496101	84.00	11.00	6.22	25.85	100418.62	97802	0	AnneMcLaren	
427	3:21:47	1/1/2019 	497581	187.00	8.00	8.99	25.85	100418.62	97807	0	AnneMcLaren	
428	3:21:48	1/1/2019 	498729	872.00	69.00	24.78	25.85	100418.45	49829	0	AnneMcLaren	
429	3:21:52	1/1/2019 	502103	59.00	7.00	5.89	25.85	100419.14	145779	0	AnneMcLaren	
430	3:21:52	1/1/2019 	502208	769.00	26.00	19.49	25.85	100419.14	4753	0	AnneMcLaren	
431	3:21:52	1/1/2019 	502841	60.00	7.00	5.89	25.85	100419.14	49824	0	AnneMcLaren	
432	3:21:53	1/1/2019 	503191	798.00	38.00	21.27	25.85	100419.14	1849	0	AnneMcLaren	
433	3:21:53	1/1/2019 	503697	964.00	162.00	41.08	25.85	100419.31	49826	0	AnneMcLaren	
434	3:21:54	1/1/2019 	504116	92.00	7.00	6.39	25.85	100419.31	1850	0	AnneMcLaren	
435	3:21:55	1/1/2019 	505684	82.00	8.00	6.17	25.85	100419.31	97801	0	AnneMcLaren	
436	3:21:56	1/1/2019 	506490	99.00	8.00	6.57	25.85	100419.31	3787	0	AnneMcLaren	
437	3:21:56	1/1/2019 	506848	118.00	8.00	7.09	25.85	100419.31	49823	0	AnneMcLaren	
438	3:21:58	1/1/2019 	508241	121.00	4.00	7.17	25.85	100419.66	49822	0	AnneMcLaren	
439	3:21:58	1/1/2019 	508840	765.00	21.00	18.43	25.85	100419.66	49823	0	AnneMcLaren	
440	3:21:59	1/1/2019 	509709	143.00	8.00	7.82	25.85	100419.11	49825	0	AnneMcLaren	
441	3:22:00	1/1/2019 	510055	58.00	7.00	5.88	25.85	100419.11	2591	0	AnneMcLaren	
442	3:22:03	1/1/2019 	513142	84.00	8.00	6.21	25.85	100418.76	147851	0	AnneMcLaren	
443	3:22:03	1/1/2019 	513596	773.00	24.00	19.11	25.85	100418.76	49824	0	AnneMcLaren	
444	3:22:06	1/1/2019 	516398	900.00	102.00	30.37	25.85	100418.41	97800	0	AnneMcLaren	
445	3:22:06	1/1/2019 	516887	127.00	8.00	7.35	25.85	100418.41	49828	0	AnneMcLaren	
446	3:22:08	1/1/2019 	518188	64.00	7.00	5.91	25.85	100418.23	49824	0	AnneMcLaren	
447	3:22:08	1/1/2019 	518408	535.00	8.00	13.13	25.85	100418.23	1849	0	AnneMcLaren	
448	3:22:10	1/1/2019 	520444	557.00	8.00	13.35	25.85	100418.41	99742	0	AnneMcLaren	
449	3:22:11	1/1/2019 	521160	813.00	51.00	22.62	25.85	100418.58	50568	0	AnneMcLaren	
450	3:22:11	1/1/2019 	521421	156.00	8.00	8.19	25.85	100418.58	1850	0	AnneMcLaren	
451	3:22:13	1/1/2019 	523026	625.00	9.00	14.32	25.85	100418.58	97800	0	AnneMcLaren	
452	3:22:15	1/1/2019 	525447	970.00	260.00	51.40	25.85	100418.41	97802	0	AnneMcLaren	
453	3:22:16	1/1/2019 	526139	913.00	108.00	31.57	25.85	100418.06	49827	0	AnneMcLaren	
454	3:22:16	1/1/2019 	526224	145.00	8.00	7.87	25.85	100418.06	3927	0	AnneMcLaren	
455	3:22:17	1/1/2019 	527365	634.00	9.00	14.40	25.85	100418.06	49822	0	AnneMcLaren	
456	3:22:17	1/1/2019 	527711	115.00	8.00	7.01	25.85	100418.23	49826	0	AnneMcLaren	
457	3:22:19	1/1/2019 	529823	684.00	11.00	15.29	25.85	100418.80	97802	0	AnneMcLaren	
458	3:22:19	1/1/2019 	529874	340.00	8.00	11.55	25.85	100418.80	2592	0	AnneMcLaren	
459	3:22:20	1/1/2019 	530235	372.00	8.00	11.88	25.85	100418.80	1848	0	AnneMcLaren	
460	3:22:20	1/1/2019 	530471	264.00	8.00	10.53	25.85	100418.62	3926	0	AnneMcLaren	
461	3:22:24	1/1/2019 	534276	89.00	8.00	6.32	25.85	100418.80	193757	0	AnneMcLaren	
462	3:22:28	1/1/2019 	538409	181.00	8.00	8.85	25.85	100418.41	193757	0	AnneMcLaren	
463	3:22:28	1/1/2019 	538412	77.00	8.00	6.08	25.85	100418.41	1848	0	AnneMcLaren	
464	3:22:28	1/1/2019 	538853	84.00	8.00	6.21	25.85	100418.41	49824	0	AnneMcLaren	
465	3:22:32	1/1/2019 	542610	115.00	7.00	7.00	25.85	100418.62	193760	0	AnneMcLaren	
466	3:22:33	1/1/2019 	543398	59.00	7.00	5.89	25.85	100418.62	4680	0	AnneMcLaren	
467	3:22:33	1/1/2019 	543832	187.00	8.00	8.99	25.85	100418.45	49831	0	AnneMcLaren	
468	3:22:34	1/1/2019 	544578	107.00	8.00	6.78	25.85	100418.27	49824	0	AnneMcLaren	
469	3:22:35	1/1/2019 	545110	69.00	8.00	5.97	25.85	100418.27	1848	0	AnneMcLaren	
470	3:22:35	1/1/2019 	545332	124.00	8.00	7.27	25.85	100418.10	1848	0	AnneMcLaren	
471	3:22:37	1/1/2019 	547396	199.00	7.00	9.26	25.85	100418.27	97802	0	AnneMcLaren	
472	3:22:38	1/1/2019 	548219	480.00	8.00	12.68	25.85	100418.27	51766	0	AnneMcLaren	
473	3:22:39	1/1/2019 	549640	101.00	7.00	6.62	25.85	100418.27	97802	0	AnneMcLaren	
474	3:22:40	1/1/2019 	550031	839.00	55.00	23.07	25.85	100418.27	2593	1	AnneMcLaren	
475	3:22:40	1/1/2019 	550550	696.00	12.00	15.65	25.85	100418.27	49828	0	AnneMcLaren	
476	3:22:44	1/1/2019 	554272	337.00	8.00	11.52	25.85	100418.62	145782	0	AnneMcLaren	
477	3:22:44	1/1/2019 	554324	903.00	105.00	30.96	25.85	100418.62	1856	1	AnneMcLaren	
478	3:22:45	1/1/2019 	555826	200.00	8.00	9.30	25.85	100418.80	103255	0	AnneMcLaren	
479	3:22:47	1/1/2019 	557691	213.00	8.00	9.58	25.85	100418.45	97799	0	AnneMcLaren	
480	3:22:48	1/1/2019 	558996	73.00	8.00	6.02	25.85	100418.27	49824	0	AnneMcLaren	
481	3:22:49	1/1/2019 	559146	392.00	8.00	12.06	25.85	100418.27	1848	0	AnneMcLaren	
482	3:22:51	1/1/2019 	561418	83.00	8.00	6.19	25.85	100418.27	97801	0	AnneMcLaren	
483	3:22:52	1/1/2019 	562655	551.00	8.00	13.29	25.85	100418.10	98545	0	AnneMcLaren	
484	3:22:52	1/1/2019 	562907	105.00	7.00	6.72	25.85	100418.10	3925	0	AnneMcLaren	
485	3:22:54	1/1/2019 	564440	135.00	6.00	7.58	25.85	100417.92	49825	0	AnneMcLaren	
486	3:22:57	1/1/2019 	567886	720.00	14.00	16.35	25.85	100417.75	193753	0	AnneMcLaren	
487	3:22:57	1/1/2019 	567984	581.00	9.00	13.78	25.85	100417.75	1851	0	AnneMcLaren	
488	3:23:00	1/1/2019 	570835	68.00	8.00	5.95	25.85	100417.41	145777	0	AnneMcLaren	
489	3:23:01	1/1/2019 	571905	291.00	8.00	10.93	25.85	100417.41	50567	0	AnneMcLaren	
490	3:23:01	1/1/2019 	571926	69.00	8.00	5.97	25.85	100417.41	3924	0	AnneMcLaren	
491	3:23:02	1/1/2019 	572353	168.00	8.00	8.51	25.85	100417.41	1847	1	AnneMcLaren	
492	3:23:02	1/1/2019 	572422	965.00	196.00	45.04	25.85	100417.41	1848	0	AnneMcLaren	
493	3:23:03	1/1/2019 	573426	775.00	29.00	20.02	25.85	100417.41	49827	0	AnneMcLaren	
494	3:23:04	1/1/2019 	574164	170.00	8.00	8.56	25.85	100417.23	49829	0	AnneMcLaren	
495	3:23:04	1/1/2019 	574987	610.00	8.00	13.94	25.85	100417.23	49825	1	AnneMcLaren	
496	3:23:06	1/1/2019 	576729	960.00	186.00	44.01	25.85	100417.23	99741	0	AnneMcLaren	
497	3:23:07	1/1/2019 	577373	92.00	8.00	6.39	25.85	100416.89	1851	0	AnneMcLaren	
498	3:23:07	1/1/2019 	577972	84.00	7.00	6.21	25.85	100417.06	49824	0	AnneMcLaren	
499	3:23:07	1/1/2019 	577990	628.00	8.00	14.10	25.85	100417.06	1849	0	AnneMcLaren	
500	3:23:11	1/1/2019 	581271	341.00	8.00	11.56	25.85	100417.22	145778	0	AnneMcLaren	
501	3:23:17	1/1/2019 	587613	366.00	8.00	11.82	25.85	100416.52	338433	0	AnneMcLaren	
502	3:23:18	1/1/2019 	588292	648.00	9.00	14.51	25.85	100416.34	3924	0	AnneMcLaren	
503	3:23:18	1/1/2019 	588831	66.00	7.00	5.93	25.85	100416.17	49827	0	AnneMcLaren	
504	3:23:20	1/1/2019 	590583	78.00	8.00	6.10	25.85	100415.84	97801	0	AnneMcLaren	
505	3:23:20	1/1/2019 	590720	636.00	9.00	14.42	25.85	100415.84	2590	1	AnneMcLaren	
506	3:23:28	1/1/2019 	598278	90.00	8.00	6.35	25.85	100416.69	337686	0	AnneMcLaren	
507	3:23:28	1/1/2019 	598438	69.00	8.00	5.97	25.85	100416.69	1848	0	AnneMcLaren	
508	3:23:28	1/1/2019 	598972	910.00	105.00	30.98	25.85	100416.69	49824	0	AnneMcLaren	
509	3:23:33	1/1/2019 	602987	904.00	108.00	31.55	25.85	100416.37	195838	0	AnneMcLaren	
510	3:23:33	1/1/2019 	603577	269.00	8.00	10.61	25.85	100416.37	50571	0	AnneMcLaren	
511	3:23:33	1/1/2019 	603710	178.00	8.00	8.77	25.85	100416.37	1846	1	AnneMcLaren	
512	3:23:34	1/1/2019 	604019	194.00	8.00	9.16	25.85	100416.37	1847	0	AnneMcLaren	
513	3:23:35	1/1/2019 	605751	62.00	8.00	5.90	25.85	100416.19	97803	0	AnneMcLaren	
514	3:23:36	1/1/2019 	606938	967.00	255.00	50.81	25.85	100416.02	49827	1	AnneMcLaren	
515	3:23:38	1/1/2019 	608455	415.00	8.00	12.24	25.85	100416.19	51901	1	AnneMcLaren	
516	3:23:41	1/1/2019 	611855	136.00	8.00	7.62	25.85	100416.02	193752	0	AnneMcLaren	
517	3:23:42	1/1/2019 	612019	431.00	8.00	12.35	25.85	100416.19	2591	0	AnneMcLaren	
518	3:23:43	1/1/2019 	613005	110.00	8.00	6.86	25.85	100416.02	49823	1	AnneMcLaren	
519	3:23:43	1/1/2019 	613414	599.00	9.00	14.01	25.85	100415.64	1848	1	AnneMcLaren	
520	3:23:49	1/1/2019 	619975	90.00	8.00	6.35	25.85	100415.08	337672	0	AnneMcLaren	
521	3:23:50	1/1/2019 	620675	109.00	7.00	6.83	25.85	100414.91	52671	0	AnneMcLaren	
522	3:23:52	1/1/2019 	622102	784.00	29.00	20.04	25.85	100414.73	49825	1	AnneMcLaren	
523	3:23:52	1/1/2019 	622326	195.00	8.00	9.18	25.85	100414.73	1852	1	AnneMcLaren	
524	3:23:53	1/1/2019 	623920	239.00	8.00	10.10	25.85	100414.55	97798	0	AnneMcLaren	
525	3:23:54	1/1/2019 	624372	466.00	8.00	12.59	25.85	100414.55	1848	1	AnneMcLaren	
526	3:23:54	1/1/2019 	624942	742.00	18.00	17.61	25.85	100414.38	49825	0	AnneMcLaren	
527	3:23:55	1/1/2019 	625494	642.00	9.00	14.47	25.85	100414.55	7112	0	AnneMcLaren	
528	3:23:55	1/1/2019 	625703	358.00	8.00	11.74	25.85	100414.55	49824	0	AnneMcLaren	
529	3:23:56	1/1/2019 	626745	934.00	94.00	28.90	25.85	100414.17	49822	0	AnneMcLaren	
530	3:23:57	1/1/2019 	627648	148.00	8.00	7.96	25.85	100414.00	49825	0	AnneMcLaren	
531	3:23:58	1/1/2019 	628707	116.00	7.00	7.03	25.85	100413.83	49824	1	AnneMcLaren	
532	3:23:58	1/1/2019 	628758	162.00	8.00	8.35	25.85	100413.83	1850	1	AnneMcLaren	
533	3:23:58	1/1/2019 	628900	153.00	8.00	8.10	25.85	100413.83	3785	0	AnneMcLaren	
534	3:24:01	1/1/2019 	631813	188.00	8.00	9.02	25.85	100413.30	145774	0	AnneMcLaren	
535	3:24:01	1/1/2019 	631928	73.00	8.00	6.02	25.85	100413.30	2591	0	AnneMcLaren	
536	3:24:02	1/1/2019 	632886	641.00	9.00	14.46	25.85	100413.30	49821	0	AnneMcLaren	
537	3:24:02	1/1/2019 	632965	186.00	8.00	8.97	25.85	100413.30	1850	0	AnneMcLaren	
538	3:24:04	1/1/2019 	634810	238.00	8.00	10.08	25.85	100413.13	97798	0	AnneMcLaren	
539	3:24:05	1/1/2019 	635218	923.00	130.00	35.82	25.85	100413.30	3925	0	AnneMcLaren	
540	3:24:06	1/1/2019 	636402	189.00	8.00	9.04	25.85	100413.13	49826	0	AnneMcLaren	
541	3:24:06	1/1/2019 	636845	132.00	8.00	7.50	25.85	100413.13	49825	1	AnneMcLaren	
542	3:24:07	1/1/2019 	637901	78.00	7.00	6.10	25.85	100413.13	49822	0	AnneMcLaren	
543	3:24:08	1/1/2019 	638800	451.00	8.00	12.49	25.85	100413.13	49825	0	AnneMcLaren	
544	3:24:11	1/1/2019 	641189	255.00	8.00	10.38	25.85	100413.66	97800	0	AnneMcLaren	
545	3:24:14	1/1/2019 	644120	460.00	9.00	12.63	25.85	100414.00	148601	1	AnneMcLaren	
546	3:24:15	1/1/2019 	645127	108.00	8.00	6.81	25.85	100414.00	49826	0	AnneMcLaren	
547	3:24:15	1/1/2019 	645778	819.00	51.00	22.63	25.85	100413.83	49824	1	AnneMcLaren	
548	3:24:15	1/1/2019 	645881	921.00	123.00	34.50	25.85	100413.83	1849	1	AnneMcLaren	
549	3:24:16	1/1/2019 	646201	185.00	8.00	8.95	25.85	100413.83	1850	0	AnneMcLaren	
550	3:24:16	1/1/2019 	646776	756.00	22.00	18.64	25.85	100413.83	49821	1	AnneMcLaren	
551	3:24:17	1/1/2019 	647841	132.00	8.00	7.50	25.85	100413.30	51763	0	AnneMcLaren	
552	3:24:20	1/1/2019 	650007	974.00	452.00	81.20	25.85	100413.13	97797	0	AnneMcLaren	
553	3:24:21	1/1/2019 	651973	544.00	9.00	13.34	25.85	100412.96	98541	0	AnneMcLaren	
554	3:24:27	1/1/2019 	657313	142.00	8.00	7.79	25.85	100413.30	241724	0	AnneMcLaren	
555	3:24:27	1/1/2019 	657945	90.00	8.00	6.35	25.85	100413.30	49823	0	AnneMcLaren	
556	3:24:28	1/1/2019 	658259	81.00	8.00	6.15	25.85	100413.30	1846	0	AnneMcLaren	
557	3:24:29	1/1/2019 	659912	83.00	8.00	6.19	25.85	100412.96	99876	0	AnneMcLaren	
558	3:24:30	1/1/2019 	660475	316.00	8.00	11.27	25.85	100412.96	2590	0	AnneMcLaren	
559	3:24:30	1/1/2019 	660485	827.00	51.00	22.65	25.85	100412.96	1849	1	AnneMcLaren	
560	3:24:30	1/1/2019 	660743	61.00	8.00	5.90	25.85	100413.13	49822	0	AnneMcLaren	
561	3:24:32	1/1/2019 	662099	125.00	7.00	7.29	25.85	100412.96	49819	0	AnneMcLaren	
562	3:24:32	1/1/2019 	662211	528.00	8.00	13.06	25.85	100412.96	1851	0	AnneMcLaren	
563	3:24:32	1/1/2019 	662582	98.00	8.00	6.54	25.85	100412.96	51950	0	AnneMcLaren	
564	3:24:32	1/1/2019 	662670	201.00	8.00	9.32	25.85	100412.78	1847	0	AnneMcLaren	
565	3:24:34	1/1/2019 	664075	61.00	8.00	5.90	25.85	100412.44	49819	0	AnneMcLaren	
566	3:24:34	1/1/2019 	664983	652.00	9.00	14.53	25.85	100412.44	49820	1	AnneMcLaren	
567	3:24:35	1/1/2019 	665078	188.00	8.00	9.02	25.85	100412.44	1848	0	AnneMcLaren	
568	3:24:40	1/1/2019 	670561	813.00	62.00	23.78	25.85	100412.44	289684	0	AnneMcLaren	
569	3:24:40	1/1/2019 	670850	799.00	35.00	20.92	25.85	100412.27	4676	0	AnneMcLaren	
570	3:24:40	1/1/2019 	670860	618.00	9.00	14.24	25.85	100412.27	1849	0	AnneMcLaren	
571	3:24:41	1/1/2019 	671162	61.00	8.00	5.90	25.85	100412.27	1848	0	AnneMcLaren	
572	3:24:47	1/1/2019 	677135	668.00	9.00	14.58	25.85	100411.75	289676	0	AnneMcLaren	
573	3:24:47	1/1/2019 	677643	664.00	10.00	14.89	25.85	100411.75	49821	1	AnneMcLaren	
574	3:24:49	1/1/2019 	679475	92.00	7.00	6.39	25.85	100411.95	49822	1	AnneMcLaren	
575	3:24:53	1/1/2019 	683185	172.00	8.00	8.62	25.85	100410.57	195682	1	AnneMcLaren	
576	3:24:53	1/1/2019 	683368	69.00	7.00	5.96	25.85	100410.57	2591	0	AnneMcLaren	
577	3:24:54	1/1/2019 	684222	639.00	9.00	14.45	25.85	100410.39	49819	1	AnneMcLaren	
578	3:24:54	1/1/2019 	684600	64.00	7.00	5.91	25.85	100410.39	49823	0	AnneMcLaren	
579	3:24:54	1/1/2019 	684776	547.00	8.00	13.24	25.85	100410.39	1848	0	AnneMcLaren	
580	3:24:55	1/1/2019 	685139	176.00	7.00	8.71	25.85	100410.05	1846	0	AnneMcLaren	
581	3:24:55	1/1/2019 	685389	552.00	8.00	13.30	25.85	100410.05	3926	0	AnneMcLaren	
582	3:24:56	1/1/2019 	686808	165.00	8.00	8.43	25.85	100409.88	97795	1	AnneMcLaren	
583	3:24:56	1/1/2019 	686838	113.00	8.00	6.95	25.85	100409.88	1855	0	AnneMcLaren	
584	3:24:57	1/1/2019 	687564	305.00	8.00	11.13	25.85	100409.70	49823	0	AnneMcLaren	
585	3:24:58	1/1/2019 	688182	90.00	8.00	6.35	25.85	100409.53	1848	0	AnneMcLaren	
586	3:24:58	1/1/2019 	688796	621.00	9.00	14.28	25.85	100409.36	49820	0	AnneMcLaren	
587	3:24:59	1/1/2019 	689071	143.00	8.00	7.82	25.85	100409.36	7110	0	AnneMcLaren	
588	3:25:01	1/1/2019 	691280	712.00	13.00	16.01	25.85	100409.36	97794	0	AnneMcLaren	
589	3:25:02	1/1/2019 	692854	96.00	7.00	6.49	25.85	100409.19	98734	0	AnneMcLaren	
590	3:25:03	1/1/2019 	693273	301.00	8.00	11.07	25.85	100409.19	1849	0	AnneMcLaren	
591	3:25:03	1/1/2019 	693869	797.00	33.00	20.65	25.85	100409.19	49820	0	AnneMcLaren	
592	3:25:05	1/1/2019 	695388	329.00	8.00	11.43	25.85	100408.84	49823	0	AnneMcLaren	
593	3:25:07	1/1/2019 	697027	145.00	8.00	7.87	25.85	100408.28	97794	1	AnneMcLaren	
594	3:25:07	1/1/2019 	697605	348.00	8.00	11.64	25.85	100408.28	51897	1	AnneMcLaren	
595	3:25:10	1/1/2019 	700758	214.00	7.00	9.59	25.85	100407.93	145767	0	AnneMcLaren	
596	3:25:13	1/1/2019 	703353	363.00	8.00	11.79	25.85	100408.28	98731	0	AnneMcLaren	
597	3:25:14	1/1/2019 	704288	161.00	7.00	8.32	25.85	100408.10	49820	0	AnneMcLaren	
598	3:25:14	1/1/2019 	704776	967.00	238.00	49.00	25.85	100407.93	49821	0	AnneMcLaren	
599	3:25:18	1/1/2019 	708253	102.00	8.00	6.65	25.84	100407.41	145770	0	AnneMcLaren	
600	3:25:19	1/1/2019 	709964	469.00	8.00	12.61	25.84	100407.23	99873	0	AnneMcLaren	
601	3:25:22	1/1/2019 	712053	198.00	8.00	9.25	25.84	100406.88	98735	0	AnneMcLaren	
602	3:25:23	1/1/2019 	713118	835.00	57.00	23.28	25.84	100406.88	49829	0	AnneMcLaren	
603	3:25:23	1/1/2019 	713466	367.00	8.00	11.83	25.84	100406.16	1855	0	AnneMcLaren	
604	3:25:24	1/1/2019 	714492	59.00	8.00	5.89	25.84	100406.16	49820	0	AnneMcLaren	
605	3:25:25	1/1/2019 	715552	785.00	29.00	20.04	25.84	100406.16	97794	0	AnneMcLaren	
606	3:25:27	1/1/2019 	717151	74.00	8.00	6.03	25.84	100405.98	51900	0	AnneMcLaren	
607	3:25:27	1/1/2019 	717327	181.00	8.00	8.85	25.84	100405.98	1847	0	AnneMcLaren	
608	3:25:27	1/1/2019 	717351	86.00	7.00	6.26	25.84	100405.98	1847	0	AnneMcLaren	
609	3:25:28	1/1/2019 	718088	426.00	8.00	12.32	25.84	100405.98	49820	0	AnneMcLaren	
610	3:25:28	1/1/2019 	718334	182.00	8.00	8.87	25.84	100405.80	1848	0	AnneMcLaren	
611	3:25:28	1/1/2019 	718569	103.00	8.00	6.67	25.84	100405.80	49822	0	AnneMcLaren	
612	3:25:29	1/1/2019 	719219	196.00	8.00	9.21	25.84	100405.80	3840	0	AnneMcLaren	
613	3:25:31	1/1/2019 	721372	89.00	8.00	6.32	25.84	100405.77	97796	0	AnneMcLaren	
614	3:25:37	1/1/2019 	727316	674.00	10.00	14.93	25.84	100406.45	290627	0	AnneMcLaren	
615	3:25:37	1/1/2019 	727477	969.00	244.00	49.61	25.84	100406.45	1851	0	AnneMcLaren	
616	3:25:37	1/1/2019 	727935	822.00	49.00	22.44	25.84	100406.45	49823	0	AnneMcLaren	
617	3:25:39	1/1/2019 	729306	796.00	34.00	20.78	25.84	100406.45	49825	0	AnneMcLaren	
618	3:25:40	1/1/2019 	730395	516.00	8.00	12.96	25.84	100406.98	51902	0	AnneMcLaren	
619	3:25:41	1/1/2019 	731834	387.00	8.00	12.01	25.84	100406.80	98732	1	AnneMcLaren	
620	3:25:42	1/1/2019 	732487	532.00	8.00	13.10	25.84	100406.62	1851	0	AnneMcLaren	
621	3:25:43	1/1/2019 	733631	978.00	541.00	92.84	25.84	100406.45	97800	1	AnneMcLaren	
622	3:25:45	1/1/2019 	735419	694.00	12.00	15.64	25.84	100406.45	49826	0	AnneMcLaren	
623	3:25:45	1/1/2019 	735926	659.00	9.00	14.56	25.84	100406.45	49825	1	AnneMcLaren	
624	3:25:47	1/1/2019 	737577	249.00	9.00	10.30	25.83	100405.89	99873	0	AnneMcLaren	
625	3:25:48	1/1/2019 	738738	87.00	8.00	6.28	25.83	100405.37	49824	0	AnneMcLaren	
626	3:25:49	1/1/2019 	739386	416.00	8.00	12.24	25.83	100405.37	1847	0	AnneMcLaren	
627	3:25:50	1/1/2019 	740498	584.00	9.00	13.82	25.83	100405.20	49822	0	AnneMcLaren	
628	3:25:50	1/1/2019 	740853	331.00	8.00	11.45	25.83	100405.02	50761	0	AnneMcLaren	
629	3:25:51	1/1/2019 	741744	387.00	8.00	12.01	25.83	100404.50	49819	0	AnneMcLaren	
630	3:25:52	1/1/2019 	742150	425.00	8.00	12.31	25.83	100404.50	3979	0	AnneMcLaren	
631	3:25:54	1/1/2019 	744617	80.00	7.00	6.13	25.83	100403.42	145770	0	AnneMcLaren	
632	3:25:55	1/1/2019 	745061	877.00	82.00	26.72	25.83	100403.42	1850	0	AnneMcLaren	
633	3:25:55	1/1/2019 	745244	83.00	8.00	6.19	25.83	100403.42	1850	0	AnneMcLaren	
634	3:25:57	1/1/2019 	747389	578.00	8.00	13.58	25.83	100403.08	97795	0	AnneMcLaren	
635	3:25:57	1/1/2019 	747766	125.00	8.00	7.29	25.83	100403.08	49822	0	AnneMcLaren	
636	3:26:00	1/1/2019 	750161	373.00	8.00	11.89	25.83	100402.52	99735	0	AnneMcLaren	
637	3:26:00	1/1/2019 	750819	644.00	9.00	14.48	25.83	100402.52	50758	0	AnneMcLaren	
638	3:26:01	1/1/2019 	751031	175.00	8.00	8.69	25.83	100402.52	1849	1	AnneMcLaren	
639	3:26:02	1/1/2019 	752086	601.00	9.00	14.04	25.83	100402.34	49822	0	AnneMcLaren	
640	3:26:02	1/1/2019 	752476	93.00	8.00	6.42	25.83	100402.34	1850	0	AnneMcLaren	
641	3:26:03	1/1/2019 	753037	70.00	8.00	5.98	25.83	100402.34	49821	0	AnneMcLaren	
642	3:26:05	1/1/2019 	755012	72.00	8.00	6.00	25.83	100402.34	99873	0	AnneMcLaren	
643	3:26:05	1/1/2019 	755831	385.00	8.00	12.00	25.83	100402.16	49823	1	AnneMcLaren	
644	3:26:09	1/1/2019 	759709	77.00	8.00	6.08	25.83	100401.81	193748	0	AnneMcLaren	
645	3:26:11	1/1/2019 	761129	166.00	8.00	8.46	25.83	100401.47	50759	1	AnneMcLaren	
646	3:26:11	1/1/2019 	761341	66.00	7.00	5.93	25.83	100401.47	1848	0	AnneMcLaren	
647	3:26:12	1/1/2019 	762483	229.00	8.00	9.91	25.83	100401.12	49824	0	AnneMcLaren	
648	3:26:16	1/1/2019 	766918	98.00	8.00	6.54	25.82	100399.03	243801	0	AnneMcLaren	
649	3:26:17	1/1/2019 	767321	103.00	8.00	6.67	25.82	100398.86	1848	0	AnneMcLaren	
650	3:26:18	1/1/2019 	768406	92.00	8.00	6.39	25.82	100398.86	49823	0	AnneMcLaren	
651	3:26:19	1/1/2019 	769372	415.00	8.00	12.24	25.82	100398.52	49822	0	AnneMcLaren	
652	3:26:19	1/1/2019 	769921	319.00	8.00	11.31	25.82	100398.34	49823	0	AnneMcLaren	
653	3:26:21	1/1/2019 	771880	402.00	8.00	12.14	25.82	100398.17	98731	0	AnneMcLaren	
654	3:26:23	1/1/2019 	773060	657.00	10.00	14.85	25.82	100397.83	51900	1	AnneMcLaren	
655	3:26:24	1/1/2019 	774108	280.00	8.00	10.78	25.83	100398.17	49825	0	AnneMcLaren	
656	3:26:25	1/1/2019 	775306	171.00	8.00	8.59	25.83	100398.00	49824	0	AnneMcLaren	
657	3:26:25	1/1/2019 	775767	679.00	11.00	15.27	25.83	100398.00	49824	1	AnneMcLaren	
658	3:26:26	1/1/2019 	776046	645.00	9.00	14.49	25.83	100398.00	1851	1	AnneMcLaren	
659	3:26:28	1/1/2019 	778626	88.00	8.00	6.30	25.83	100397.66	145774	0	AnneMcLaren	
660	3:26:30	1/1/2019 	780659	179.00	8.00	8.80	25.83	100397.48	99737	0	AnneMcLaren	
661	3:26:32	1/1/2019 	782023	308.00	8.00	11.17	25.83	100397.31	50757	1	AnneMcLaren	
662	3:26:34	1/1/2019 	784040	295.00	8.00	10.99	25.83	100397.14	97798	0	AnneMcLaren	
663	3:26:35	1/1/2019 	785368	65.00	7.00	5.92	25.83	100397.14	49823	0	AnneMcLaren	
664	3:26:40	1/1/2019 	790166	380.00	8.00	11.95	25.83	100398.02	241722	0	AnneMcLaren	
665	3:26:42	1/1/2019 	792489	357.00	8.00	11.73	25.83	100397.31	98732	0	AnneMcLaren	
666	3:26:44	1/1/2019 	794084	747.00	19.00	17.89	25.83	100397.14	99872	0	AnneMcLaren	
667	3:26:44	1/1/2019 	794147	560.00	8.00	13.38	25.83	100397.14	1850	0	AnneMcLaren	
668	3:26:44	1/1/2019 	794815	140.00	8.00	7.73	25.83	100397.32	49819	0	AnneMcLaren	
669	3:26:45	1/1/2019 	795858	94.00	8.00	6.44	25.83	100396.79	49821	0	AnneMcLaren	
670	3:26:46	1/1/2019 	796342	134.00	8.00	7.56	25.83	100396.79	1848	0	AnneMcLaren	
671	3:26:47	1/1/2019 	797356	816.00	48.00	22.33	25.83	100396.79	49822	0	AnneMcLaren	
672	3:26:47	1/1/2019 	797873	77.00	8.00	6.08	25.83	100396.97	51763	0	AnneMcLaren	
673	3:26:48	1/1/2019 	798982	400.00	8.00	12.12	25.83	100396.97	49820	0	AnneMcLaren	
674	3:26:49	1/1/2019 	799640	163.00	8.00	8.38	25.83	100396.79	49823	0	AnneMcLaren	
675	3:26:49	1/1/2019 	799822	112.00	8.00	6.92	25.83	100396.97	2785	0	AnneMcLaren	
676	3:26:50	1/1/2019 	800629	744.00	20.00	18.14	25.83	100397.14	49823	0	AnneMcLaren	
677	3:26:51	1/1/2019 	801648	331.00	8.00	11.45	25.83	100397.32	49824	0	AnneMcLaren	
678	3:26:54	1/1/2019 	804331	964.00	251.00	50.36	25.83	100397.14	99874	0	AnneMcLaren	
679	3:26:56	1/1/2019 	806022	623.00	9.00	14.30	25.83	100397.14	97799	0	AnneMcLaren	
680	3:26:56	1/1/2019 	806059	62.00	7.00	5.90	25.83	100397.14	1850	0	AnneMcLaren	
681	3:26:56	1/1/2019 	806811	166.00	8.00	8.46	25.83	100396.97	49821	0	AnneMcLaren	
682	3:26:57	1/1/2019 	807746	685.00	11.00	15.29	25.83	100396.45	49821	0	AnneMcLaren	
683	3:26:57	1/1/2019 	807881	569.00	8.00	13.48	25.83	100396.45	1850	0	AnneMcLaren	
684	3:26:58	1/1/2019 	808593	72.00	7.00	6.00	25.83	100396.28	51761	0	AnneMcLaren	
685	3:26:58	1/1/2019 	808635	100.00	7.00	6.59	25.83	100396.28	1850	0	AnneMcLaren	
686	3:27:02	1/1/2019 	812554	130.00	7.00	7.44	25.83	100395.59	193745	0	AnneMcLaren	
687	3:27:06	1/1/2019 	816409	97.00	6.00	6.51	25.83	100395.11	146710	0	AnneMcLaren	
688	3:27:08	1/1/2019 	818004	128.00	8.00	7.38	25.83	100394.94	97797	0	AnneMcLaren	
689	3:27:09	1/1/2019 	819273	166.00	8.00	8.46	25.83	100394.94	49822	0	AnneMcLaren	
690	3:27:10	1/1/2019 	820753	636.00	9.00	14.42	25.83	100394.59	97795	0	AnneMcLaren	
691	3:27:11	1/1/2019 	821129	670.00	10.00	14.92	25.83	100394.23	4873	1	AnneMcLaren	
692	3:27:11	1/1/2019 	821147	764.00	23.00	18.88	25.83	100394.23	1850	0	AnneMcLaren	
693	3:27:12	1/1/2019 	822221	976.00	441.00	79.90	25.83	100393.89	49823	0	AnneMcLaren	
694	3:27:14	1/1/2019 	824377	86.00	8.00	6.26	25.83	100393.02	97799	0	AnneMcLaren	
695	3:27:14	1/1/2019 	824968	424.00	8.00	12.30	25.83	100393.02	49821	0	AnneMcLaren	
696	3:27:16	1/1/2019 	826592	537.00	9.00	13.26	25.83	100392.50	97794	0	AnneMcLaren	
697	3:27:16	1/1/2019 	826600	178.00	8.00	8.77	25.83	100392.50	3844	0	AnneMcLaren	
698	3:27:18	1/1/2019 	828211	173.00	8.00	8.64	25.83	100391.81	49819	0	AnneMcLaren	
699	3:27:22	1/1/2019 	832356	595.00	9.00	13.96	25.83	100390.81	193743	0	AnneMcLaren	
700	3:27:22	1/1/2019 	832845	80.00	8.00	6.14	25.83	100390.42	50761	0	AnneMcLaren	
701	3:27:22	1/1/2019 	832984	632.00	9.00	14.39	25.83	100390.42	1847	0	AnneMcLaren	
702	3:27:23	1/1/2019 	833281	319.00	8.00	11.31	25.83	100390.42	1849	0	AnneMcLaren	
703	3:27:23	1/1/2019 	833447	579.00	9.00	13.75	25.83	100390.42	3924	0	AnneMcLaren	
704	3:27:23	1/1/2019 	833702	679.00	11.00	15.27	25.83	100390.42	49824	0	AnneMcLaren	
705	3:27:23	1/1/2019 	833971	253.00	8.00	10.34	25.83	100390.63	1849	0	AnneMcLaren	
706	3:27:24	1/1/2019 	834324	298.00	8.00	11.03	25.83	100390.63	1847	1	AnneMcLaren	
707	3:27:24	1/1/2019 	834722	69.00	8.00	5.97	25.83	100390.63	49821	0	AnneMcLaren	
708	3:27:25	1/1/2019 	835221	88.00	8.00	6.30	25.83	100390.63	1846	0	AnneMcLaren	
709	3:27:25	1/1/2019 	835471	837.00	49.00	22.46	25.83	100390.63	3788	0	AnneMcLaren	
710	3:27:27	1/1/2019 	837704	66.00	7.00	5.93	25.83	100390.81	145772	0	AnneMcLaren	
711	3:27:27	1/1/2019 	837861	926.00	134.00	36.56	25.83	100390.81	1850	0	AnneMcLaren	
712	3:27:33	1/1/2019 	843791	97.00	8.00	6.52	25.83	100390.11	289698	0	AnneMcLaren	
713	3:27:34	1/1/2019 	844419	139.00	8.00	7.70	25.83	100390.11	2784	0	AnneMcLaren	
714	3:27:35	1/1/2019 	845016	972.00	325.00	61.35	25.83	100390.11	49823	0	AnneMcLaren	
715	3:27:36	1/1/2019 	846184	456.00	9.00	12.60	25.83	100389.94	51901	0	AnneMcLaren	
716	3:27:36	1/1/2019 	846445	409.00	8.00	12.19	25.83	100389.94	1850	1	AnneMcLaren	
717	3:27:36	1/1/2019 	846635	178.00	8.00	8.77	25.83	100389.94	49820	0	AnneMcLaren	
718	3:27:38	1/1/2019 	848326	626.00	8.00	14.09	25.84	100390.16	49819	0	AnneMcLaren	
719	3:27:38	1/1/2019 	848574	65.00	7.00	5.92	25.84	100390.16	49820	0	AnneMcLaren	
720	3:27:39	1/1/2019 	849117	232.00	8.00	9.97	25.84	100390.16	1849	0	AnneMcLaren	
721	3:27:40	1/1/2019 	850052	213.00	8.00	9.58	25.84	100390.50	51761	0	AnneMcLaren	
722	3:27:41	1/1/2019 	851634	792.00	30.00	20.21	25.84	100390.50	98731	1	AnneMcLaren	
723	3:27:41	1/1/2019 	851743	133.00	7.00	7.52	25.84	100390.50	1850	0	AnneMcLaren	
724	3:27:42	1/1/2019 	852739	76.00	8.00	6.07	25.84	100390.50	49822	0	AnneMcLaren	
725	3:27:44	1/1/2019 	854935	178.00	8.00	8.77	25.84	100390.16	97795	1	AnneMcLaren	
726	3:27:45	1/1/2019 	855355	209.00	8.00	9.50	25.84	100389.98	1848	0	AnneMcLaren	
727	3:27:45	1/1/2019 	855595	59.00	7.00	5.89	25.84	100389.98	51898	0	AnneMcLaren	
728	3:27:48	1/1/2019 	858946	107.00	8.00	6.78	25.84	100389.47	145770	0	AnneMcLaren	
729	3:27:50	1/1/2019 	860465	175.00	8.00	8.69	25.84	100389.30	49823	0	AnneMcLaren	
730	3:27:52	1/1/2019 	862327	929.00	141.00	37.80	25.84	100388.95	98732	0	AnneMcLaren	
731	3:27:52	1/1/2019 	862419	164.00	8.00	8.40	25.84	100388.95	1851	0	AnneMcLaren	
732	3:27:52	1/1/2019 	862442	931.00	141.00	37.80	25.84	100388.95	1847	0	AnneMcLaren	
733	3:27:53	1/1/2019 	863808	796.00	34.00	20.78	25.84	100388.59	99872	0	AnneMcLaren	
734	3:27:54	1/1/2019 	863994	197.00	8.00	9.23	25.84	100388.59	1850	0	AnneMcLaren	
735	3:27:54	1/1/2019 	864883	103.00	8.00	6.67	25.84	100388.25	49820	0	AnneMcLaren	
736	3:27:55	1/1/2019 	865050	68.00	8.00	5.95	25.84	100388.25	1847	0	AnneMcLaren	
737	3:27:56	1/1/2019 	866620	225.00	8.00	9.83	25.84	100387.91	97795	1	AnneMcLaren	
738	3:28:00	1/1/2019 	870319	120.00	8.00	7.15	25.84	100386.69	145771	0	AnneMcLaren	
739	3:28:02	1/1/2019 	872334	945.00	147.00	38.81	25.84	100386.00	100809	0	AnneMcLaren	
740	3:28:02	1/1/2019 	872485	171.00	8.00	8.59	25.84	100386.00	1851	1	AnneMcLaren	
741	3:28:05	1/1/2019 	875041	118.00	3.00	7.08	25.84	100385.52	145770	0	AnneMcLaren	
742	3:28:07	1/1/2019 	877754	127.00	8.00	7.35	25.84	100385.34	145771	0	AnneMcLaren	
743	3:28:07	1/1/2019 	877869	163.00	8.00	8.38	25.84	100385.34	1848	0	AnneMcLaren	
744	3:28:10	1/1/2019 	879988	748.00	19.00	17.89	25.84	100385.00	97797	0	AnneMcLaren	
745	3:28:10	1/1/2019 	880021	616.00	9.00	14.22	25.84	100385.00	8182	1	AnneMcLaren	
746	3:28:10	1/1/2019 	880491	320.00	8.00	11.32	25.84	100385.00	1848	0	AnneMcLaren	
747	3:28:10	1/1/2019 	880724	690.00	11.00	15.30	25.84	100385.00	49822	0	AnneMcLaren	
748	3:28:10	1/1/2019 	880795	604.00	9.00	14.07	25.84	100385.00	1851	0	AnneMcLaren	
749	3:28:10	1/1/2019 	880859	111.00	7.00	6.89	25.84	100385.00	1849	0	AnneMcLaren	
750	3:28:12	1/1/2019 	882066	163.00	8.00	8.38	25.84	100385.34	49822	0	AnneMcLaren	
751	3:28:12	1/1/2019 	882630	691.00	11.00	15.30	25.84	100385.55	51761	0	AnneMcLaren	
752	3:28:16	1/1/2019 	886814	148.00	8.00	7.96	25.84	100385.20	193746	0	AnneMcLaren	
753	3:28:17	1/1/2019 	887164	81.00	7.00	6.15	25.84	100385.20	1848	0	AnneMcLaren	
754	3:28:17	1/1/2019 	887214	467.00	9.00	12.68	25.84	100385.03	1849	0	AnneMcLaren	
755	3:28:18	1/1/2019 	888152	779.00	26.00	19.51	25.84	100384.86	49821	0	AnneMcLaren	
756	3:28:20	1/1/2019 	890587	953.00	154.00	39.91	25.85	100384.35	145775	1	AnneMcLaren	
757	3:28:21	1/1/2019 	891188	80.00	8.00	6.14	25.85	100384.00	4864	0	AnneMcLaren	
758	3:28:22	1/1/2019 	892031	694.00	12.00	15.64	25.85	100383.48	49821	0	AnneMcLaren	
759	3:28:24	1/1/2019 	894469	186.00	7.00	8.96	25.85	100382.09	97798	0	AnneMcLaren	
760	3:28:24	1/1/2019 	894892	367.00	8.00	11.83	25.85	100381.58	49824	0	AnneMcLaren	
761	3:28:26	1/1/2019 	896088	612.00	9.00	14.17	25.85	100381.05	49820	1	AnneMcLaren	
762	3:28:28	1/1/2019 	898813	128.00	8.00	7.38	25.85	100380.05	145774	0	AnneMcLaren	
763	3:28:32	1/1/2019 	902261	193.00	8.00	9.14	25.85	100378.50	147712	0	AnneMcLaren	
764	3:28:32	1/1/2019 	902409	459.00	8.00	12.54	25.85	100378.50	2785	0	AnneMcLaren	
765	3:28:32	1/1/2019 	902805	552.00	9.00	13.43	25.85	100378.67	49822	0	AnneMcLaren	
766	3:28:35	1/1/2019 	904330	157.00	8.00	8.21	25.85	100378.33	49824	0	AnneMcLaren	
767	3:28:35	1/1/2019 	905098	921.00	105.00	30.99	25.85	100378.15	49822	1	AnneMcLaren	
768	3:28:38	1/1/2019 	908023	652.00	9.00	14.53	25.85	100378.19	145773	0	AnneMcLaren	
769	3:28:39	1/1/2019 	908425	163.00	8.00	8.38	25.85	100378.19	3946	0	AnneMcLaren	
770	3:28:39	1/1/2019 	908560	183.00	8.00	8.90	25.85	100378.19	49822	0	AnneMcLaren	
771	3:28:40	1/1/2019 	910240	337.00	8.00	11.52	25.85	100378.36	49822	0	AnneMcLaren	
772	3:28:42	1/1/2019 	911848	129.00	7.00	7.41	25.85	100378.53	98732	0	AnneMcLaren	
773	3:28:42	1/1/2019 	912148	894.00	94.00	28.85	25.85	100378.53	1850	1	AnneMcLaren	
774	3:28:42	1/1/2019 	912203	100.00	8.00	6.59	25.85	100378.53	1850	0	AnneMcLaren	
775	3:28:42	1/1/2019 	912226	186.00	8.00	8.97	25.85	100378.53	3888	1	AnneMcLaren	
776	3:28:44	1/1/2019 	913414	224.00	8.00	9.81	25.85	100378.75	49823	0	AnneMcLaren	
777	3:28:44	1/1/2019 	914048	58.00	8.00	5.88	25.85	100378.75	49823	0	AnneMcLaren	
778	3:28:45	1/1/2019 	914934	651.00	9.00	14.53	25.85	100378.58	49822	0	AnneMcLaren	
779	3:28:45	1/1/2019 	915044	127.00	8.00	7.35	25.85	100378.23	1850	0	AnneMcLaren	
780	3:28:45	1/1/2019 	915261	969.00	225.00	47.75	25.85	100378.23	1848	0	AnneMcLaren	
781	3:28:46	1/1/2019 	915456	956.00	159.00	40.65	25.85	100378.23	1849	0	AnneMcLaren	
782	3:28:46	1/1/2019 	916096	83.00	8.00	6.19	25.85	100378.05	52981	0	AnneMcLaren	
783	3:28:48	1/1/2019 	917384	61.00	7.00	5.89	25.85	100377.70	49823	0	AnneMcLaren	
784	3:28:51	1/1/2019 	920876	189.00	7.00	9.03	25.85	100376.66	193753	0	AnneMcLaren	
785	3:28:52	1/1/2019 	922019	210.00	8.00	9.52	25.85	100376.31	50567	0	AnneMcLaren	
786	3:28:54	1/1/2019 	923844	216.00	8.00	9.65	25.85	100375.62	97802	0	AnneMcLaren	
787	3:28:55	1/1/2019 	924750	85.00	7.00	6.23	25.85	100375.45	49829	0	AnneMcLaren	
788	3:28:55	1/1/2019 	925198	78.00	8.00	6.10	25.85	100375.10	3923	0	AnneMcLaren	
789	3:28:58	1/1/2019 	927473	661.00	10.00	14.88	25.85	100374.75	97798	0	AnneMcLaren	
790	3:29:00	1/1/2019 	929610	144.00	8.00	7.85	25.85	100374.73	145780	0	AnneMcLaren	
791	3:29:00	1/1/2019 	929723	202.00	8.00	9.34	25.85	100374.73	2591	1	AnneMcLaren	
792	3:29:02	1/1/2019 	931918	60.00	8.00	5.89	25.85	100374.22	97800	0	AnneMcLaren	
793	3:29:04	1/1/2019 	934008	215.00	8.00	9.63	25.85	100373.00	97799	0	AnneMcLaren	
794	3:29:06	1/1/2019 	935457	552.00	8.00	13.30	25.85	100372.48	51902	1	AnneMcLaren	
795	3:29:09	1/1/2019 	938487	60.00	8.00	5.89	25.85	100371.79	145775	0	AnneMcLaren	
796	3:29:09	1/1/2019 	939101	99.00	8.00	6.57	25.85	100371.79	49823	0	AnneMcLaren	
797	3:29:09	1/1/2019 	939221	531.00	8.00	13.09	25.85	100371.79	1847	1	AnneMcLaren	
798	3:29:11	1/1/2019 	940747	114.00	8.00	6.98	25.85	100371.61	97800	0	AnneMcLaren	
799	3:29:12	1/1/2019 	942042	95.00	8.00	6.47	25.85	100371.61	50565	1	AnneMcLaren	
800	3:29:15	1/1/2019 	944599	180.00	8.00	8.82	25.86	100372.17	147851	0	AnneMcLaren	
801	3:29:15	1/1/2019 	944652	820.00	42.00	21.74	25.86	100372.17	1848	0	AnneMcLaren	
802	3:29:15	1/1/2019 	944982	61.00	7.00	5.89	25.86	100372.34	1848	0	AnneMcLaren	
803	3:29:16	1/1/2019 	945340	123.00	8.00	7.24	25.86	100372.34	1848	0	AnneMcLaren	
804	3:29:16	1/1/2019 	945705	118.00	7.00	7.09	25.85	100371.96	49825	0	AnneMcLaren	
805	3:29:19	1/1/2019 	948339	722.00	14.00	16.36	25.86	100372.00	97800	1	AnneMcLaren	
806	3:29:21	1/1/2019 	951003	124.00	8.00	7.27	25.86	100371.14	147718	0	AnneMcLaren	
807	3:29:23	1/1/2019 	953322	815.00	44.00	21.93	25.86	100369.75	98540	1	AnneMcLaren	
808	3:29:25	1/1/2019 	954868	167.00	8.00	8.48	25.86	100369.05	97802	0	AnneMcLaren	
809	3:29:25	1/1/2019 	955134	154.00	8.00	8.13	25.86	100368.88	1850	0	AnneMcLaren	
810	3:29:27	1/1/2019 	956643	63.00	8.00	5.91	25.86	100368.53	97802	0	AnneMcLaren	
811	3:29:31	1/1/2019 	960386	793.00	35.00	20.90	25.86	100367.31	145774	1	AnneMcLaren	
812	3:29:32	1/1/2019 	962325	74.00	8.00	6.03	25.86	100366.97	100627	0	AnneMcLaren	
813	3:29:35	1/1/2019 	965066	121.00	8.00	7.18	25.86	100366.45	145775	0	AnneMcLaren	
814	3:29:36	1/1/2019 	965377	568.00	9.00	13.62	25.86	100366.45	1847	0	AnneMcLaren	
815	3:29:36	1/1/2019 	965912	144.00	7.00	7.84	25.86	100366.11	49826	1	AnneMcLaren	
816	3:29:38	1/1/2019 	968160	543.00	9.00	13.33	25.86	100365.58	97800	1	AnneMcLaren	
817	3:29:40	1/1/2019 	970254	404.00	8.00	12.15	25.86	100365.06	97799	0	AnneMcLaren	
818	3:29:41	1/1/2019 	970931	490.00	7.00	12.66	25.86	100364.89	52647	1	AnneMcLaren	
819	3:29:42	1/1/2019 	971425	181.00	8.00	8.85	25.86	100364.55	1850	1	AnneMcLaren	
820	3:29:43	1/1/2019 	972889	639.00	9.00	14.45	25.86	100364.02	97794	0	AnneMcLaren	
821	3:29:45	1/1/2019 	974782	118.00	8.00	7.09	25.86	100364.02	97796	0	AnneMcLaren	
822	3:29:46	1/1/2019 	975390	150.00	8.00	8.02	25.86	100364.02	1848	0	AnneMcLaren	
823	3:29:47	1/1/2019 	976677	164.00	8.00	8.40	25.86	100363.67	97797	0	AnneMcLaren	
824	3:29:48	1/1/2019 	977561	102.00	8.00	6.65	25.86	100363.50	51761	0	AnneMcLaren	
825	3:29:50	1/1/2019 	979674	69.00	8.00	5.97	25.86	100363.16	97799	0	AnneMcLaren	
826	3:29:51	1/1/2019 	980943	753.00	21.00	18.40	25.86	100362.81	50566	0	AnneMcLaren	
827	3:29:52	1/1/2019 	981840	90.00	8.00	6.35	25.86	100362.81	49826	0	AnneMcLaren	
828	3:29:54	1/1/2019 	984098	700.00	13.00	15.99	25.86	100363.02	97799	0	AnneMcLaren	
829	3:29:54	1/1/2019 	984213	221.00	8.00	9.75	25.86	100363.02	1850	0	AnneMcLaren	
830	3:29:55	1/1/2019 	985190	204.00	8.00	9.39	25.86	100363.19	51899	0	AnneMcLaren	
831	3:29:55	1/1/2019 	985301	453.00	8.00	12.50	25.86	100363.19	1848	0	AnneMcLaren	
832	3:29:56	1/1/2019 	986116	787.00	29.00	20.05	25.86	100363.19	49822	0	AnneMcLaren	
833	3:29:57	1/1/2019 	986450	407.00	8.00	12.18	25.86	100363.19	1851	0	AnneMcLaren	
834	3:29:57	1/1/2019 	987315	307.00	8.00	11.15	25.86	100363.19	49824	0	AnneMcLaren	
835	3:29:58	1/1/2019 	987672	65.00	7.00	5.92	25.86	100363.19	49821	0	AnneMcLaren	
836	3:29:58	1/1/2019 	988138	803.00	43.00	21.81	25.86	100363.38	3790	0	AnneMcLaren	
837	3:30:00	1/1/2019 	990173	269.00	9.00	10.63	25.86	100363.19	97805	0	AnneMcLaren	
838	3:30:00	1/1/2019 	990198	932.00	134.00	36.56	25.86	100363.19	2594	0	AnneMcLaren	
839	3:30:01	1/1/2019 	991091	124.00	8.00	7.27	25.86	100363.19	49824	0	AnneMcLaren	
840	3:30:02	1/1/2019 	991399	67.00	8.00	5.94	25.86	100363.02	1848	0	AnneMcLaren	
841	3:30:03	1/1/2019 	993174	290.00	8.00	10.92	25.86	100362.85	97795	0	AnneMcLaren	
842	3:30:04	1/1/2019 	993610	661.00	9.00	14.57	25.86	100362.85	51899	0	AnneMcLaren	
843	3:30:04	1/1/2019 	993626	903.00	105.00	30.96	25.86	100362.85	1850	0	AnneMcLaren	
844	3:30:06	1/1/2019 	995375	108.00	8.00	6.81	25.86	100362.67	49824	0	AnneMcLaren	
845	3:30:07	1/1/2019 	996794	157.00	7.00	8.21	25.86	100362.50	97797	1	AnneMcLaren	
846	3:30:09	1/1/2019 	998801	289.00	8.00	10.91	25.86	100362.16	97799	1	AnneMcLaren	
847	3:30:09	1/1/2019 	998965	653.00	9.00	14.54	25.86	100362.16	1848	1	AnneMcLaren	
848	3:30:09	1/1/2019 	999136	654.00	9.00	14.54	25.86	100362.16	3788	0	AnneMcLaren	
849	3:30:11	1/1/2019 	1000474	589.00	8.00	13.71	25.86	100361.63	49825	0	AnneMcLaren	
850	3:30:12	1/1/2019 	1002180	72.00	8.00	6.00	25.86	100361.28	98540	0	AnneMcLaren	
851	3:30:13	1/1/2019 	1002584	407.00	5.00	11.96	25.86	100361.28	49822	0	AnneMcLaren	
852	3:30:13	1/1/2019 	1003136	207.00	7.00	9.44	25.86	100360.95	1850	0	AnneMcLaren	
853	3:30:14	1/1/2019 	1003815	92.00	8.00	6.39	25.86	100360.59	49824	0	AnneMcLaren	
854	3:30:19	1/1/2019 	1008469	307.00	8.00	11.15	25.86	100359.90	199148	1	AnneMcLaren	
855	3:30:21	1/1/2019 	1010969	170.00	8.00	8.56	25.86	100359.55	145776	0	AnneMcLaren	
856	3:30:23	1/1/2019 	1012416	838.00	64.00	24.07	25.86	100359.55	50567	1	AnneMcLaren	
857	3:30:23	1/1/2019 	1012591	93.00	7.00	6.42	25.86	100359.73	49825	0	AnneMcLaren	
858	3:30:24	1/1/2019 	1013877	592.00	9.00	13.92	25.86	100360.11	49826	0	AnneMcLaren	
859	3:30:26	1/1/2019 	1015779	193.00	8.00	9.14	25.86	100359.59	97802	1	AnneMcLaren	
860	3:30:29	1/1/2019 	1018484	942.00	146.00	38.64	25.86	100358.90	99879	1	AnneMcLaren	
861	3:30:32	1/1/2019 	1021332	71.00	7.00	5.99	25.86	100357.99	145783	0	AnneMcLaren	
862	3:30:32	1/1/2019 	1021463	129.00	8.00	7.41	25.86	100357.99	2593	1	AnneMcLaren	
863	3:30:38	1/1/2019 	1028129	131.00	8.00	7.47	25.86	100356.95	337681	0	AnneMcLaren	
864	3:30:39	1/1/2019 	1028580	765.00	25.00	19.29	25.86	100356.95	49825	0	AnneMcLaren	
865	3:30:42	1/1/2019 	1032082	620.00	9.00	14.26	25.86	100356.64	145780	0	AnneMcLaren	
866	3:30:44	1/1/2019 	1033353	134.00	8.00	7.56	25.86	100356.64	52704	0	AnneMcLaren	
867	3:30:47	1/1/2019 	1036374	76.00	8.00	6.07	25.86	100356.12	145779	0	AnneMcLaren	
868	3:30:47	1/1/2019 	1037120	463.00	8.00	12.57	25.86	100356.12	49831	0	AnneMcLaren	
869	3:30:48	1/1/2019 	1037830	97.00	8.00	6.52	25.86	100356.12	49830	0	AnneMcLaren	
870	3:30:51	1/1/2019 	1040475	198.00	8.00	9.25	25.86	100355.95	97806	0	AnneMcLaren	
871	3:30:51	1/1/2019 	1041097	602.00	8.00	13.85	25.86	100355.95	50568	0	AnneMcLaren	
872	3:30:54	1/1/2019 	1044040	385.00	8.00	12.00	25.86	100355.78	147850	0	AnneMcLaren	
873	3:30:55	1/1/2019 	1044679	725.00	16.00	16.99	25.86	100355.61	49824	0	AnneMcLaren	
874	3:30:55	1/1/2019 	1045062	229.00	8.00	9.91	25.86	100355.61	1849	1	AnneMcLaren	
875	3:30:56	1/1/2019 	1045880	229.00	8.00	9.91	25.86	100355.44	49823	0	AnneMcLaren	
876	3:30:56	1/1/2019 	1046295	60.00	7.00	5.89	25.86	100355.44	1847	0	AnneMcLaren	
877	3:30:57	1/1/2019 	1047277	601.00	8.00	13.84	25.86	100355.26	49825	0	AnneMcLaren	
