###################################################################################################
### CosmicWatch: The Desktop Muon Detector
### Device ID: WillisLamb
### Launch time: 16:47:51 13/2/2023
### Questions? Email Spencer N. Axani (saxani@mit.edu)
### Event Time Date TimeStamp[ms] ADC1 ADC2 SiPM[mV] Temp[C] Pressure[Pa] DeadTime[us] Coincident ID
###################################################################################################
1	16:47:52	13/2/2023 	218	632.00	9.00	14.39	30.52	100037.48	47946	0	WillisLamb	
2	16:47:53	13/2/2023 	1627	133.00	6.00	7.52	30.51	100037.95	101447	0	WillisLamb	
3	16:47:53	13/2/2023 	1662	157.00	7.00	8.21	30.51	100038.25	1849	0	WillisLamb	
4	16:47:53	13/2/2023 	1825	99.00	7.00	6.57	30.51	100038.25	1849	0	WillisLamb	
5	16:47:54	13/2/2023 	2091	808.00	61.00	23.65	30.51	100038.25	1849	0	WillisLamb	
6	16:47:54	13/2/2023 	2380	498.00	7.00	12.71	30.51	100038.52	1851	0	WillisLamb	
7	16:47:54	13/2/2023 	2850	974.00	353.00	66.42	30.50	100038.61	49786	0	WillisLamb	
8	16:47:57	13/2/2023 	5925	780.00	44.00	21.84	30.49	100038.93	148166	0	WillisLamb	
9	16:47:58	13/2/2023 	6892	952.00	203.00	45.71	30.49	100039.03	49788	0	WillisLamb	
10	16:47:59	13/2/2023 	7254	157.00	6.00	8.20	30.49	100039.03	1851	0	WillisLamb	
11	16:47:59	13/2/2023 	7454	581.00	8.00	13.62	30.49	100039.20	1850	0	WillisLamb	
12	16:47:59	13/2/2023 	7848	86.00	7.00	6.26	30.49	100039.12	49787	0	WillisLamb	
13	16:48:00	13/2/2023 	8740	104.00	7.00	6.70	30.49	100039.12	49793	0	WillisLamb	
14	16:48:02	13/2/2023 	10028	561.00	8.00	13.39	30.48	100038.64	49793	0	WillisLamb	
15	16:48:03	13/2/2023 	11913	947.00	171.00	42.27	30.48	100038.81	101426	0	WillisLamb	
16	16:48:04	13/2/2023 	12588	86.00	7.00	6.26	30.48	100038.81	49792	0	WillisLamb	
17	16:48:05	13/2/2023 	13026	71.00	7.00	5.99	30.48	100038.56	1850	0	WillisLamb	
18	16:48:05	13/2/2023 	13220	959.00	242.00	49.40	30.48	100038.56	1851	0	WillisLamb	
19	16:48:05	13/2/2023 	13285	281.00	6.00	10.73	30.48	100038.56	1850	0	WillisLamb	
20	16:48:05	13/2/2023 	13844	205.00	7.00	9.40	30.48	100038.73	49787	0	WillisLamb	
21	16:48:06	13/2/2023 	14057	895.00	116.00	33.07	30.48	100038.91	4402	0	WillisLamb	
22	16:48:06	13/2/2023 	14581	939.00	150.00	39.29	30.48	100038.73	49792	0	WillisLamb	
23	16:48:06	13/2/2023 	14927	73.00	7.00	6.02	30.48	100038.73	1850	0	WillisLamb	
24	16:48:07	13/2/2023 	15496	143.00	7.00	7.81	30.48	100038.73	1848	0	WillisLamb	
25	16:48:07	13/2/2023 	15614	692.00	16.00	16.81	30.48	100038.91	49787	0	WillisLamb	
26	16:48:08	13/2/2023 	16087	451.00	7.00	12.41	30.48	100038.91	1848	0	WillisLamb	
27	16:48:08	13/2/2023 	16155	318.00	7.00	11.25	30.48	100038.91	4331	0	WillisLamb	
28	16:48:08	13/2/2023 	16239	138.00	7.00	7.67	30.48	100038.91	1850	0	WillisLamb	
29	16:48:08	13/2/2023 	16856	687.00	15.00	16.50	30.48	100039.08	49785	0	WillisLamb	
30	16:48:08	13/2/2023 	16899	869.00	92.00	28.40	30.48	100039.08	1850	0	WillisLamb	
31	16:48:09	13/2/2023 	17453	542.00	7.00	13.07	30.48	100038.91	1849	0	WillisLamb	
32	16:48:09	13/2/2023 	17809	111.00	7.00	6.89	30.48	100038.73	49787	0	WillisLamb	
33	16:48:11	13/2/2023 	19281	89.00	7.00	6.32	30.48	100038.81	52330	0	WillisLamb	
34	16:48:11	13/2/2023 	19313	877.00	98.00	29.53	30.48	100038.81	1850	0	WillisLamb	
35	16:48:11	13/2/2023 	19493	696.00	17.00	17.11	30.48	100038.81	1850	0	WillisLamb	
36	16:48:12	13/2/2023 	20480	753.00	33.00	20.51	30.48	100038.64	49789	0	WillisLamb	
37	16:48:12	13/2/2023 	20901	623.00	9.00	14.30	30.48	100038.64	50524	0	WillisLamb	
38	16:48:13	13/2/2023 	21189	389.00	7.00	11.97	30.48	100038.64	1849	0	WillisLamb	
39	16:48:15	13/2/2023 	23098	726.00	25.00	19.10	30.48	100038.54	100238	0	WillisLamb	
40	16:48:16	13/2/2023 	24321	644.00	10.00	14.75	30.49	100038.95	49789	0	WillisLamb	
41	16:48:16	13/2/2023 	24458	214.00	7.00	9.59	30.49	100038.61	1850	0	WillisLamb	
42	16:48:16	13/2/2023 	24714	611.00	9.00	14.16	30.49	100038.61	49784	0	WillisLamb	
43	16:48:16	13/2/2023 	24786	147.00	7.00	7.93	30.49	100038.61	1849	0	WillisLamb	
44	16:48:16	13/2/2023 	24814	65.00	7.00	5.92	30.49	100038.61	1849	0	WillisLamb	
45	16:48:16	13/2/2023 	24835	120.00	7.00	7.15	30.49	100038.61	4393	0	WillisLamb	
46	16:48:17	13/2/2023 	25125	658.00	11.00	15.15	30.49	100038.69	1849	0	WillisLamb	
47	16:48:18	13/2/2023 	26395	93.00	7.00	6.42	30.49	100039.10	49791	0	WillisLamb	
48	16:48:19	13/2/2023 	27591	375.00	7.00	11.85	30.49	100039.17	97724	0	WillisLamb	
49	16:48:20	13/2/2023 	28137	144.00	6.00	7.84	30.49	100039.00	1850	0	WillisLamb	
50	16:48:20	13/2/2023 	28411	311.00	7.00	11.17	30.49	100039.00	1848	0	WillisLamb	
51	16:48:20	13/2/2023 	28491	860.00	95.00	28.90	30.49	100038.66	4562	0	WillisLamb	
52	16:48:20	13/2/2023 	28917	141.00	7.00	7.76	30.49	100038.66	49790	0	WillisLamb	
53	16:48:21	13/2/2023 	29673	499.00	8.00	12.82	30.50	100038.91	49787	0	WillisLamb	
54	16:48:21	13/2/2023 	29938	63.00	1.00	5.90	30.50	100038.91	2574	0	WillisLamb	
55	16:48:21	13/2/2023 	29944	701.00	20.00	17.86	30.50	100038.91	1837	0	WillisLamb	
56	16:48:23	13/2/2023 	31048	949.00	192.00	44.64	30.50	100038.81	49790	0	WillisLamb	
57	16:48:25	13/2/2023 	33037	107.00	7.00	6.78	30.50	100039.22	97735	0	WillisLamb	
58	16:48:25	13/2/2023 	33908	582.00	8.00	13.63	30.50	100039.30	52290	0	WillisLamb	
59	16:48:26	13/2/2023 	34467	964.00	303.00	57.55	30.50	100039.12	1850	0	WillisLamb	
60	16:48:26	13/2/2023 	34739	356.00	7.00	11.67	30.51	100039.55	49801	0	WillisLamb	
61	16:48:29	13/2/2023 	37188	665.00	12.00	15.48	30.51	100039.48	97729	0	WillisLamb	
62	16:48:29	13/2/2023 	37896	603.00	9.00	14.06	30.51	100039.56	49788	0	WillisLamb	
63	16:48:30	13/2/2023 	38610	630.00	10.00	14.61	30.51	100039.56	49788	0	WillisLamb	
64	16:48:31	13/2/2023 	39273	370.00	7.00	11.80	30.51	100039.39	4540	0	WillisLamb	
65	16:48:31	13/2/2023 	39700	757.00	34.00	20.65	30.52	100039.80	49789	0	WillisLamb	
66	16:48:31	13/2/2023 	39853	433.00	8.00	12.37	30.52	100039.80	2575	0	WillisLamb	
67	16:48:32	13/2/2023 	40375	122.00	7.00	7.20	30.52	100039.46	1847	0	WillisLamb	
68	16:48:32	13/2/2023 	40454	68.00	7.00	5.95	30.52	100039.46	1850	0	WillisLamb	
69	16:48:32	13/2/2023 	40779	539.00	8.00	13.16	30.52	100039.46	49786	0	WillisLamb	
70	16:48:33	13/2/2023 	41567	804.00	86.00	27.11	30.52	100039.54	52284	0	WillisLamb	
71	16:48:34	13/2/2023 	42003	470.00	7.00	12.53	30.52	100039.95	1851	0	WillisLamb	
72	16:48:34	13/2/2023 	42433	767.00	38.00	21.17	30.52	100039.78	1851	0	WillisLamb	
73	16:48:35	13/2/2023 	43007	900.00	121.00	34.06	30.52	100039.78	49789	0	WillisLamb	
74	16:48:36	13/2/2023 	44616	534.00	8.00	13.12	30.52	100040.03	97731	0	WillisLamb	
75	16:48:37	13/2/2023 	45449	204.00	7.00	9.38	30.52	100039.69	1849	0	WillisLamb	
76	16:48:38	13/2/2023 	46442	751.00	33.00	20.49	30.53	100039.75	52477	0	WillisLamb	
77	16:48:38	13/2/2023 	46575	173.00	6.00	8.63	30.53	100039.59	49790	0	WillisLamb	
78	16:48:38	13/2/2023 	46836	105.00	7.00	6.72	30.53	100039.59	1849	0	WillisLamb	
79	16:48:38	13/2/2023 	46901	804.00	57.00	23.21	30.53	100039.59	1850	0	WillisLamb	
80	16:48:39	13/2/2023 	47681	286.00	7.00	10.83	30.53	100040.00	49787	0	WillisLamb	
81	16:48:40	13/2/2023 	48320	110.00	7.00	6.86	30.53	100039.66	1850	0	WillisLamb	
82	16:48:40	13/2/2023 	48376	129.00	7.00	7.41	30.53	100039.66	4315	0	WillisLamb	
83	16:48:40	13/2/2023 	48678	963.00	256.00	50.93	30.53	100039.91	49787	0	WillisLamb	
84	16:48:40	13/2/2023 	48723	100.00	6.00	6.59	30.53	100039.91	1848	0	WillisLamb	
85	16:48:41	13/2/2023 	49045	97.00	7.00	6.51	30.53	100039.91	1848	0	WillisLamb	
86	16:48:41	13/2/2023 	49274	159.00	7.00	8.26	30.53	100039.91	1850	0	WillisLamb	
87	16:48:41	13/2/2023 	49618	553.00	8.00	13.31	30.53	100039.91	49787	0	WillisLamb	
88	16:48:41	13/2/2023 	49732	772.00	44.00	21.81	30.53	100040.15	5524	0	WillisLamb	
89	16:48:41	13/2/2023 	49835	246.00	7.00	10.20	30.53	100040.15	1850	0	WillisLamb	
90	16:48:42	13/2/2023 	50003	908.00	129.00	35.60	30.53	100040.15	1849	0	WillisLamb	
91	16:48:42	13/2/2023 	50183	958.00	238.00	49.00	30.53	100039.98	1850	0	WillisLamb	
92	16:48:42	13/2/2023 	50979	901.00	116.00	33.10	30.54	100040.22	49794	0	WillisLamb	
93	16:48:43	13/2/2023 	51007	637.00	9.00	14.43	30.54	100040.22	1850	0	WillisLamb	
94	16:48:43	13/2/2023 	51481	75.00	6.00	6.05	30.54	100040.05	4421	0	WillisLamb	
95	16:48:44	13/2/2023 	52149	353.00	7.00	11.64	30.54	100039.88	49787	0	WillisLamb	
96	16:48:44	13/2/2023 	52772	68.00	6.00	5.95	30.54	100039.78	49794	0	WillisLamb	
97	16:48:44	13/2/2023 	52939	656.00	11.00	15.13	30.54	100039.78	1848	0	WillisLamb	
98	16:48:44	13/2/2023 	52988	938.00	148.00	38.97	30.54	100039.78	1850	0	WillisLamb	
99	16:48:45	13/2/2023 	53498	126.00	6.00	7.32	30.54	100039.61	1849	0	WillisLamb	
100	16:48:46	13/2/2023 	54046	658.00	12.00	15.42	30.54	100039.83	52372	0	WillisLamb	
101	16:48:46	13/2/2023 	54670	87.00	9.00	6.28	30.54	100039.66	49790	0	WillisLamb	
102	16:48:47	13/2/2023 	55346	882.00	110.00	31.84	30.54	100039.90	1849	0	WillisLamb	
103	16:48:47	13/2/2023 	55677	701.00	17.00	17.15	30.54	100039.90	49794	0	WillisLamb	
104	16:48:47	13/2/2023 	55860	622.00	9.00	14.29	30.54	100039.73	1850	0	WillisLamb	
105	16:48:47	13/2/2023 	55893	782.00	60.00	23.44	30.54	100039.73	1850	0	WillisLamb	
106	16:48:48	13/2/2023 	56555	742.00	30.00	20.03	30.54	100039.56	52355	0	WillisLamb	
107	16:48:49	13/2/2023 	57563	308.00	7.00	11.13	30.55	100039.80	49794	0	WillisLamb	
108	16:48:50	13/2/2023 	58336	762.00	38.00	21.15	30.55	100040.05	1851	0	WillisLamb	
109	16:48:52	13/2/2023 	60590	155.00	6.00	8.15	30.55	100040.29	145677	0	WillisLamb	
110	16:48:53	13/2/2023 	61708	534.00	8.00	13.12	30.55	100040.70	50516	0	WillisLamb	
111	16:48:54	13/2/2023 	62247	642.00	10.00	14.73	30.55	100040.53	1850	0	WillisLamb	
112	16:48:54	13/2/2023 	62847	101.00	6.00	6.62	30.56	100040.78	52380	0	WillisLamb	
113	16:48:55	13/2/2023 	63340	261.00	7.00	10.45	30.56	100040.61	1849	0	WillisLamb	
114	16:48:55	13/2/2023 	63814	977.00	389.00	72.61	30.56	100040.85	49788	0	WillisLamb	
115	16:48:56	13/2/2023 	64418	978.00	621.00	109.75	30.56	100040.85	1850	0	WillisLamb	
116	16:48:57	13/2/2023 	65004	917.00	140.00	37.61	30.56	100040.68	49803	0	WillisLamb	
117	16:48:57	13/2/2023 	65674	817.00	76.00	25.61	30.56	100040.92	49793	0	WillisLamb	
118	16:48:57	13/2/2023 	65796	450.00	7.00	12.40	30.56	100040.92	4412	0	WillisLamb	
119	16:48:58	13/2/2023 	66039	456.00	7.00	12.44	30.56	100040.92	1850	0	WillisLamb	
120	16:48:58	13/2/2023 	66753	542.00	7.00	13.07	30.56	100040.58	49790	0	WillisLamb	
121	16:48:59	13/2/2023 	67202	81.00	7.00	6.15	30.56	100040.41	1850	0	WillisLamb	
122	16:49:01	13/2/2023 	69635	211.00	7.00	9.53	30.56	100039.39	145663	0	WillisLamb	
123	16:49:02	13/2/2023 	70131	953.00	237.00	48.90	30.56	100039.80	2581	0	WillisLamb	
124	16:49:02	13/2/2023 	70263	726.00	24.00	18.91	30.56	100039.80	4443	0	WillisLamb	
125	16:49:02	13/2/2023 	70276	780.00	59.00	23.33	30.56	100039.80	1848	0	WillisLamb	
126	16:49:02	13/2/2023 	70292	144.00	7.00	7.84	30.56	100039.80	1850	0	WillisLamb	
127	16:49:02	13/2/2023 	70600	921.00	137.00	37.09	30.56	100039.80	49789	0	WillisLamb	
128	16:49:03	13/2/2023 	71655	273.00	7.00	10.64	30.56	100039.46	49792	0	WillisLamb	
129	16:49:03	13/2/2023 	71977	64.00	6.00	5.91	30.57	100039.70	1850	0	WillisLamb	
130	16:49:04	13/2/2023 	72172	101.00	7.00	6.62	30.57	100039.70	1847	0	WillisLamb	
131	16:49:05	13/2/2023 	73110	101.00	7.00	6.62	30.57	100039.36	52372	0	WillisLamb	
132	16:49:05	13/2/2023 	73766	124.00	6.00	7.26	30.57	100039.78	49787	0	WillisLamb	
133	16:49:06	13/2/2023 	74702	173.00	7.00	8.63	30.57	100039.44	49786	0	WillisLamb	
134	16:49:09	13/2/2023 	77254	270.00	7.00	10.60	30.57	100039.55	97727	0	WillisLamb	
135	16:49:09	13/2/2023 	77962	77.00	6.00	6.08	30.58	100039.80	49789	0	WillisLamb	
136	16:49:10	13/2/2023 	78017	99.00	7.00	6.57	30.58	100039.62	1850	0	WillisLamb	
137	16:49:10	13/2/2023 	78173	208.00	7.00	9.46	30.58	100039.62	4570	0	WillisLamb	
138	16:49:12	13/2/2023 	80178	166.00	7.00	8.45	30.58	100039.36	97730	0	WillisLamb	
139	16:49:12	13/2/2023 	80903	569.00	8.00	13.48	30.58	100039.36	50514	0	WillisLamb	
140	16:49:13	13/2/2023 	81170	517.00	12.00	13.35	30.58	100039.77	1849	0	WillisLamb	
141	16:49:14	13/2/2023 	82588	302.00	7.00	11.05	30.58	100039.60	97730	0	WillisLamb	
142	16:49:16	13/2/2023 	84405	66.00	6.00	5.93	30.58	100039.50	49789	0	WillisLamb	
143	16:49:16	13/2/2023 	84489	399.00	7.00	12.05	30.58	100039.50	4433	0	WillisLamb	
144	16:49:17	13/2/2023 	85317	430.00	8.00	12.35	30.59	100039.92	49788	0	WillisLamb	
145	16:49:18	13/2/2023 	86224	98.00	7.00	6.54	30.59	100039.75	49786	0	WillisLamb	
146	16:49:19	13/2/2023 	87713	368.00	7.00	11.78	30.59	100039.99	97726	0	WillisLamb	
147	16:49:19	13/2/2023 	87917	110.00	7.00	6.86	30.59	100039.82	1850	0	WillisLamb	
148	16:49:21	13/2/2023 	89139	968.00	389.00	72.61	30.59	100039.66	49786	0	WillisLamb	
149	16:49:22	13/2/2023 	90368	588.00	8.00	13.70	30.59	100040.06	52512	0	WillisLamb	
150	16:49:23	13/2/2023 	91155	68.00	6.00	5.95	30.59	100039.90	50513	0	WillisLamb	
151	16:49:23	13/2/2023 	91256	401.00	7.00	12.06	30.59	100039.90	1850	0	WillisLamb	
152	16:49:24	13/2/2023 	92114	400.00	7.00	12.05	30.59	100040.31	49786	0	WillisLamb	
153	16:49:24	13/2/2023 	92710	245.00	7.00	10.18	30.59	100040.14	49789	0	WillisLamb	
154	16:49:25	13/2/2023 	93341	159.00	7.00	8.26	30.59	100039.97	1850	0	WillisLamb	
155	16:49:25	13/2/2023 	93414	401.00	7.00	12.06	30.59	100039.97	4433	0	WillisLamb	
156	16:49:25	13/2/2023 	93499	91.00	7.00	6.37	30.59	100039.97	1849	0	WillisLamb	
157	16:49:25	13/2/2023 	93606	579.00	8.00	13.59	30.59	100039.97	49840	0	WillisLamb	
158	16:49:26	13/2/2023 	94339	89.00	7.00	6.32	30.60	100040.38	1847	0	WillisLamb	
159	16:49:26	13/2/2023 	94373	105.00	7.00	6.72	30.60	100040.38	1850	0	WillisLamb	
160	16:49:26	13/2/2023 	94477	336.00	7.00	11.46	30.60	100040.38	1849	0	WillisLamb	
161	16:49:28	13/2/2023 	96478	657.00	11.00	15.14	30.60	100040.29	100463	0	WillisLamb	
162	16:49:28	13/2/2023 	96782	115.00	7.00	7.00	30.60	100040.11	49790	0	WillisLamb	
163	16:49:28	13/2/2023 	96888	210.00	7.00	9.51	30.60	100040.11	1849	0	WillisLamb	
164	16:49:29	13/2/2023 	97150	742.00	32.00	20.30	30.60	100039.95	1850	0	WillisLamb	
165	16:49:29	13/2/2023 	97176	900.00	120.00	33.87	30.60	100039.95	1849	0	WillisLamb	
166	16:49:29	13/2/2023 	97489	84.00	7.00	6.21	30.60	100039.95	1850	0	WillisLamb	
167	16:49:29	13/2/2023 	97562	117.00	7.00	7.06	30.60	100039.95	52358	0	WillisLamb	
168	16:49:29	13/2/2023 	97591	137.00	7.00	7.64	30.60	100039.95	1850	0	WillisLamb	
169	16:49:29	13/2/2023 	97771	130.00	7.00	7.44	30.60	100039.95	1849	0	WillisLamb	
170	16:49:31	13/2/2023 	99727	114.00	7.00	6.97	30.60	100039.60	97726	0	WillisLamb	
171	16:49:34	13/2/2023 	102423	59.00	6.00	5.88	30.60	100040.02	98451	0	WillisLamb	
172	16:49:34	13/2/2023 	102928	123.00	6.00	7.23	30.60	100039.84	49788	0	WillisLamb	
173	16:49:35	13/2/2023 	103576	611.00	9.00	14.16	30.60	100039.68	52518	0	WillisLamb	
174	16:49:35	13/2/2023 	103667	80.00	7.00	6.13	30.60	100039.68	1850	0	WillisLamb	
175	16:49:37	13/2/2023 	105397	932.00	147.00	38.80	30.60	100039.72	49787	0	WillisLamb	
176	16:49:37	13/2/2023 	105411	226.00	7.00	9.83	30.60	100039.72	1852	0	WillisLamb	
177	16:49:38	13/2/2023 	106690	78.00	7.00	6.10	30.60	100039.72	97724	0	WillisLamb	
178	16:49:40	13/2/2023 	108608	701.00	18.00	17.40	30.61	100039.62	97725	0	WillisLamb	
179	16:49:41	13/2/2023 	109665	397.00	7.00	12.03	30.61	100039.70	52367	0	WillisLamb	
180	16:49:42	13/2/2023 	110364	463.00	8.00	12.57	30.61	100039.70	2577	0	WillisLamb	
181	16:49:42	13/2/2023 	110439	558.00	8.00	13.36	30.61	100039.70	1848	0	WillisLamb	
182	16:49:42	13/2/2023 	110581	937.00	148.00	38.97	30.61	100039.53	49788	0	WillisLamb	
183	16:49:42	13/2/2023 	110631	228.00	7.00	9.87	30.61	100039.53	1850	0	WillisLamb	
184	16:49:43	13/2/2023 	111319	961.00	297.00	56.58	30.61	100039.53	1850	0	WillisLamb	
185	16:49:43	13/2/2023 	111493	242.00	11.00	10.20	30.61	100039.53	4585	0	WillisLamb	
186	16:49:43	13/2/2023 	111574	133.00	1.00	7.50	30.61	100039.35	49789	0	WillisLamb	
187	16:49:43	13/2/2023 	111673	752.00	33.00	20.50	30.61	100039.35	1837	0	WillisLamb	
188	16:49:44	13/2/2023 	112122	956.00	248.00	50.03	30.61	100039.59	1851	0	WillisLamb	
189	16:49:44	13/2/2023 	112276	56.00	7.00	5.88	30.61	100039.59	1851	0	WillisLamb	
190	16:49:44	13/2/2023 	112994	920.00	134.00	36.55	30.61	100039.77	49787	0	WillisLamb	
191	16:49:45	13/2/2023 	113102	430.00	7.00	12.27	30.61	100039.59	4443	0	WillisLamb	
192	16:49:45	13/2/2023 	113111	257.00	6.00	10.36	30.61	100039.59	1852	0	WillisLamb	
193	16:49:46	13/2/2023 	114708	330.00	7.00	11.39	30.61	100039.84	97729	0	WillisLamb	
194	16:49:47	13/2/2023 	115554	113.00	7.00	6.95	30.61	100040.02	49789	0	WillisLamb	
195	16:49:47	13/2/2023 	115733	81.00	7.00	6.15	30.61	100040.02	1850	0	WillisLamb	
196	16:49:47	13/2/2023 	115810	63.00	7.00	5.91	30.61	100040.02	1848	0	WillisLamb	
197	16:49:48	13/2/2023 	116089	882.00	106.00	31.07	30.61	100040.02	4414	0	WillisLamb	
198	16:49:48	13/2/2023 	116484	157.00	7.00	8.21	30.61	100039.84	1852	0	WillisLamb	
199	16:49:49	13/2/2023 	117268	91.00	7.00	6.37	30.62	100040.43	49787	0	WillisLamb	
200	16:49:49	13/2/2023 	117459	370.00	7.00	11.80	30.62	100040.43	1851	0	WillisLamb	
201	16:49:49	13/2/2023 	117493	126.00	7.00	7.32	30.62	100040.43	1849	0	WillisLamb	
202	16:49:50	13/2/2023 	118254	776.00	54.00	22.79	30.62	100040.43	49789	0	WillisLamb	
203	16:49:50	13/2/2023 	118843	142.00	6.00	7.78	30.62	100040.43	52356	0	WillisLamb	
204	16:49:50	13/2/2023 	118900	86.00	7.00	6.26	30.62	100040.43	1848	0	WillisLamb	
205	16:49:51	13/2/2023 	119132	629.00	10.00	14.59	30.62	100040.43	1849	0	WillisLamb	
206	16:49:51	13/2/2023 	119157	900.00	119.00	33.67	30.62	100040.43	1852	0	WillisLamb	
207	16:49:51	13/2/2023 	119402	118.00	7.00	7.09	30.62	100040.43	1850	0	WillisLamb	
208	16:49:51	13/2/2023 	119640	570.00	8.00	13.49	30.62	100040.43	49790	0	WillisLamb	
209	16:49:51	13/2/2023 	119714	604.00	8.00	13.88	30.62	100040.43	5390	0	WillisLamb	
210	16:49:51	13/2/2023 	119771	173.00	7.00	8.63	30.62	100040.43	1847	0	WillisLamb	
211	16:49:51	13/2/2023 	119940	753.00	31.00	20.24	30.62	100040.43	1850	0	WillisLamb	
212	16:49:52	13/2/2023 	120467	190.00	7.00	9.06	30.62	100040.25	1850	0	WillisLamb	
213	16:49:52	13/2/2023 	120586	189.00	7.00	9.03	30.62	100040.25	49789	0	WillisLamb	
214	16:49:52	13/2/2023 	120745	752.00	33.00	20.50	30.62	100040.25	1850	0	WillisLamb	
215	16:49:53	13/2/2023 	121838	141.00	6.00	7.75	30.62	100040.09	52355	0	WillisLamb	
216	16:49:54	13/2/2023 	122555	114.00	6.00	6.97	30.62	100040.09	49789	0	WillisLamb	
217	16:49:55	13/2/2023 	123092	315.00	7.00	11.22	30.62	100039.92	1849	0	WillisLamb	
218	16:49:55	13/2/2023 	123285	344.00	10.00	11.68	30.62	100039.92	1851	0	WillisLamb	
219	16:49:57	13/2/2023 	125109	585.00	8.00	13.66	30.62	100040.16	97730	0	WillisLamb	
220	16:49:57	13/2/2023 	125188	778.00	49.00	22.32	30.62	100040.16	1850	0	WillisLamb	
221	16:49:57	13/2/2023 	125241	355.00	8.00	11.71	30.62	100040.16	4563	0	WillisLamb	
222	16:49:57	13/2/2023 	125637	71.00	7.00	5.99	30.62	100039.98	49789	0	WillisLamb	
223	16:49:58	13/2/2023 	126067	808.00	60.00	23.54	30.62	100039.81	1850	0	WillisLamb	
224	16:49:58	13/2/2023 	126110	714.00	20.00	17.98	30.62	100039.81	1852	0	WillisLamb	
225	16:49:58	13/2/2023 	126306	190.00	7.00	9.06	30.62	100039.81	1850	0	WillisLamb	
226	16:49:58	13/2/2023 	126786	73.00	7.00	6.02	30.62	100039.65	49788	0	WillisLamb	
227	16:49:59	13/2/2023 	127648	860.00	99.00	29.64	30.62	100040.06	52360	0	WillisLamb	
228	16:50:00	13/2/2023 	128685	756.00	34.00	20.65	30.62	100039.89	49793	0	WillisLamb	
229	16:50:00	13/2/2023 	128881	201.00	6.00	9.30	30.62	100039.89	1852	0	WillisLamb	
230	16:50:01	13/2/2023 	129130	775.00	59.00	23.30	30.62	100039.89	1849	0	WillisLamb	
231	16:50:02	13/2/2023 	130059	784.00	49.00	22.34	30.62	100039.89	49794	0	WillisLamb	
232	16:50:03	13/2/2023 	131055	118.00	7.00	7.09	30.62	100039.55	50518	0	WillisLamb	
233	16:50:03	13/2/2023 	131762	318.00	7.00	11.25	30.62	100039.80	52521	0	WillisLamb	
234	16:50:03	13/2/2023 	131771	429.00	7.00	12.26	30.62	100039.80	1850	0	WillisLamb	
235	16:50:05	13/2/2023 	133054	287.00	7.00	10.85	30.62	100039.80	49791	0	WillisLamb	
236	16:50:06	13/2/2023 	134100	138.00	7.00	7.67	30.62	100039.28	49791	0	WillisLamb	
237	16:50:06	13/2/2023 	134229	950.00	170.00	42.14	30.62	100039.11	1852	0	WillisLamb	
238	16:50:07	13/2/2023 	135105	556.00	8.00	13.34	30.63	100039.36	49794	0	WillisLamb	
239	16:50:07	13/2/2023 	135279	585.00	8.00	13.66	30.63	100039.19	4420	0	WillisLamb	
240	16:50:07	13/2/2023 	135442	209.00	7.00	9.48	30.63	100039.19	1849	0	WillisLamb	
241	16:50:07	13/2/2023 	135593	148.00	6.00	7.95	30.63	100039.19	49789	0	WillisLamb	
242	16:50:07	13/2/2023 	135896	73.00	7.00	6.02	30.63	100038.84	1848	0	WillisLamb	
243	16:50:08	13/2/2023 	136133	97.00	6.00	6.51	30.63	100038.84	1849	0	WillisLamb	
244	16:50:08	13/2/2023 	136433	104.00	6.00	6.70	30.63	100038.67	1851	0	WillisLamb	
245	16:50:08	13/2/2023 	136695	560.00	8.00	13.38	30.63	100038.67	52350	0	WillisLamb	
246	16:50:08	13/2/2023 	136708	70.00	6.00	5.97	30.63	100038.67	1849	0	WillisLamb	
247	16:50:08	13/2/2023 	136906	682.00	13.00	15.90	30.63	100038.67	1849	0	WillisLamb	
248	16:50:09	13/2/2023 	137077	190.00	7.00	9.06	30.63	100038.67	1850	0	WillisLamb	
249	16:50:09	13/2/2023 	137744	430.00	7.00	12.27	30.63	100038.67	49788	0	WillisLamb	
250	16:50:10	13/2/2023 	138077	194.00	7.00	9.15	30.63	100039.09	1849	0	WillisLamb	
251	16:50:10	13/2/2023 	138129	106.00	7.00	6.75	30.63	100039.09	4413	0	WillisLamb	
252	16:50:11	13/2/2023 	139234	742.00	31.00	20.17	30.63	100039.09	49788	0	WillisLamb	
253	16:50:11	13/2/2023 	139259	106.00	6.00	6.75	30.63	100039.09	1850	0	WillisLamb	
254	16:50:11	13/2/2023 	139686	974.00	430.00	78.51	30.63	100038.92	49790	0	WillisLamb	
255	16:50:11	13/2/2023 	139897	692.00	15.00	16.54	30.63	100038.74	2581	0	WillisLamb	
256	16:50:12	13/2/2023 	140212	170.00	7.00	8.56	30.63	100038.74	1850	0	WillisLamb	
257	16:50:12	13/2/2023 	140569	232.00	7.00	9.95	30.63	100038.74	52384	0	WillisLamb	
258	16:50:13	13/2/2023 	141074	173.00	7.00	8.63	30.63	100038.74	1849	0	WillisLamb	
259	16:50:13	13/2/2023 	141462	738.00	29.00	19.85	30.63	100038.74	1851	0	WillisLamb	
260	16:50:13	13/2/2023 	141605	584.00	8.00	13.65	30.63	100038.74	49790	0	WillisLamb	
261	16:50:14	13/2/2023 	142608	593.00	9.00	13.93	30.63	100038.92	49790	0	WillisLamb	
262	16:50:15	13/2/2023 	143904	591.00	8.00	13.73	30.63	100038.74	49791	0	WillisLamb	
263	16:50:16	13/2/2023 	144996	73.00	5.00	6.01	30.63	100038.74	52375	0	WillisLamb	
264	16:50:17	13/2/2023 	145046	539.00	8.00	13.16	30.63	100038.74	1850	0	WillisLamb	
265	16:50:18	13/2/2023 	146407	689.00	15.00	16.52	30.63	100038.92	49788	0	WillisLamb	
266	16:50:19	13/2/2023 	147065	78.00	7.00	6.10	30.63	100038.74	49791	0	WillisLamb	
267	16:50:21	13/2/2023 	149770	134.00	7.00	7.55	30.63	100038.82	145669	0	WillisLamb	
268	16:50:22	13/2/2023 	150107	913.00	134.00	36.54	30.63	100038.82	2580	0	WillisLamb	
269	16:50:22	13/2/2023 	150177	666.00	11.00	15.21	30.63	100038.82	4444	0	WillisLamb	
270	16:50:22	13/2/2023 	150227	921.00	141.00	37.79	30.63	100038.98	1850	0	WillisLamb	
271	16:50:22	13/2/2023 	150248	945.00	153.00	39.76	30.63	100038.98	1850	0	WillisLamb	
272	16:50:22	13/2/2023 	150689	974.00	353.00	66.42	30.63	100038.98	49793	0	WillisLamb	
273	16:50:23	13/2/2023 	151195	963.00	317.00	59.93	30.63	100038.82	1851	0	WillisLamb	
274	16:50:24	13/2/2023 	152290	968.00	411.00	75.95	30.63	100038.48	49797	0	WillisLamb	
275	16:50:25	13/2/2023 	153156	835.00	91.00	28.09	30.63	100038.31	52364	0	WillisLamb	
276	16:50:25	13/2/2023 	153624	790.00	71.00	24.80	30.63	100038.55	49793	0	WillisLamb	
277	16:50:25	13/2/2023 	153961	868.00	102.00	30.24	30.63	100038.38	1852	0	WillisLamb	
278	16:50:26	13/2/2023 	154230	198.00	7.00	9.24	30.63	100038.38	1857	0	WillisLamb	
279	16:50:26	13/2/2023 	154786	112.00	7.00	6.92	30.63	100038.20	49794	0	WillisLamb	
280	16:50:27	13/2/2023 	155698	132.00	7.00	7.49	30.63	100038.04	49788	0	WillisLamb	
281	16:50:27	13/2/2023 	155960	966.00	253.00	50.58	30.63	100038.04	4566	0	WillisLamb	
282	16:50:28	13/2/2023 	156945	302.00	7.00	11.05	30.63	100037.87	49797	0	WillisLamb	
283	16:50:29	13/2/2023 	157248	114.00	7.00	6.97	30.63	100037.87	1850	0	WillisLamb	
284	16:50:29	13/2/2023 	157789	457.00	7.00	12.44	30.63	100037.87	49789	0	WillisLamb	
285	16:50:30	13/2/2023 	158243	76.00	7.00	6.06	30.63	100037.87	1849	0	WillisLamb	
286	16:50:31	13/2/2023 	159117	325.00	7.00	11.34	30.64	100038.08	49789	0	WillisLamb	
287	16:50:31	13/2/2023 	159359	935.00	149.00	39.13	30.64	100038.08	4423	0	WillisLamb	
288	16:50:32	13/2/2023 	160057	477.00	8.00	12.66	30.64	100037.73	49794	0	WillisLamb	
289	16:50:32	13/2/2023 	160550	177.00	7.00	8.74	30.64	100037.73	50516	0	WillisLamb	
290	16:50:33	13/2/2023 	161130	343.00	7.00	11.54	30.64	100037.56	1849	0	WillisLamb	
291	16:50:33	13/2/2023 	161413	837.00	89.00	27.75	30.64	100037.56	1852	0	WillisLamb	
292	16:50:33	13/2/2023 	161441	112.00	7.00	6.92	30.64	100037.56	1849	0	WillisLamb	
293	16:50:33	13/2/2023 	161741	591.00	8.00	13.73	30.64	100037.40	66364	0	WillisLamb	
294	16:50:33	13/2/2023 	161895	775.00	41.00	21.52	30.64	100037.40	1847	0	WillisLamb	
295	16:50:34	13/2/2023 	162396	777.00	53.00	22.70	30.64	100037.64	1851	0	WillisLamb	
296	16:50:34	13/2/2023 	162685	782.00	50.00	22.43	30.64	100037.64	49793	0	WillisLamb	
297	16:50:35	13/2/2023 	163252	88.00	7.00	6.30	30.64	100037.47	1849	0	WillisLamb	
298	16:50:36	13/2/2023 	164228	690.00	15.00	16.53	30.64	100037.30	49786	0	WillisLamb	
299	16:50:37	13/2/2023 	165027	699.00	18.00	17.38	30.64	100037.12	52363	0	WillisLamb	
300	16:50:37	13/2/2023 	165100	78.00	6.00	6.10	30.64	100037.12	1858	0	WillisLamb	
301	16:50:37	13/2/2023 	165116	462.00	8.00	12.56	30.64	100037.12	1855	0	WillisLamb	
302	16:50:37	13/2/2023 	165860	131.00	7.00	7.47	30.64	100037.12	49794	0	WillisLamb	
303	16:50:38	13/2/2023 	166898	64.00	7.00	5.91	30.64	100037.12	49796	0	WillisLamb	
304	16:50:39	13/2/2023 	167634	961.00	300.00	57.06	30.64	100036.95	49795	0	WillisLamb	
305	16:50:39	13/2/2023 	167916	862.00	97.00	29.28	30.64	100036.79	4421	0	WillisLamb	
306	16:50:40	13/2/2023 	168103	719.00	22.00	18.46	30.64	100036.79	1850	0	WillisLamb	
307	16:50:40	13/2/2023 	168338	953.00	179.00	43.24	30.64	100036.79	1851	0	WillisLamb	
308	16:50:41	13/2/2023 	169099	793.00	68.00	24.43	30.64	100036.79	49796	0	WillisLamb	
309	16:50:41	13/2/2023 	169178	72.00	6.00	6.00	30.64	100036.79	1851	0	WillisLamb	
310	16:50:43	13/2/2023 	171584	963.00	320.00	60.46	30.64	100037.20	145670	0	WillisLamb	
311	16:50:44	13/2/2023 	172097	77.00	7.00	6.08	30.64	100037.20	5318	0	WillisLamb	
312	16:50:45	13/2/2023 	173017	341.00	7.00	11.52	30.64	100037.20	49791	0	WillisLamb	
313	16:50:45	13/2/2023 	173722	66.00	6.00	5.93	30.64	100037.03	49791	0	WillisLamb	
314	16:50:45	13/2/2023 	173847	303.00	7.00	11.06	30.64	100037.03	1848	0	WillisLamb	
315	16:50:46	13/2/2023 	174116	281.00	7.00	10.76	30.64	100037.61	1849	0	WillisLamb	
316	16:50:47	13/2/2023 	175041	160.00	7.00	8.29	30.64	100037.61	49792	0	WillisLamb	
317	16:50:47	13/2/2023 	175326	952.00	159.00	40.65	30.64	100037.61	4335	0	WillisLamb	
318	16:50:47	13/2/2023 	175497	152.00	7.00	8.07	30.64	100037.61	1850	0	WillisLamb	
319	16:50:47	13/2/2023 	175758	397.00	7.00	12.03	30.64	100037.61	49787	0	WillisLamb	
320	16:50:48	13/2/2023 	176433	428.00	7.00	12.26	30.64	100037.61	1849	0	WillisLamb	
321	16:50:48	13/2/2023 	176882	138.00	6.00	7.66	30.64	100037.61	49792	0	WillisLamb	
322	16:50:49	13/2/2023 	177230	795.00	73.00	25.10	30.64	100037.61	1848	0	WillisLamb	
323	16:50:49	13/2/2023 	177327	546.00	8.00	13.23	30.64	100037.61	4400	0	WillisLamb	
324	16:50:49	13/2/2023 	177450	73.00	7.00	6.02	30.64	100037.61	1847	0	WillisLamb	
325	16:50:49	13/2/2023 	177673	148.00	7.00	7.96	30.64	100037.61	49789	0	WillisLamb	
326	16:50:50	13/2/2023 	178066	748.00	33.00	20.47	30.64	100037.79	1850	0	WillisLamb	
327	16:50:50	13/2/2023 	178779	602.00	9.00	14.05	30.64	100037.79	49792	0	WillisLamb	
328	16:50:51	13/2/2023 	179737	68.00	6.00	5.95	30.65	100038.03	49791	0	WillisLamb	
329	16:50:51	13/2/2023 	179923	310.00	7.00	11.15	30.65	100038.03	5298	0	WillisLamb	
330	16:50:52	13/2/2023 	180064	98.00	7.00	6.54	30.65	100038.03	1851	0	WillisLamb	
331	16:50:53	13/2/2023 	181240	842.00	93.00	28.47	30.65	100037.86	49790	0	WillisLamb	
332	16:50:53	13/2/2023 	181337	602.00	8.00	13.85	30.65	100037.86	1852	0	WillisLamb	
333	16:50:53	13/2/2023 	181873	305.00	7.00	11.09	30.65	100037.52	49788	0	WillisLamb	
334	16:50:54	13/2/2023 	182097	760.00	37.00	21.02	30.65	100037.52	1850	0	WillisLamb	
335	16:50:54	13/2/2023 	182182	461.00	7.00	12.47	30.65	100037.34	4336	0	WillisLamb	
336	16:50:54	13/2/2023 	182368	442.00	7.00	12.35	30.65	100037.34	1850	0	WillisLamb	
337	16:50:55	13/2/2023 	183467	678.00	17.00	16.89	30.65	100037.18	49790	0	WillisLamb	
338	16:50:55	13/2/2023 	183766	885.00	109.00	31.66	30.65	100037.01	49793	0	WillisLamb	
339	16:50:56	13/2/2023 	184306	78.00	6.00	6.10	30.65	100037.01	1850	0	WillisLamb	
340	16:50:56	13/2/2023 	184914	181.00	7.00	8.84	30.65	100037.01	49790	0	WillisLamb	
341	16:50:58	13/2/2023 	186641	79.00	7.00	6.12	30.65	100037.25	100213	0	WillisLamb	
342	16:50:58	13/2/2023 	186802	148.00	7.00	7.96	30.65	100037.25	1850	0	WillisLamb	
343	16:50:58	13/2/2023 	186856	153.00	6.00	8.09	30.65	100037.08	1849	0	WillisLamb	
344	16:50:58	13/2/2023 	186982	323.00	8.00	11.35	30.65	100037.08	1849	0	WillisLamb	
345	16:50:59	13/2/2023 	187071	788.00	70.00	24.66	30.65	100037.08	1847	0	WillisLamb	
346	16:50:59	13/2/2023 	187747	733.00	26.00	19.33	30.65	100036.91	49794	0	WillisLamb	
347	16:51:00	13/2/2023 	188277	210.00	7.00	9.51	30.65	100036.91	4333	0	WillisLamb	
348	16:51:00	13/2/2023 	188812	240.00	7.00	10.09	30.65	100036.91	49789	0	WillisLamb	
349	16:51:01	13/2/2023 	189936	952.00	215.00	46.82	30.65	100036.73	49792	0	WillisLamb	
350	16:51:02	13/2/2023 	190081	184.00	7.00	8.91	30.65	100036.73	2576	0	WillisLamb	
351	16:51:02	13/2/2023 	190671	515.00	7.00	12.84	30.65	100036.56	49792	0	WillisLamb	
352	16:51:02	13/2/2023 	190769	310.00	7.00	11.15	30.65	100036.56	1850	0	WillisLamb	
353	16:51:03	13/2/2023 	191446	304.00	7.00	11.08	30.65	100036.40	4353	0	WillisLamb	
354	16:51:03	13/2/2023 	191494	369.00	8.00	11.85	30.65	100036.23	1851	0	WillisLamb	
355	16:51:03	13/2/2023 	191655	164.00	7.00	8.40	30.65	100036.23	49787	0	WillisLamb	
356	16:51:04	13/2/2023 	192117	920.00	138.00	37.26	30.65	100036.05	1849	0	WillisLamb	
357	16:51:04	13/2/2023 	192947	990.00	791.00	141.15	30.65	100035.89	49796	0	WillisLamb	
358	16:51:06	13/2/2023 	194223	601.00	8.00	13.84	30.65	100035.38	49810	0	WillisLamb	
359	16:51:06	13/2/2023 	194574	641.00	9.00	14.46	30.65	100035.20	52279	0	WillisLamb	
360	16:51:06	13/2/2023 	194630	593.00	8.00	13.75	30.65	100035.20	1849	0	WillisLamb	
361	16:51:08	13/2/2023 	196009	541.00	8.00	13.18	30.65	100035.28	49788	0	WillisLamb	
362	16:51:09	13/2/2023 	197261	409.00	7.00	12.12	30.65	100034.94	49788	0	WillisLamb	
363	16:51:09	13/2/2023 	197350	162.00	6.00	8.34	30.65	100034.94	1852	0	WillisLamb	
364	16:51:10	13/2/2023 	198004	135.00	7.00	7.58	30.65	100034.94	49787	0	WillisLamb	
365	16:51:10	13/2/2023 	198068	200.00	7.00	9.29	30.65	100034.94	4355	0	WillisLamb	
366	16:51:11	13/2/2023 	199227	63.00	7.00	5.91	30.65	100035.01	49789	0	WillisLamb	
367	16:51:12	13/2/2023 	200481	740.00	28.00	19.71	30.65	100035.01	49789	0	WillisLamb	
368	16:51:12	13/2/2023 	200817	198.00	7.00	9.24	30.65	100035.18	50516	0	WillisLamb	
369	16:51:13	13/2/2023 	201237	93.00	7.00	6.42	30.65	100035.18	1849	0	WillisLamb	
370	16:51:13	13/2/2023 	201481	165.00	6.00	8.42	30.65	100035.18	1850	0	WillisLamb	
371	16:51:13	13/2/2023 	201588	127.00	6.00	7.35	30.65	100035.18	52291	0	WillisLamb	
372	16:51:14	13/2/2023 	202804	758.00	33.00	20.53	30.65	100035.01	49789	0	WillisLamb	
373	16:51:15	13/2/2023 	203106	72.00	7.00	6.00	30.65	100035.01	1852	0	WillisLamb	
374	16:51:16	13/2/2023 	204125	187.00	7.00	8.98	30.65	100034.50	49791	0	WillisLamb	
375	16:51:16	13/2/2023 	204245	329.00	7.00	11.38	30.65	100034.50	1851	0	WillisLamb	
376	16:51:16	13/2/2023 	204600	145.00	7.00	7.87	30.65	100034.33	49791	0	WillisLamb	
377	16:51:17	13/2/2023 	205564	824.00	82.00	26.55	30.66	100034.74	52293	0	WillisLamb	
378	16:51:17	13/2/2023 	205612	167.00	7.00	8.48	30.66	100034.74	1851	0	WillisLamb	
379	16:51:17	13/2/2023 	205842	804.00	69.00	24.60	30.66	100034.74	1850	0	WillisLamb	
380	16:51:21	13/2/2023 	209082	184.00	9.00	8.93	30.66	100034.81	145680	0	WillisLamb	
381	16:51:21	13/2/2023 	209355	98.00	7.00	6.54	30.66	100034.81	1850	0	WillisLamb	
