###################################################################################################
### CosmicWatch: The Desktop Muon Detector
### Device ID: NiktaFahkri
### Launch time: 16:52:38 13/2/2023
### Questions? Email Spencer N. Axani (saxani@mit.edu)
### Event Time Date TimeStamp[ms] ADC1 ADC2 SiPM[mV] Temp[C] Pressure[Pa] DeadTime[us] Coincident ID
###################################################################################################
1	16:52:39	13/2/2023 	174	74.00	7.00	6.03	31.05	100052.97	47973	0	NiktaFahkri	
2	16:52:39	13/2/2023 	394	319.00	7.00	11.26	31.05	100053.38	5944	0	NiktaFahkri	
3	16:52:40	13/2/2023 	1478	765.00	49.00	22.25	31.05	100053.38	49819	0	NiktaFahkri	
4	16:52:40	13/2/2023 	1969	165.00	8.00	8.43	31.05	100053.38	49818	0	NiktaFahkri	
5	16:52:41	13/2/2023 	2106	944.00	183.00	43.69	31.05	100053.38	1847	0	NiktaFahkri	
6	16:52:41	13/2/2023 	2549	955.00	214.00	46.73	31.05	100053.55	49820	0	NiktaFahkri	
7	16:52:41	13/2/2023 	2594	357.00	7.00	11.68	31.05	100053.55	1849	0	NiktaFahkri	
8	16:52:42	13/2/2023 	3139	970.00	447.00	80.61	31.05	100053.71	3828	0	NiktaFahkri	
9	16:52:42	13/2/2023 	3335	620.00	9.00	14.26	31.05	100054.27	1850	0	NiktaFahkri	
10	16:52:43	13/2/2023 	4099	390.00	8.00	12.04	31.05	100054.43	49818	0	NiktaFahkri	
11	16:52:43	13/2/2023 	4904	457.00	12.00	12.82	31.05	100054.43	49819	0	NiktaFahkri	
12	16:52:43	13/2/2023 	4958	924.00	143.00	38.13	31.05	100054.43	1850	0	NiktaFahkri	
13	16:52:45	13/2/2023 	6281	73.00	10.00	6.02	31.05	100055.02	49820	0	NiktaFahkri	
14	16:52:46	13/2/2023 	7009	459.00	8.00	12.54	31.05	100055.17	51800	0	NiktaFahkri	
15	16:52:46	13/2/2023 	7305	157.00	8.00	8.21	31.05	100055.02	1849	0	NiktaFahkri	
16	16:52:46	13/2/2023 	7382	171.00	7.00	8.58	31.05	100055.02	1847	0	NiktaFahkri	
17	16:52:47	13/2/2023 	8794	451.00	8.00	12.49	31.06	100055.26	97791	0	NiktaFahkri	
18	16:52:47	13/2/2023 	8901	457.00	7.00	12.44	31.06	100055.26	1848	0	NiktaFahkri	
19	16:52:47	13/2/2023 	8909	547.00	8.00	13.24	31.06	100055.26	1849	0	NiktaFahkri	
20	16:52:48	13/2/2023 	9160	970.00	414.00	76.38	31.06	100055.26	3827	0	NiktaFahkri	
21	16:52:48	13/2/2023 	9198	62.00	7.00	5.90	31.06	100055.26	1850	0	NiktaFahkri	
22	16:52:48	13/2/2023 	9402	158.00	7.00	8.23	31.06	100055.26	1849	0	NiktaFahkri	
23	16:52:48	13/2/2023 	9484	142.00	7.00	7.78	31.06	100055.26	1849	0	NiktaFahkri	
24	16:52:49	13/2/2023 	10606	626.00	10.00	14.56	31.06	100055.42	97792	0	NiktaFahkri	
25	16:52:49	13/2/2023 	10831	269.00	7.00	10.58	31.06	100055.42	2604	0	NiktaFahkri	
26	16:52:49	13/2/2023 	10991	77.00	7.00	6.08	31.06	100055.42	1849	0	NiktaFahkri	
27	16:52:50	13/2/2023 	11565	940.00	150.00	39.29	31.06	100055.26	51938	0	NiktaFahkri	
28	16:52:50	13/2/2023 	11571	300.00	7.00	11.02	31.06	100055.26	1850	0	NiktaFahkri	
29	16:52:50	13/2/2023 	11828	287.00	8.00	10.88	31.06	100055.26	1848	0	NiktaFahkri	
30	16:52:51	13/2/2023 	12105	135.00	7.00	7.58	31.06	100055.84	1846	0	NiktaFahkri	
31	16:52:51	13/2/2023 	12746	775.00	68.00	24.33	31.06	100055.84	49821	0	NiktaFahkri	
32	16:52:52	13/2/2023 	13498	609.00	10.00	14.33	31.06	100055.84	1849	0	NiktaFahkri	
33	16:52:52	13/2/2023 	13592	120.00	7.00	7.15	31.06	100055.84	51799	0	NiktaFahkri	
34	16:52:52	13/2/2023 	13646	682.00	16.00	16.71	31.06	100055.84	1848	0	NiktaFahkri	
35	16:52:52	13/2/2023 	13663	168.00	7.00	8.50	31.06	100055.84	1848	0	NiktaFahkri	
36	16:52:53	13/2/2023 	14032	112.00	7.00	6.92	31.06	100055.84	1849	0	NiktaFahkri	
37	16:52:53	13/2/2023 	14175	639.00	10.00	14.70	31.06	100055.84	1850	0	NiktaFahkri	
38	16:52:53	13/2/2023 	14217	618.00	9.00	14.24	31.06	100055.84	1849	0	NiktaFahkri	
39	16:52:53	13/2/2023 	14305	767.00	46.00	21.98	31.06	100055.84	3828	0	NiktaFahkri	
40	16:52:53	13/2/2023 	14422	288.00	8.00	10.89	31.06	100056.00	1849	0	NiktaFahkri	
41	16:52:53	13/2/2023 	14451	800.00	79.00	25.99	31.06	100056.00	1847	0	NiktaFahkri	
42	16:52:53	13/2/2023 	14674	678.00	15.00	16.41	31.06	100056.00	49820	0	NiktaFahkri	
43	16:52:54	13/2/2023 	15867	118.00	7.00	7.09	31.06	100056.17	49821	0	NiktaFahkri	
44	16:52:55	13/2/2023 	16281	87.00	7.00	6.28	31.06	100056.17	1850	0	NiktaFahkri	
45	16:52:55	13/2/2023 	16652	65.00	7.00	5.92	31.06	100056.34	51800	0	NiktaFahkri	
46	16:52:56	13/2/2023 	17054	131.00	6.00	7.46	31.06	100056.50	1849	0	NiktaFahkri	
47	16:52:56	13/2/2023 	17292	520.00	8.00	12.99	31.06	100056.50	1850	0	NiktaFahkri	
48	16:52:56	13/2/2023 	17353	971.00	331.00	62.43	31.06	100056.92	1848	0	NiktaFahkri	
49	16:52:56	13/2/2023 	17441	150.00	7.00	8.01	31.06	100056.92	1849	0	NiktaFahkri	
50	16:52:56	13/2/2023 	17653	962.00	263.00	51.76	31.06	100056.92	49819	0	NiktaFahkri	
51	16:52:57	13/2/2023 	18272	760.00	51.00	22.40	31.06	100056.92	3829	0	NiktaFahkri	
52	16:52:58	13/2/2023 	19206	121.00	7.00	7.18	31.06	100056.75	49821	0	NiktaFahkri	
53	16:52:58	13/2/2023 	19212	112.00	7.00	6.92	31.06	100056.75	1849	0	NiktaFahkri	
54	16:52:58	13/2/2023 	19393	783.00	75.00	25.31	31.06	100056.42	1849	1	NiktaFahkri	
55	16:52:58	13/2/2023 	19867	168.00	7.00	8.50	31.06	100056.42	49822	0	NiktaFahkri	
56	16:52:58	13/2/2023 	19947	81.00	7.00	6.15	31.06	100056.42	2602	0	NiktaFahkri	
57	16:52:59	13/2/2023 	20657	375.00	8.00	11.91	31.06	100056.25	51996	0	NiktaFahkri	
58	16:52:59	13/2/2023 	20742	86.00	7.00	6.26	31.06	100056.25	1848	0	NiktaFahkri	
59	16:52:59	13/2/2023 	20868	70.00	7.00	5.98	31.06	100056.25	1848	0	NiktaFahkri	
60	16:53:00	13/2/2023 	21235	394.00	7.00	12.01	31.06	100056.25	1848	0	NiktaFahkri	
61	16:53:00	13/2/2023 	21372	591.00	9.00	13.91	31.06	100056.25	1850	0	NiktaFahkri	
62	16:53:00	13/2/2023 	21566	76.00	7.00	6.06	31.06	100056.25	49822	0	NiktaFahkri	
63	16:53:01	13/2/2023 	22612	967.00	359.00	67.50	31.06	100056.25	51798	0	NiktaFahkri	
64	16:53:01	13/2/2023 	22959	960.00	256.00	50.93	31.06	100056.25	1850	0	NiktaFahkri	
65	16:53:02	13/2/2023 	23146	146.00	7.00	7.90	31.06	100056.09	1847	0	NiktaFahkri	
66	16:53:02	13/2/2023 	23346	349.00	7.00	11.60	31.06	100056.09	1850	0	NiktaFahkri	
67	16:53:02	13/2/2023 	23424	969.00	322.00	60.81	31.06	100056.09	1850	1	NiktaFahkri	
68	16:53:02	13/2/2023 	23761	594.00	9.00	13.95	31.06	100056.50	49823	0	NiktaFahkri	
69	16:53:02	13/2/2023 	23790	165.00	7.00	8.42	31.06	100056.50	6742	0	NiktaFahkri	
70	16:53:02	13/2/2023 	23812	704.00	20.00	17.89	31.06	100056.50	1848	0	NiktaFahkri	
71	16:53:04	13/2/2023 	25345	160.00	7.00	8.29	31.06	100056.67	49822	0	NiktaFahkri	
72	16:53:04	13/2/2023 	25457	296.00	7.00	10.97	31.06	100056.67	1850	0	NiktaFahkri	
73	16:53:04	13/2/2023 	25813	561.00	8.00	13.39	31.06	100056.67	49823	0	NiktaFahkri	
74	16:53:05	13/2/2023 	26128	567.00	10.00	13.74	31.06	100056.50	1847	0	NiktaFahkri	
75	16:53:05	13/2/2023 	26259	493.00	8.00	12.78	31.06	100056.50	3828	0	NiktaFahkri	
76	16:53:05	13/2/2023 	26482	951.00	167.00	41.76	31.06	100056.50	1848	0	NiktaFahkri	
77	16:53:05	13/2/2023 	26855	441.00	7.00	12.34	31.06	100056.50	49825	0	NiktaFahkri	
78	16:53:06	13/2/2023 	27144	602.00	8.00	13.85	31.06	100056.50	1850	0	NiktaFahkri	
79	16:53:06	13/2/2023 	27151	80.00	7.00	6.13	31.06	100056.50	1848	0	NiktaFahkri	
80	16:53:06	13/2/2023 	27206	961.00	235.00	48.70	31.06	100056.50	1848	1	NiktaFahkri	
81	16:53:06	13/2/2023 	27861	584.00	8.00	13.65	31.06	100056.50	51820	0	NiktaFahkri	
82	16:53:07	13/2/2023 	28904	949.00	218.00	47.10	31.06	100056.50	49818	1	NiktaFahkri	
83	16:53:07	13/2/2023 	28953	984.00	571.00	98.49	31.06	100056.50	1850	0	NiktaFahkri	
84	16:53:08	13/2/2023 	29079	151.00	7.00	8.04	31.06	100056.09	1849	0	NiktaFahkri	
85	16:53:08	13/2/2023 	29411	973.00	364.00	68.39	31.06	100056.09	1850	0	NiktaFahkri	
86	16:53:08	13/2/2023 	29498	102.00	7.00	6.64	31.06	100056.09	1849	0	NiktaFahkri	
87	16:53:09	13/2/2023 	30450	773.00	71.00	24.70	31.06	100055.92	51819	0	NiktaFahkri	
88	16:53:09	13/2/2023 	30460	125.00	5.00	7.28	31.06	100055.92	2603	0	NiktaFahkri	
89	16:53:09	13/2/2023 	30748	983.00	660.00	118.53	31.06	100055.92	49822	1	NiktaFahkri	
90	16:53:10	13/2/2023 	31721	766.00	50.00	22.35	31.06	100055.92	49821	0	NiktaFahkri	
91	16:53:11	13/2/2023 	32443	224.00	7.00	9.79	31.06	100055.75	1849	0	NiktaFahkri	
92	16:53:11	13/2/2023 	32845	841.00	97.00	29.19	31.06	100055.75	49820	0	NiktaFahkri	
93	16:53:11	13/2/2023 	32987	942.00	152.00	39.60	31.06	100055.75	3988	0	NiktaFahkri	
94	16:53:12	13/2/2023 	33427	715.00	27.00	19.32	31.06	100055.58	1848	0	NiktaFahkri	
95	16:53:12	13/2/2023 	33613	901.00	125.00	34.83	31.06	100055.58	49823	0	NiktaFahkri	
96	16:53:12	13/2/2023 	33815	673.00	15.00	16.35	31.06	100055.58	1849	0	NiktaFahkri	
97	16:53:12	13/2/2023 	33849	769.00	53.00	22.66	31.06	100055.58	1849	0	NiktaFahkri	
98	16:53:13	13/2/2023 	34375	917.00	142.00	37.95	31.06	100055.58	1849	0	NiktaFahkri	
99	16:53:13	13/2/2023 	34666	177.00	7.00	8.74	31.06	100055.58	51878	0	NiktaFahkri	
100	16:53:14	13/2/2023 	35053	734.00	34.00	20.48	31.06	100055.58	1849	0	NiktaFahkri	
101	16:53:14	13/2/2023 	35799	62.00	6.00	5.90	31.06	100055.42	49822	0	NiktaFahkri	
102	16:53:14	13/2/2023 	35867	625.00	10.00	14.55	31.06	100055.42	1848	0	NiktaFahkri	
103	16:53:15	13/2/2023 	36042	576.00	8.00	13.56	31.06	100055.42	1849	0	NiktaFahkri	
104	16:53:15	13/2/2023 	36336	536.00	8.00	13.14	31.06	100055.58	1849	0	NiktaFahkri	
105	16:53:15	13/2/2023 	36462	686.00	16.00	16.75	31.06	100055.58	3848	0	NiktaFahkri	
106	16:53:15	13/2/2023 	36490	608.00	9.00	14.12	31.06	100055.58	1848	0	NiktaFahkri	
107	16:53:16	13/2/2023 	37568	414.00	8.00	12.23	31.06	100055.58	97792	0	NiktaFahkri	
108	16:53:16	13/2/2023 	37860	940.00	150.00	39.29	31.06	100056.00	1849	1	NiktaFahkri	
109	16:53:17	13/2/2023 	38004	89.00	7.00	6.32	31.06	100056.00	1850	0	NiktaFahkri	
110	16:53:17	13/2/2023 	38028	523.00	8.00	13.02	31.06	100056.00	1851	0	NiktaFahkri	
111	16:53:17	13/2/2023 	38310	629.00	10.00	14.59	31.06	100056.00	3847	0	NiktaFahkri	
112	16:53:17	13/2/2023 	38651	197.00	7.00	9.22	31.06	100056.00	49821	0	NiktaFahkri	
113	16:53:17	13/2/2023 	38875	966.00	316.00	59.76	31.06	100055.58	1849	0	NiktaFahkri	
114	16:53:18	13/2/2023 	39057	818.00	91.00	28.02	31.06	100055.58	1849	0	NiktaFahkri	
115	16:53:18	13/2/2023 	39119	544.00	8.00	13.21	31.06	100055.58	1850	0	NiktaFahkri	
116	16:53:19	13/2/2023 	40078	100.00	7.00	6.59	31.06	100056.17	49819	0	NiktaFahkri	
117	16:53:19	13/2/2023 	40841	67.00	7.00	5.94	31.06	100056.33	52722	0	NiktaFahkri	
118	16:53:19	13/2/2023 	40962	418.00	8.00	12.26	31.06	100056.33	1848	0	NiktaFahkri	
119	16:53:20	13/2/2023 	41235	981.00	791.00	141.15	31.06	100056.33	1847	0	NiktaFahkri	
120	16:53:20	13/2/2023 	41252	694.00	20.00	17.77	31.06	100056.33	1851	0	NiktaFahkri	
121	16:53:20	13/2/2023 	41422	683.00	15.00	16.47	31.06	100056.33	1850	0	NiktaFahkri	
122	16:53:20	13/2/2023 	41860	721.00	25.00	19.05	31.06	100056.33	49822	0	NiktaFahkri	
123	16:53:21	13/2/2023 	42238	72.00	7.00	6.00	31.06	100056.17	3824	0	NiktaFahkri	
124	16:53:21	13/2/2023 	42752	332.00	7.00	11.42	31.06	100056.17	49820	0	NiktaFahkri	
125	16:53:22	13/2/2023 	43442	951.00	206.00	45.99	31.06	100056.17	1850	0	NiktaFahkri	
126	16:53:22	13/2/2023 	43565	571.00	8.00	13.50	31.06	100056.17	49823	0	NiktaFahkri	
127	16:53:23	13/2/2023 	44021	183.00	7.00	8.89	31.06	100056.17	1847	0	NiktaFahkri	
128	16:53:23	13/2/2023 	44144	811.00	85.00	26.98	31.06	100056.17	1850	0	NiktaFahkri	
129	16:53:23	13/2/2023 	44308	769.00	58.00	23.16	31.06	100056.17	3828	0	NiktaFahkri	
130	16:53:25	13/2/2023 	46913	696.00	20.00	17.80	31.06	100056.00	145766	0	NiktaFahkri	
131	16:53:26	13/2/2023 	47308	968.00	383.00	71.64	31.06	100056.00	1850	0	NiktaFahkri	
132	16:53:26	13/2/2023 	47419	968.00	308.00	58.39	31.06	100056.00	1850	0	NiktaFahkri	
133	16:53:26	13/2/2023 	47670	338.00	7.00	11.48	31.06	100056.00	49820	0	NiktaFahkri	
134	16:53:26	13/2/2023 	47903	138.00	7.00	7.67	31.06	100055.83	1849	0	NiktaFahkri	
135	16:53:27	13/2/2023 	48045	170.00	7.00	8.56	31.06	100055.83	3829	0	NiktaFahkri	
136	16:53:27	13/2/2023 	48287	169.00	7.00	8.53	31.06	100055.83	1849	0	NiktaFahkri	
137	16:53:27	13/2/2023 	48645	770.00	56.00	22.96	31.06	100055.83	49821	0	NiktaFahkri	
138	16:53:27	13/2/2023 	48941	372.00	8.00	11.88	31.06	100055.83	1848	0	NiktaFahkri	
139	16:53:28	13/2/2023 	49117	523.00	8.00	13.02	31.06	100055.83	1848	0	NiktaFahkri	
140	16:53:28	13/2/2023 	49987	922.00	141.00	37.79	31.06	100055.83	49821	0	NiktaFahkri	
141	16:53:29	13/2/2023 	50243	712.00	25.00	18.95	31.06	100055.83	4753	0	NiktaFahkri	
142	16:53:29	13/2/2023 	50423	664.00	13.00	15.74	31.06	100055.83	1850	0	NiktaFahkri	
143	16:53:29	13/2/2023 	50452	87.00	7.00	6.28	31.06	100055.83	1849	0	NiktaFahkri	
144	16:53:30	13/2/2023 	51023	915.00	140.00	37.60	31.06	100055.83	49820	1	NiktaFahkri	
145	16:53:31	13/2/2023 	52716	930.00	146.00	38.64	31.06	100055.08	97793	0	NiktaFahkri	
146	16:53:32	13/2/2023 	53784	405.00	8.00	12.16	31.06	100054.92	49823	0	NiktaFahkri	
147	16:53:32	13/2/2023 	53942	198.00	8.00	9.25	31.06	100054.92	138100	0	NiktaFahkri	
148	16:53:32	13/2/2023 	53989	430.00	7.00	12.27	31.06	100054.92	1847	0	NiktaFahkri	
149	16:53:34	13/2/2023 	55259	227.00	7.00	9.85	31.06	100054.92	49821	0	NiktaFahkri	
150	16:53:34	13/2/2023 	55633	673.00	15.00	16.35	31.06	100054.92	49821	0	NiktaFahkri	
151	16:53:35	13/2/2023 	56431	223.00	7.00	9.77	31.06	100054.92	1849	0	NiktaFahkri	
152	16:53:35	13/2/2023 	56887	398.00	7.00	12.04	31.06	100054.50	49821	0	NiktaFahkri	
153	16:53:36	13/2/2023 	57572	90.00	6.00	6.34	31.06	100054.50	51799	0	NiktaFahkri	
154	16:53:36	13/2/2023 	57624	369.00	9.00	11.90	31.06	100054.67	1849	0	NiktaFahkri	
155	16:53:37	13/2/2023 	58187	887.00	114.00	32.64	31.06	100054.67	1849	0	NiktaFahkri	
156	16:53:37	13/2/2023 	58991	673.00	14.00	16.10	31.06	100054.67	49822	0	NiktaFahkri	
157	16:53:38	13/2/2023 	59135	887.00	118.00	33.42	31.06	100054.84	1850	0	NiktaFahkri	
158	16:53:38	13/2/2023 	59964	662.00	13.00	15.72	31.06	100054.84	49822	0	NiktaFahkri	
159	16:53:40	13/2/2023 	61290	953.00	208.00	46.18	31.06	100055.17	52723	0	NiktaFahkri	
160	16:53:40	13/2/2023 	61473	97.00	7.00	6.51	31.06	100055.17	1850	0	NiktaFahkri	
161	16:53:40	13/2/2023 	61723	161.00	7.00	8.32	31.06	100055.17	49816	0	NiktaFahkri	
162	16:53:43	13/2/2023 	64350	189.00	7.00	9.03	31.06	100054.92	97788	0	NiktaFahkri	
163	16:53:43	13/2/2023 	64665	439.00	8.00	12.41	31.06	100055.09	49821	0	NiktaFahkri	
164	16:53:43	13/2/2023 	64950	130.00	7.00	7.44	31.06	100054.92	1848	0	NiktaFahkri	
165	16:53:44	13/2/2023 	65407	542.00	8.00	13.19	31.06	100055.09	3828	0	NiktaFahkri	
166	16:53:45	13/2/2023 	66240	892.00	117.00	33.25	31.06	100054.92	49820	0	NiktaFahkri	
167	16:53:45	13/2/2023 	66342	772.00	66.00	24.07	31.06	100055.09	1850	0	NiktaFahkri	
168	16:53:45	13/2/2023 	66456	731.00	31.00	20.07	31.06	100055.09	1850	0	NiktaFahkri	
169	16:53:46	13/2/2023 	67197	899.00	120.00	33.86	31.06	100055.26	49820	0	NiktaFahkri	
170	16:53:46	13/2/2023 	67303	742.00	37.00	20.90	31.06	100055.42	1850	0	NiktaFahkri	
171	16:53:46	13/2/2023 	67549	256.00	8.00	10.39	31.06	100055.42	51798	0	NiktaFahkri	
172	16:53:46	13/2/2023 	67595	762.00	47.00	22.04	31.06	100055.42	1845	0	NiktaFahkri	
173	16:53:47	13/2/2023 	68276	316.00	7.00	11.23	31.06	100055.59	1849	0	NiktaFahkri	
174	16:53:47	13/2/2023 	68409	317.00	8.00	11.28	31.06	100055.59	1850	0	NiktaFahkri	
175	16:53:48	13/2/2023 	69570	341.00	7.00	11.52	31.06	100055.76	97791	0	NiktaFahkri	
176	16:53:48	13/2/2023 	69656	290.00	7.00	10.89	31.06	100055.76	2603	0	NiktaFahkri	
177	16:53:48	13/2/2023 	69793	91.00	7.00	6.37	31.06	100055.76	4022	0	NiktaFahkri	
178	16:53:49	13/2/2023 	70011	963.00	294.00	56.10	31.06	100055.76	1849	0	NiktaFahkri	
179	16:53:49	13/2/2023 	70645	973.00	376.00	70.47	31.06	100055.76	49821	0	NiktaFahkri	
180	16:53:50	13/2/2023 	71099	81.00	6.00	6.15	31.05	100055.34	1849	0	NiktaFahkri	
181	16:53:50	13/2/2023 	71238	337.00	7.00	11.47	31.05	100055.17	1850	0	NiktaFahkri	
182	16:53:50	13/2/2023 	71425	918.00	134.00	36.55	31.05	100055.17	1849	0	NiktaFahkri	
183	16:53:52	13/2/2023 	73162	768.00	60.00	23.36	31.05	100055.02	99768	0	NiktaFahkri	
184	16:53:52	13/2/2023 	73498	72.00	7.00	6.00	31.05	100055.02	1850	0	NiktaFahkri	
185	16:53:53	13/2/2023 	74049	60.00	7.00	5.89	31.05	100055.02	49818	0	NiktaFahkri	
186	16:53:53	13/2/2023 	74288	972.00	344.00	64.79	31.05	100055.02	1849	0	NiktaFahkri	
187	16:53:53	13/2/2023 	74604	317.00	8.00	11.28	31.05	100054.84	49821	0	NiktaFahkri	
188	16:53:53	13/2/2023 	74797	625.00	10.00	14.55	31.05	100054.84	1849	0	NiktaFahkri	
189	16:53:53	13/2/2023 	74898	184.00	7.00	8.91	31.05	100054.84	3828	0	NiktaFahkri	
190	16:53:53	13/2/2023 	74911	441.00	8.00	12.42	31.05	100054.84	1849	0	NiktaFahkri	
191	16:53:54	13/2/2023 	75045	157.00	7.00	8.21	31.05	100054.84	1849	0	NiktaFahkri	
192	16:53:54	13/2/2023 	75172	658.00	12.00	15.42	31.05	100054.84	1850	0	NiktaFahkri	
193	16:53:54	13/2/2023 	75311	688.00	18.00	17.26	31.05	100054.84	1848	0	NiktaFahkri	
194	16:53:54	13/2/2023 	75444	956.00	210.00	46.37	31.05	100054.84	1850	0	NiktaFahkri	
195	16:53:54	13/2/2023 	75770	363.00	8.00	11.79	31.05	100054.27	51800	0	NiktaFahkri	
196	16:53:55	13/2/2023 	76081	977.00	685.00	123.60	31.05	100054.43	1847	0	NiktaFahkri	
197	16:53:55	13/2/2023 	76480	653.00	12.00	15.36	31.05	100054.43	1850	0	NiktaFahkri	
198	16:53:55	13/2/2023 	76773	322.00	7.00	11.30	31.05	100054.43	49818	0	NiktaFahkri	
199	16:53:55	13/2/2023 	76827	258.00	8.00	10.43	31.05	100054.43	1849	0	NiktaFahkri	
200	16:53:55	13/2/2023 	76865	122.00	7.00	7.20	31.05	100054.43	1847	0	NiktaFahkri	
201	16:53:55	13/2/2023 	76876	121.00	7.00	7.18	31.05	100054.43	3828	0	NiktaFahkri	
202	16:53:55	13/2/2023 	76938	182.00	7.00	8.86	31.05	100054.43	1849	0	NiktaFahkri	
203	16:53:56	13/2/2023 	77233	378.00	7.00	11.87	31.05	100054.43	1850	0	NiktaFahkri	
204	16:53:57	13/2/2023 	78357	911.00	132.00	36.17	31.05	100054.43	49820	0	NiktaFahkri	
205	16:53:57	13/2/2023 	78427	222.00	7.00	9.75	31.05	100054.43	1850	0	NiktaFahkri	
206	16:53:58	13/2/2023 	79141	678.00	17.00	16.89	31.05	100054.21	49820	0	NiktaFahkri	
207	16:53:58	13/2/2023 	79313	349.00	8.00	11.65	31.05	100054.21	3830	0	NiktaFahkri	
208	16:53:58	13/2/2023 	79467	288.00	8.00	10.89	31.05	100054.21	1848	0	NiktaFahkri	
209	16:53:59	13/2/2023 	80006	569.00	8.00	13.48	31.05	100054.38	49819	0	NiktaFahkri	
210	16:53:59	13/2/2023 	80270	563.00	8.00	13.41	31.05	100054.38	2825	0	NiktaFahkri	
211	16:53:59	13/2/2023 	80913	540.00	8.00	13.17	31.05	100054.38	49819	0	NiktaFahkri	
212	16:54:00	13/2/2023 	81180	648.00	11.00	15.05	31.05	100054.38	1847	0	NiktaFahkri	
213	16:54:00	13/2/2023 	81273	607.00	9.00	14.11	31.05	100054.38	3969	0	NiktaFahkri	
214	16:54:00	13/2/2023 	81470	952.00	186.00	44.01	31.05	100054.55	1849	1	NiktaFahkri	
215	16:54:01	13/2/2023 	82918	560.00	8.00	13.38	31.05	100054.88	97789	0	NiktaFahkri	
216	16:54:02	13/2/2023 	83650	885.00	117.00	33.21	31.05	100055.05	49819	1	NiktaFahkri	
217	16:54:02	13/2/2023 	83655	575.00	8.00	13.55	31.05	100055.05	1851	0	NiktaFahkri	
218	16:54:02	13/2/2023 	83711	915.00	135.00	36.72	31.05	100055.05	1848	1	NiktaFahkri	
219	16:54:03	13/2/2023 	84498	620.00	10.00	14.48	31.05	100054.64	3882	0	NiktaFahkri	
220	16:54:04	13/2/2023 	85342	838.00	97.00	29.17	31.05	100054.80	49823	0	NiktaFahkri	
221	16:54:04	13/2/2023 	85657	418.00	7.00	12.19	31.05	100054.80	49824	0	NiktaFahkri	
222	16:54:05	13/2/2023 	86216	523.00	8.00	13.02	31.05	100054.97	1849	0	NiktaFahkri	
223	16:54:05	13/2/2023 	86329	334.00	7.00	11.44	31.05	100055.30	1848	0	NiktaFahkri	
224	16:54:05	13/2/2023 	86422	416.00	8.00	12.24	31.05	100055.30	1849	0	NiktaFahkri	
225	16:54:06	13/2/2023 	87237	945.00	181.00	43.46	31.05	100055.30	181127	0	NiktaFahkri	
226	16:54:06	13/2/2023 	87471	130.00	7.00	7.44	31.05	100055.30	1850	0	NiktaFahkri	
227	16:54:06	13/2/2023 	87795	270.00	7.00	10.60	31.04	100055.05	49822	0	NiktaFahkri	
228	16:54:08	13/2/2023 	89007	749.00	38.00	21.06	31.04	100055.05	49824	0	NiktaFahkri	
229	16:54:08	13/2/2023 	89302	580.00	8.00	13.61	31.04	100055.05	1850	0	NiktaFahkri	
230	16:54:08	13/2/2023 	89731	91.00	7.00	6.37	31.04	100055.05	49819	0	NiktaFahkri	
231	16:54:08	13/2/2023 	89975	87.00	7.00	6.28	31.04	100055.05	4943	0	NiktaFahkri	
232	16:54:09	13/2/2023 	90405	141.00	7.00	7.76	31.04	100055.22	1849	0	NiktaFahkri	
233	16:54:09	13/2/2023 	90450	709.00	21.00	18.16	31.04	100055.22	1850	0	NiktaFahkri	
234	16:54:09	13/2/2023 	90592	155.00	7.00	8.15	31.04	100055.22	49820	0	NiktaFahkri	
235	16:54:09	13/2/2023 	90931	898.00	124.00	34.62	31.04	100055.22	1850	1	NiktaFahkri	
236	16:54:10	13/2/2023 	91056	77.00	7.00	6.08	31.04	100055.22	1849	0	NiktaFahkri	
237	16:54:10	13/2/2023 	91711	207.00	7.00	9.44	31.04	100055.55	51800	1	NiktaFahkri	
238	16:54:10	13/2/2023 	91846	783.00	52.00	22.63	31.04	100055.55	1849	0	NiktaFahkri	
239	16:54:10	13/2/2023 	91996	737.00	35.00	20.63	31.04	100055.55	1849	0	NiktaFahkri	
240	16:54:11	13/2/2023 	92192	666.00	16.00	16.49	31.04	100055.31	1849	0	NiktaFahkri	
241	16:54:11	13/2/2023 	92234	63.00	9.00	5.91	31.04	100055.31	1849	0	NiktaFahkri	
242	16:54:11	13/2/2023 	92243	564.00	8.00	13.43	31.04	100055.31	1850	0	NiktaFahkri	
243	16:54:11	13/2/2023 	92274	985.00	651.00	116.60	31.04	100055.31	3826	0	NiktaFahkri	
244	16:54:11	13/2/2023 	92353	723.00	25.00	19.07	31.04	100055.31	1849	0	NiktaFahkri	
245	16:54:11	13/2/2023 	92370	950.00	173.00	42.52	31.04	100055.31	1849	0	NiktaFahkri	
246	16:54:11	13/2/2023 	92619	724.00	29.00	19.72	31.04	100055.31	49823	0	NiktaFahkri	
247	16:54:11	13/2/2023 	92948	186.00	7.00	8.96	31.04	100055.31	1849	0	NiktaFahkri	
248	16:54:12	13/2/2023 	93195	130.00	7.00	7.44	31.04	100055.47	1849	0	NiktaFahkri	
249	16:54:12	13/2/2023 	93571	79.00	7.00	6.12	31.04	100055.47	51802	0	NiktaFahkri	
250	16:54:12	13/2/2023 	93742	751.00	33.00	20.49	31.04	100055.47	1849	0	NiktaFahkri	
251	16:54:12	13/2/2023 	93850	561.00	8.00	13.39	31.04	100055.47	1849	0	NiktaFahkri	
252	16:54:12	13/2/2023 	93915	596.00	9.00	13.97	31.04	100055.47	1847	0	NiktaFahkri	
253	16:54:13	13/2/2023 	94075	94.00	7.00	6.44	31.04	100055.64	1848	0	NiktaFahkri	
254	16:54:13	13/2/2023 	94108	759.00	47.00	22.02	31.04	100055.64	1850	0	NiktaFahkri	
255	16:54:13	13/2/2023 	94437	121.00	7.00	7.18	31.04	100055.64	3828	0	NiktaFahkri	
256	16:54:13	13/2/2023 	94641	172.00	7.00	8.61	31.04	100055.64	49821	0	NiktaFahkri	
257	16:54:13	13/2/2023 	94724	959.00	239.00	49.10	31.04	100055.64	1915	1	NiktaFahkri	
258	16:54:14	13/2/2023 	95631	947.00	201.00	45.52	31.04	100055.81	49822	1	NiktaFahkri	
259	16:54:14	13/2/2023 	95928	289.00	7.00	10.87	31.04	100055.81	1850	0	NiktaFahkri	
260	16:54:15	13/2/2023 	96735	148.00	7.00	7.96	31.04	100055.39	49819	0	NiktaFahkri	
261	16:54:16	13/2/2023 	97042	942.00	163.00	41.22	31.04	100055.56	3884	1	NiktaFahkri	
262	16:54:16	13/2/2023 	97297	163.00	7.00	8.37	31.04	100055.56	1850	0	NiktaFahkri	
263	16:54:16	13/2/2023 	97301	72.00	7.00	6.00	31.04	100055.56	1848	0	NiktaFahkri	
264	16:54:16	13/2/2023 	97895	518.00	8.00	12.97	31.04	100055.56	49823	0	NiktaFahkri	
265	16:54:17	13/2/2023 	98002	89.00	7.00	6.32	31.04	100055.56	1848	0	NiktaFahkri	
266	16:54:17	13/2/2023 	98913	235.00	7.00	10.00	31.04	100055.56	49824	0	NiktaFahkri	
267	16:54:18	13/2/2023 	99052	781.00	77.00	25.58	31.04	100055.56	3829	0	NiktaFahkri	
268	16:54:18	13/2/2023 	99252	970.00	321.00	60.64	31.04	100055.56	1850	0	NiktaFahkri	
269	16:54:18	13/2/2023 	99467	71.00	2.00	5.98	31.04	100055.31	1849	0	NiktaFahkri	
270	16:54:18	13/2/2023 	99792	655.00	12.00	15.38	31.04	100055.31	49821	0	NiktaFahkri	
271	16:54:18	13/2/2023 	99938	422.00	8.00	12.29	31.04	100055.15	2825	0	NiktaFahkri	
272	16:54:18	13/2/2023 	99977	969.00	341.00	64.24	31.04	100055.15	1847	0	NiktaFahkri	
273	16:54:19	13/2/2023 	100164	617.00	9.00	14.23	31.04	100055.15	3967	0	NiktaFahkri	
274	16:54:19	13/2/2023 	100783	770.00	55.00	22.86	31.04	100055.31	49822	0	NiktaFahkri	
275	16:54:20	13/2/2023 	101369	97.00	9.00	6.52	31.04	100055.48	1849	0	NiktaFahkri	
276	16:54:21	13/2/2023 	102707	124.00	7.00	7.26	31.04	100055.48	97793	0	NiktaFahkri	
277	16:54:22	13/2/2023 	103010	81.00	7.00	6.15	31.04	100055.48	1850	0	NiktaFahkri	
278	16:54:22	13/2/2023 	103119	288.00	7.00	10.86	31.04	100055.48	1850	0	NiktaFahkri	
279	16:54:22	13/2/2023 	103686	438.00	8.00	12.40	31.03	100055.27	51800	0	NiktaFahkri	
280	16:54:22	13/2/2023 	103892	780.00	76.00	25.43	31.03	100055.27	1847	0	NiktaFahkri	
281	16:54:22	13/2/2023 	103922	69.00	7.00	5.96	31.03	100055.27	1849	0	NiktaFahkri	
282	16:54:22	13/2/2023 	103983	543.00	8.00	13.20	31.03	100055.27	1848	0	NiktaFahkri	
283	16:54:23	13/2/2023 	104130	65.00	7.00	5.92	31.03	100055.27	1847	0	NiktaFahkri	
284	16:54:23	13/2/2023 	104438	519.00	8.00	12.98	31.03	100055.43	1850	0	NiktaFahkri	
285	16:54:24	13/2/2023 	105107	254.00	7.00	10.34	31.03	100055.43	51798	0	NiktaFahkri	
286	16:54:24	13/2/2023 	105160	881.00	114.00	32.61	31.03	100055.59	1850	0	NiktaFahkri	
287	16:54:24	13/2/2023 	105276	962.00	252.00	50.47	31.03	100055.59	1851	1	NiktaFahkri	
288	16:54:24	13/2/2023 	105606	784.00	78.00	25.75	31.03	100055.59	49821	0	NiktaFahkri	
289	16:54:25	13/2/2023 	106449	589.00	8.00	13.71	31.03	100055.34	1849	0	NiktaFahkri	
290	16:54:25	13/2/2023 	106910	139.00	7.00	7.70	31.03	100055.34	49821	0	NiktaFahkri	
291	16:54:26	13/2/2023 	107206	685.00	17.00	16.99	31.03	100055.34	3828	0	NiktaFahkri	
292	16:54:26	13/2/2023 	107317	77.00	7.00	6.08	31.03	100055.34	1851	0	NiktaFahkri	
293	16:54:27	13/2/2023 	108340	585.00	9.00	13.83	31.03	100054.94	49822	0	NiktaFahkri	
294	16:54:27	13/2/2023 	108382	954.00	193.00	44.74	31.03	100054.94	1851	0	NiktaFahkri	
295	16:54:27	13/2/2023 	108846	162.00	7.00	8.34	31.03	100054.94	49822	0	NiktaFahkri	
296	16:54:28	13/2/2023 	109048	112.00	7.00	6.92	31.03	100054.77	1848	0	NiktaFahkri	
297	16:54:28	13/2/2023 	109328	966.00	321.00	60.64	31.03	100054.77	3828	0	NiktaFahkri	
298	16:54:28	13/2/2023 	109330	107.00	7.00	6.78	31.03	100054.77	1849	0	NiktaFahkri	
299	16:54:28	13/2/2023 	109378	944.00	156.00	40.21	31.03	100054.77	1850	0	NiktaFahkri	
300	16:54:28	13/2/2023 	109625	651.00	12.00	15.34	31.03	100054.94	49822	0	NiktaFahkri	
301	16:54:28	13/2/2023 	109716	246.00	7.00	10.20	31.03	100054.94	2824	0	NiktaFahkri	
302	16:54:28	13/2/2023 	109867	137.00	6.00	7.64	31.03	100054.94	129172	0	NiktaFahkri	
303	16:54:29	13/2/2023 	110071	714.00	26.00	19.15	31.03	100054.94	1848	0	NiktaFahkri	
304	16:54:29	13/2/2023 	110117	60.00	6.00	5.89	31.03	100054.94	1851	0	NiktaFahkri	
305	16:54:29	13/2/2023 	110700	455.00	8.00	12.52	31.03	100054.94	49821	0	NiktaFahkri	
306	16:54:29	13/2/2023 	110856	340.00	8.00	11.55	31.03	100054.94	1847	0	NiktaFahkri	
307	16:54:30	13/2/2023 	111104	143.00	7.00	7.81	31.03	100054.36	1847	0	NiktaFahkri	
308	16:54:30	13/2/2023 	111367	850.00	101.00	29.97	31.03	100054.36	3828	0	NiktaFahkri	
309	16:54:31	13/2/2023 	112369	59.00	7.00	5.89	31.03	100054.19	49821	0	NiktaFahkri	
310	16:54:32	13/2/2023 	113184	84.00	6.00	6.21	31.02	100053.61	49822	0	NiktaFahkri	
311	16:54:33	13/2/2023 	114227	575.00	8.00	13.55	31.02	100053.78	49822	0	NiktaFahkri	
312	16:54:33	13/2/2023 	114570	950.00	177.00	43.00	31.02	100053.94	49822	0	NiktaFahkri	
313	16:54:33	13/2/2023 	114930	112.00	7.00	6.92	31.02	100053.94	1849	0	NiktaFahkri	
314	16:54:34	13/2/2023 	115079	182.00	7.00	8.86	31.02	100053.94	3828	0	NiktaFahkri	
315	16:54:34	13/2/2023 	115499	299.00	7.00	11.01	31.02	100054.11	1850	0	NiktaFahkri	
316	16:54:34	13/2/2023 	115610	107.00	7.00	6.78	31.02	100054.11	49839	0	NiktaFahkri	
317	16:54:35	13/2/2023 	116161	287.00	7.00	10.85	31.02	100054.28	1849	0	NiktaFahkri	
318	16:54:35	13/2/2023 	116199	623.00	10.00	14.52	31.02	100054.28	1850	0	NiktaFahkri	
319	16:54:35	13/2/2023 	116811	75.00	7.00	6.05	31.02	100054.20	49821	0	NiktaFahkri	
320	16:54:35	13/2/2023 	116992	274.00	8.00	10.68	31.02	100054.20	3828	0	NiktaFahkri	
321	16:54:36	13/2/2023 	117226	559.00	8.00	13.37	31.02	100054.20	1847	0	NiktaFahkri	
322	16:54:36	13/2/2023 	117832	180.00	7.00	8.81	31.02	100054.53	49822	0	NiktaFahkri	
323	16:54:36	13/2/2023 	117912	966.00	267.00	52.26	31.02	100054.53	1849	0	NiktaFahkri	
324	16:54:37	13/2/2023 	118193	309.00	7.00	11.14	31.02	100054.53	1849	0	NiktaFahkri	
325	16:54:37	13/2/2023 	118833	289.00	8.00	10.91	31.02	100054.70	49822	0	NiktaFahkri	
326	16:54:38	13/2/2023 	119106	718.00	27.00	19.35	31.02	100054.70	3828	0	NiktaFahkri	
327	16:54:38	13/2/2023 	119627	258.00	8.00	10.43	31.02	100054.86	49825	0	NiktaFahkri	
328	16:54:38	13/2/2023 	119982	733.00	28.00	19.66	31.02	100054.86	2824	0	NiktaFahkri	
329	16:54:39	13/2/2023 	120230	709.00	24.00	18.74	31.02	100054.61	1850	0	NiktaFahkri	
330	16:54:39	13/2/2023 	120669	911.00	130.00	35.80	31.02	100054.61	49823	0	NiktaFahkri	
331	16:54:40	13/2/2023 	121130	159.00	7.00	8.26	31.02	100054.61	1848	0	NiktaFahkri	
332	16:54:40	13/2/2023 	121160	710.00	24.00	18.75	31.02	100054.61	4022	0	NiktaFahkri	
333	16:54:40	13/2/2023 	121643	942.00	156.00	40.21	31.01	100053.81	49821	0	NiktaFahkri	
334	16:54:41	13/2/2023 	122445	687.00	17.00	17.01	31.01	100054.16	1850	0	NiktaFahkri	
335	16:54:42	13/2/2023 	123056	417.00	8.00	12.25	31.01	100054.16	49824	0	NiktaFahkri	
336	16:54:42	13/2/2023 	123299	87.00	7.00	6.28	31.01	100054.32	1849	0	NiktaFahkri	
337	16:54:42	13/2/2023 	123346	85.00	7.00	6.23	31.01	100054.32	1849	0	NiktaFahkri	
338	16:54:42	13/2/2023 	123628	104.00	7.00	6.70	31.01	100054.66	51800	0	NiktaFahkri	
339	16:54:42	13/2/2023 	123741	162.00	7.00	8.34	31.01	100054.66	1849	0	NiktaFahkri	
340	16:54:43	13/2/2023 	124106	630.00	10.00	14.61	31.01	100054.66	1849	0	NiktaFahkri	
341	16:54:43	13/2/2023 	124713	901.00	121.00	34.06	31.01	100054.66	49822	0	NiktaFahkri	
342	16:54:43	13/2/2023 	124873	441.00	8.00	12.42	31.01	100054.66	1849	0	NiktaFahkri	
343	16:54:44	13/2/2023 	125213	393.00	7.00	12.00	31.01	100054.07	1847	0	NiktaFahkri	
344	16:54:44	13/2/2023 	125597	926.00	145.00	38.47	31.01	100054.07	51804	0	NiktaFahkri	
345	16:54:44	13/2/2023 	125626	627.00	10.00	14.57	31.01	100054.07	1850	0	NiktaFahkri	
346	16:54:44	13/2/2023 	125860	966.00	281.00	54.16	31.01	100054.07	1849	0	NiktaFahkri	
347	16:54:45	13/2/2023 	126081	676.00	16.00	16.64	31.01	100054.07	1850	0	NiktaFahkri	
348	16:54:45	13/2/2023 	126310	600.00	9.00	14.02	31.01	100054.07	1848	0	NiktaFahkri	
349	16:54:45	13/2/2023 	126369	664.00	14.00	15.99	31.01	100054.07	1849	0	NiktaFahkri	
350	16:54:45	13/2/2023 	126646	916.00	131.00	36.00	31.01	100054.23	51800	0	NiktaFahkri	
351	16:54:45	13/2/2023 	126675	880.00	109.00	31.64	31.01	100054.23	1850	0	NiktaFahkri	
352	16:54:46	13/2/2023 	127466	298.00	8.00	11.03	31.01	100054.23	1849	0	NiktaFahkri	
353	16:54:46	13/2/2023 	127738	176.00	7.00	8.71	31.01	100054.23	49821	0	NiktaFahkri	
354	16:54:46	13/2/2023 	127902	948.00	168.00	41.89	31.01	100054.23	1849	0	NiktaFahkri	
355	16:54:46	13/2/2023 	127973	166.00	7.00	8.45	31.01	100054.23	1849	0	NiktaFahkri	
356	16:54:47	13/2/2023 	128271	108.00	7.00	6.81	31.01	100054.23	3827	0	NiktaFahkri	
357	16:54:47	13/2/2023 	128594	536.00	8.00	13.14	31.01	100054.41	49823	0	NiktaFahkri	
358	16:54:47	13/2/2023 	128637	733.00	32.00	20.22	31.01	100054.41	1848	0	NiktaFahkri	
359	16:54:48	13/2/2023 	129195	592.00	9.00	13.92	31.01	100054.23	1847	0	NiktaFahkri	
360	16:54:48	13/2/2023 	129376	199.00	8.00	9.28	31.01	100054.23	1850	0	NiktaFahkri	
361	16:54:48	13/2/2023 	129772	753.00	45.00	21.79	31.01	100054.23	49821	0	NiktaFahkri	
362	16:54:49	13/2/2023 	130017	144.00	7.00	7.84	31.01	100054.41	4951	0	NiktaFahkri	
363	16:54:49	13/2/2023 	130300	363.00	8.00	11.79	31.01	100054.41	1849	0	NiktaFahkri	
364	16:54:49	13/2/2023 	130459	187.00	7.00	8.98	31.01	100054.16	1847	0	NiktaFahkri	
365	16:54:49	13/2/2023 	130487	254.00	7.00	10.34	31.01	100054.16	1850	0	NiktaFahkri	
366	16:54:50	13/2/2023 	131363	796.00	79.00	25.97	31.01	100054.16	49823	0	NiktaFahkri	
367	16:54:51	13/2/2023 	132464	284.00	7.00	10.80	31.01	100054.33	49823	0	NiktaFahkri	
368	16:54:51	13/2/2023 	132696	243.00	7.00	10.15	31.01	100054.33	51802	0	NiktaFahkri	
369	16:54:52	13/2/2023 	133711	813.00	88.00	27.48	31.01	100054.08	49824	0	NiktaFahkri	
370	16:54:52	13/2/2023 	133966	278.00	7.00	10.72	31.01	100054.24	1850	0	NiktaFahkri	
371	16:54:53	13/2/2023 	134155	244.00	7.00	10.17	31.01	100054.24	1848	0	NiktaFahkri	
372	16:54:53	13/2/2023 	134366	127.00	7.00	7.35	31.01	100054.41	1850	0	NiktaFahkri	
373	16:54:53	13/2/2023 	134886	364.00	7.00	11.75	31.01	100054.41	49822	0	NiktaFahkri	
374	16:54:53	13/2/2023 	134955	906.00	127.00	35.22	31.01	100054.41	3882	0	NiktaFahkri	
375	16:54:54	13/2/2023 	135028	266.00	7.00	10.53	31.01	100054.41	1850	0	NiktaFahkri	
376	16:54:54	13/2/2023 	135039	121.00	7.00	7.18	31.01	100054.41	1850	0	NiktaFahkri	
377	16:54:55	13/2/2023 	136626	958.00	282.00	54.30	31.01	100054.74	97793	1	NiktaFahkri	
378	16:54:56	13/2/2023 	137570	136.00	7.00	7.61	31.00	100054.33	49824	0	NiktaFahkri	
379	16:54:56	13/2/2023 	137774	664.00	13.00	15.74	31.00	100054.33	3775	0	NiktaFahkri	
380	16:54:57	13/2/2023 	138262	144.00	7.00	7.84	31.00	100054.50	1849	0	NiktaFahkri	
381	16:54:57	13/2/2023 	138389	624.00	10.00	14.53	31.00	100054.50	1851	0	NiktaFahkri	
382	16:54:57	13/2/2023 	138633	648.00	14.00	15.76	31.00	100054.11	49822	0	NiktaFahkri	
383	16:54:58	13/2/2023 	139025	281.00	8.00	10.79	31.00	100054.11	1850	0	NiktaFahkri	
384	16:54:58	13/2/2023 	139158	91.00	7.00	6.37	31.00	100054.11	1848	0	NiktaFahkri	
385	16:54:58	13/2/2023 	139769	280.00	1.00	10.53	30.99	100052.62	53099	0	NiktaFahkri	
386	16:54:59	13/2/2023 	140100	77.00	7.00	6.08	30.99	100052.62	2598	0	NiktaFahkri	
387	16:54:59	13/2/2023 	140777	928.00	145.00	38.47	30.99	100052.62	49830	0	NiktaFahkri	
388	16:54:59	13/2/2023 	140885	135.00	7.00	7.58	30.99	100052.62	1857	0	NiktaFahkri	
389	16:55:00	13/2/2023 	141756	730.00	32.00	20.19	30.99	100052.62	49828	0	NiktaFahkri	
390	16:55:01	13/2/2023 	142134	645.00	10.00	14.76	30.99	100052.62	1857	0	NiktaFahkri	
391	16:55:01	13/2/2023 	142629	693.00	19.00	17.54	30.99	100052.62	51948	0	NiktaFahkri	
392	16:55:01	13/2/2023 	142722	762.00	56.00	22.90	30.99	100052.62	1856	0	NiktaFahkri	
393	16:55:02	13/2/2023 	143479	68.00	7.00	5.95	30.99	100052.62	1856	0	NiktaFahkri	
394	16:55:03	13/2/2023 	144694	249.00	7.00	10.25	30.99	100052.95	97801	0	NiktaFahkri	
395	16:55:04	13/2/2023 	145098	553.00	8.00	13.31	30.99	100053.12	1853	1	NiktaFahkri	
396	16:55:04	13/2/2023 	145104	742.00	34.00	20.55	30.99	100053.12	1855	0	NiktaFahkri	
397	16:55:04	13/2/2023 	145403	931.00	146.00	38.64	30.99	100053.12	3836	0	NiktaFahkri	
398	16:55:04	13/2/2023 	145436	78.00	7.00	6.10	30.99	100053.12	1856	0	NiktaFahkri	
399	16:55:04	13/2/2023 	145873	497.00	8.00	12.81	30.99	100053.12	49828	0	NiktaFahkri	
400	16:55:04	13/2/2023 	145971	587.00	8.00	13.69	30.99	100053.30	1852	0	NiktaFahkri	
401	16:55:05	13/2/2023 	146008	286.00	7.00	10.83	30.99	100053.30	1846	0	NiktaFahkri	
402	16:55:06	13/2/2023 	147811	938.00	157.00	40.36	30.99	100053.62	97801	1	NiktaFahkri	
403	16:55:06	13/2/2023 	147908	976.00	457.00	81.77	30.99	100053.80	3890	0	NiktaFahkri	
404	16:55:06	13/2/2023 	147979	968.00	276.00	53.45	30.99	100053.80	1849	1	NiktaFahkri	
405	16:55:07	13/2/2023 	148647	255.00	7.00	10.36	30.99	100053.96	49823	0	NiktaFahkri	
406	16:55:07	13/2/2023 	148656	900.00	121.00	34.06	30.99	100053.96	1851	0	NiktaFahkri	
407	16:55:08	13/2/2023 	149211	947.00	176.00	42.88	30.99	100053.38	1849	0	NiktaFahkri	
408	16:55:08	13/2/2023 	149322	952.00	182.00	43.58	30.99	100053.55	1851	0	NiktaFahkri	
409	16:55:08	13/2/2023 	149496	895.00	118.00	33.46	30.99	100053.55	3828	0	NiktaFahkri	
410	16:55:08	13/2/2023 	149712	68.00	7.00	5.95	30.99	100053.55	49824	0	NiktaFahkri	
411	16:55:08	13/2/2023 	149802	181.00	7.00	8.84	30.99	100053.55	2602	0	NiktaFahkri	
412	16:55:09	13/2/2023 	150074	952.00	230.00	48.22	30.99	100053.55	1849	0	NiktaFahkri	
413	16:55:09	13/2/2023 	150909	236.00	8.00	10.04	30.99	100053.55	49824	0	NiktaFahkri	
414	16:55:11	13/2/2023 	152695	826.00	94.00	28.58	30.99	100053.55	97793	1	NiktaFahkri	
415	16:55:12	13/2/2023 	153218	910.00	134.00	36.53	30.99	100053.63	3972	0	NiktaFahkri	
416	16:55:12	13/2/2023 	153435	572.00	8.00	13.51	30.99	100053.63	1850	0	NiktaFahkri	
417	16:55:12	13/2/2023 	153636	328.00	7.00	11.37	30.99	100053.63	49819	0	NiktaFahkri	
418	16:55:13	13/2/2023 	154655	750.00	41.00	21.38	30.99	100054.30	49821	0	NiktaFahkri	
419	16:55:13	13/2/2023 	154808	962.00	254.00	50.70	30.99	100054.30	1850	0	NiktaFahkri	
420	16:55:14	13/2/2023 	155092	836.00	94.00	28.62	30.99	100054.30	1849	0	NiktaFahkri	
421	16:55:14	13/2/2023 	155418	122.00	7.00	7.20	30.99	100054.30	3830	0	NiktaFahkri	
422	16:55:14	13/2/2023 	155439	70.00	7.00	5.98	30.99	100054.30	1848	0	NiktaFahkri	
423	16:55:15	13/2/2023 	156120	123.00	7.00	7.23	30.99	100054.47	49820	0	NiktaFahkri	
424	16:55:15	13/2/2023 	156362	69.00	6.00	5.96	30.99	100054.47	1850	0	NiktaFahkri	
425	16:55:15	13/2/2023 	156682	772.00	58.00	23.18	30.98	100054.25	49818	0	NiktaFahkri	
426	16:55:16	13/2/2023 	157556	767.00	52.00	22.55	30.98	100054.25	49821	0	NiktaFahkri	
427	16:55:16	13/2/2023 	157683	973.00	406.00	75.23	30.98	100054.25	3829	0	NiktaFahkri	
428	16:55:18	13/2/2023 	159106	244.00	7.00	10.17	30.98	100054.00	49823	0	NiktaFahkri	
429	16:55:18	13/2/2023 	159332	877.00	110.00	31.82	30.98	100054.00	1850	1	NiktaFahkri	
430	16:55:19	13/2/2023 	160214	154.00	7.00	8.12	30.98	100053.59	49823	0	NiktaFahkri	
431	16:55:19	13/2/2023 	160258	342.00	7.00	11.53	30.98	100053.59	2605	0	NiktaFahkri	
432	16:55:19	13/2/2023 	160413	483.00	8.00	12.71	30.98	100053.59	1850	0	NiktaFahkri	
433	16:55:19	13/2/2023 	160742	153.00	7.00	8.10	30.98	100053.59	51993	0	NiktaFahkri	
434	16:55:19	13/2/2023 	160926	728.00	28.00	19.61	30.98	100053.59	1849	0	NiktaFahkri	
435	16:55:20	13/2/2023 	161171	405.00	8.00	12.16	30.98	100053.59	1849	0	NiktaFahkri	
436	16:55:20	13/2/2023 	161794	100.00	7.00	6.59	30.98	100053.76	49820	0	NiktaFahkri	
437	16:55:20	13/2/2023 	161927	108.00	7.00	6.81	30.98	100053.76	1849	0	NiktaFahkri	
438	16:55:21	13/2/2023 	162315	436.00	7.00	12.31	30.98	100053.76	3828	0	NiktaFahkri	
439	16:55:22	13/2/2023 	163061	964.00	314.00	59.41	30.98	100053.34	49824	1	NiktaFahkri	
440	16:55:22	13/2/2023 	163176	901.00	120.00	33.87	30.98	100053.34	1851	0	NiktaFahkri	
441	16:55:22	13/2/2023 	163454	619.00	9.00	14.25	30.98	100053.52	1850	0	NiktaFahkri	
442	16:55:22	13/2/2023 	163908	58.00	7.00	5.88	30.98	100053.52	49822	0	NiktaFahkri	
443	16:55:23	13/2/2023 	164425	194.00	7.00	9.15	30.97	100053.09	1849	0	NiktaFahkri	
444	16:55:23	13/2/2023 	164585	122.00	7.00	7.20	30.97	100053.09	51802	0	NiktaFahkri	
445	16:55:23	13/2/2023 	164734	961.00	243.00	49.50	30.97	100053.09	1849	0	NiktaFahkri	
446	16:55:23	13/2/2023 	164794	151.00	7.00	8.04	30.97	100053.09	1850	0	NiktaFahkri	
447	16:55:24	13/2/2023 	165167	407.00	8.00	12.18	30.97	100053.09	1848	0	NiktaFahkri	
448	16:55:24	13/2/2023 	165245	566.00	8.00	13.45	30.97	100053.09	1848	0	NiktaFahkri	
449	16:55:24	13/2/2023 	165291	576.00	8.00	13.56	30.97	100053.09	1847	0	NiktaFahkri	
450	16:55:24	13/2/2023 	165720	735.00	30.00	19.97	30.97	100052.84	51798	0	NiktaFahkri	
451	16:55:24	13/2/2023 	165730	646.00	11.00	15.03	30.97	100052.84	1851	0	NiktaFahkri	
452	16:55:24	13/2/2023 	165876	233.00	7.00	9.97	30.97	100052.84	1849	0	NiktaFahkri	
453	16:55:25	13/2/2023 	166178	341.00	7.00	11.52	30.97	100052.84	1848	0	NiktaFahkri	
454	16:55:25	13/2/2023 	166839	574.00	8.00	13.54	30.97	100053.02	49823	0	NiktaFahkri	
455	16:55:26	13/2/2023 	167134	742.00	37.00	20.90	30.97	100053.02	1848	0	NiktaFahkri	
456	16:55:26	13/2/2023 	167330	918.00	136.00	36.91	30.96	100051.56	132504	0	NiktaFahkri	
457	16:55:26	13/2/2023 	167822	196.00	7.00	9.20	30.96	100051.56	49824	0	NiktaFahkri	
458	16:55:27	13/2/2023 	168029	101.00	7.00	6.62	30.96	100051.56	1849	0	NiktaFahkri	
459	16:55:27	13/2/2023 	168287	176.00	7.00	8.71	30.96	100051.72	1850	0	NiktaFahkri	
460	16:55:27	13/2/2023 	168833	152.00	7.00	8.07	30.96	100051.89	49823	0	NiktaFahkri	
461	16:55:28	13/2/2023 	169335	891.00	121.00	34.02	30.96	100051.48	1848	0	NiktaFahkri	
462	16:55:28	13/2/2023 	169456	960.00	249.00	50.14	30.96	100051.48	3830	0	NiktaFahkri	
463	16:55:29	13/2/2023 	170243	958.00	261.00	51.52	30.96	100051.48	49823	0	NiktaFahkri	
464	16:55:29	13/2/2023 	170655	141.00	8.00	7.76	30.96	100051.48	50579	0	NiktaFahkri	
465	16:55:30	13/2/2023 	171441	534.00	7.00	12.99	30.96	100051.64	1846	0	NiktaFahkri	
466	16:55:30	13/2/2023 	171769	595.00	9.00	13.96	30.96	100051.81	49823	0	NiktaFahkri	
467	16:55:30	13/2/2023 	171985	101.00	7.00	6.62	30.96	100051.81	1849	0	NiktaFahkri	
468	16:55:32	13/2/2023 	173245	147.00	7.00	7.93	30.96	100051.56	51939	0	NiktaFahkri	
469	16:55:33	13/2/2023 	174233	160.00	7.00	8.29	30.96	100051.73	49823	0	NiktaFahkri	
470	16:55:34	13/2/2023 	175650	374.00	7.00	11.84	30.95	100051.98	97797	0	NiktaFahkri	
471	16:55:36	13/2/2023 	177415	73.00	7.00	6.02	30.95	100052.48	49825	0	NiktaFahkri	
472	16:55:37	13/2/2023 	178245	953.00	241.00	49.30	30.95	100052.98	49823	0	NiktaFahkri	
473	16:55:38	13/2/2023 	179020	95.00	7.00	6.46	30.95	100052.77	49825	0	NiktaFahkri	
474	16:55:38	13/2/2023 	179195	132.00	7.00	7.49	30.95	100052.77	3883	0	NiktaFahkri	
475	16:55:38	13/2/2023 	179417	89.00	7.00	6.32	30.95	100052.94	1848	0	NiktaFahkri	
476	16:55:38	13/2/2023 	179840	368.00	8.00	11.84	30.95	100052.94	49824	0	NiktaFahkri	
477	16:55:39	13/2/2023 	180078	697.00	20.00	17.81	30.95	100053.10	2600	0	NiktaFahkri	
478	16:55:39	13/2/2023 	180993	915.00	134.00	36.54	30.95	100053.27	49827	0	NiktaFahkri	
479	16:55:40	13/2/2023 	181424	78.00	7.00	6.10	30.95	100053.44	1850	0	NiktaFahkri	
480	16:55:40	13/2/2023 	181869	965.00	268.00	52.39	30.95	100053.44	51942	0	NiktaFahkri	
481	16:55:41	13/2/2023 	182002	209.00	7.00	9.48	30.95	100053.44	1850	0	NiktaFahkri	
482	16:55:41	13/2/2023 	182460	954.00	202.00	45.62	30.95	100053.60	1850	0	NiktaFahkri	
483	16:55:41	13/2/2023 	182716	561.00	8.00	13.39	30.95	100053.60	49824	0	NiktaFahkri	
484	16:55:42	13/2/2023 	183056	64.00	7.00	5.91	30.95	100053.35	1847	0	NiktaFahkri	
485	16:55:42	13/2/2023 	183331	87.00	7.00	6.28	30.95	100053.52	1849	0	NiktaFahkri	
486	16:55:42	13/2/2023 	183423	325.00	8.00	11.38	30.95	100053.52	3828	0	NiktaFahkri	
487	16:55:42	13/2/2023 	183697	58.00	7.00	5.88	30.95	100053.52	49822	0	NiktaFahkri	
488	16:55:43	13/2/2023 	184009	958.00	237.00	48.90	30.95	100053.52	1850	0	NiktaFahkri	
489	16:55:43	13/2/2023 	184043	656.00	12.00	15.40	30.95	100053.52	1850	0	NiktaFahkri	
490	16:55:43	13/2/2023 	184054	335.00	8.00	11.50	30.95	100053.52	1848	0	NiktaFahkri	
491	16:55:43	13/2/2023 	184113	76.00	7.00	6.06	30.95	100053.52	1847	0	NiktaFahkri	
492	16:55:44	13/2/2023 	185176	269.00	7.00	10.58	30.95	100053.86	51801	0	NiktaFahkri	
493	16:55:44	13/2/2023 	185868	97.00	7.00	6.51	30.95	100053.61	49822	1	NiktaFahkri	
494	16:55:45	13/2/2023 	186807	121.00	7.00	7.18	30.95	100053.44	49823	0	NiktaFahkri	
495	16:55:46	13/2/2023 	187475	955.00	237.00	48.90	30.95	100053.44	1850	0	NiktaFahkri	
496	16:55:46	13/2/2023 	187576	697.00	17.00	17.11	30.95	100053.44	49824	0	NiktaFahkri	
497	16:55:47	13/2/2023 	188457	766.00	61.00	23.45	30.94	100052.86	1850	0	NiktaFahkri	
498	16:55:47	13/2/2023 	188764	128.00	7.00	7.38	30.94	100052.86	51803	0	NiktaFahkri	
499	16:55:47	13/2/2023 	188877	140.00	7.00	7.73	30.94	100052.86	1847	0	NiktaFahkri	
500	16:55:48	13/2/2023 	189222	820.00	91.00	28.03	30.94	100053.20	1848	0	NiktaFahkri	
501	16:55:48	13/2/2023 	189408	631.00	10.00	14.62	30.94	100053.20	1850	0	NiktaFahkri	
502	16:55:48	13/2/2023 	189561	966.00	308.00	58.39	30.94	100053.20	49824	1	NiktaFahkri	
503	16:55:48	13/2/2023 	189808	982.00	541.00	92.84	30.93	100051.16	2604	0	NiktaFahkri	
504	16:55:49	13/2/2023 	190909	660.00	13.00	15.70	30.93	100051.32	51997	0	NiktaFahkri	
505	16:55:50	13/2/2023 	191004	905.00	130.00	35.78	30.93	100051.32	1850	0	NiktaFahkri	
506	16:55:50	13/2/2023 	191016	134.00	7.00	7.55	30.93	100051.32	1851	0	NiktaFahkri	
507	16:55:51	13/2/2023 	192054	601.00	9.00	14.04	30.93	100051.32	49823	0	NiktaFahkri	
508	16:55:52	13/2/2023 	193016	812.00	92.00	28.17	30.93	100051.66	49824	0	NiktaFahkri	
509	16:55:52	13/2/2023 	193298	67.00	7.00	5.94	30.93	100051.66	3829	0	NiktaFahkri	
510	16:55:52	13/2/2023 	193759	123.00	7.00	7.23	30.93	100051.66	49821	0	NiktaFahkri	
511	16:55:53	13/2/2023 	194196	160.00	7.00	8.29	30.93	100051.82	1849	0	NiktaFahkri	
512	16:55:53	13/2/2023 	194239	888.00	115.00	32.84	30.93	100051.82	1851	0	NiktaFahkri	
513	16:55:53	13/2/2023 	194808	652.00	12.00	15.35	30.93	100051.82	49824	0	NiktaFahkri	
514	16:55:53	13/2/2023 	194889	976.00	432.00	78.77	30.93	100051.82	1848	0	NiktaFahkri	
515	16:55:54	13/2/2023 	195422	656.00	12.00	15.40	30.93	100051.74	3829	0	NiktaFahkri	
516	16:55:54	13/2/2023 	195598	823.00	90.00	27.87	30.93	100051.74	49822	0	NiktaFahkri	
517	16:55:55	13/2/2023 	196289	77.00	7.00	6.08	30.93	100051.74	1850	0	NiktaFahkri	
518	16:55:55	13/2/2023 	196830	90.00	7.00	6.34	30.93	100051.91	49821	0	NiktaFahkri	
519	16:55:56	13/2/2023 	197596	976.00	580.00	100.40	30.93	100052.08	49822	1	NiktaFahkri	
520	16:55:57	13/2/2023 	198292	938.00	157.00	40.36	30.93	100052.08	1853	1	NiktaFahkri	
521	16:55:57	13/2/2023 	198766	142.00	7.00	7.78	30.93	100052.41	51803	1	NiktaFahkri	
522	16:55:58	13/2/2023 	199055	766.00	50.00	22.35	30.93	100052.41	1849	0	NiktaFahkri	
523	16:55:58	13/2/2023 	199868	846.00	98.00	29.39	30.93	100052.58	49824	0	NiktaFahkri	
524	16:55:59	13/2/2023 	200058	646.00	11.00	15.03	30.93	100052.58	2602	0	NiktaFahkri	
525	16:55:59	13/2/2023 	200084	402.00	8.00	12.14	30.93	100052.58	1850	0	NiktaFahkri	
526	16:56:00	13/2/2023 	201010	620.00	10.00	14.48	30.93	100052.16	49820	0	NiktaFahkri	
527	16:56:00	13/2/2023 	201204	71.00	7.00	5.99	30.93	100052.16	34723	0	NiktaFahkri	
528	16:56:00	13/2/2023 	201261	757.00	43.00	21.63	30.93	100052.33	1849	0	NiktaFahkri	
529	16:56:00	13/2/2023 	201377	725.00	27.00	19.43	30.93	100052.33	1850	0	NiktaFahkri	
530	16:56:00	13/2/2023 	201619	462.00	8.00	12.56	30.93	100052.33	49822	0	NiktaFahkri	
531	16:56:00	13/2/2023 	201819	696.00	18.00	17.35	30.93	100052.33	1848	0	NiktaFahkri	
532	16:56:00	13/2/2023 	201840	633.00	10.00	14.64	30.93	100052.33	1849	0	NiktaFahkri	
533	16:56:01	13/2/2023 	202248	946.00	167.00	41.76	30.93	100052.33	34550	0	NiktaFahkri	
534	16:56:01	13/2/2023 	202484	964.00	275.00	53.32	30.93	100052.33	1851	0	NiktaFahkri	
535	16:56:02	13/2/2023 	203099	717.00	26.00	19.18	30.92	100052.25	49823	0	NiktaFahkri	
536	16:56:02	13/2/2023 	203446	970.00	341.00	64.24	30.92	100052.25	1850	1	NiktaFahkri	
537	16:56:02	13/2/2023 	203842	83.00	7.00	6.19	30.92	100052.41	49823	0	NiktaFahkri	
538	16:56:03	13/2/2023 	204033	352.00	7.00	11.63	30.92	100052.41	1850	0	NiktaFahkri	
539	16:56:03	13/2/2023 	204424	143.00	6.00	7.81	30.92	100052.41	34556	0	NiktaFahkri	
540	16:56:04	13/2/2023 	205300	882.00	114.00	32.62	30.92	100052.41	49822	0	NiktaFahkri	
541	16:56:04	13/2/2023 	205643	367.00	8.00	11.83	30.92	100052.17	49826	0	NiktaFahkri	
542	16:56:04	13/2/2023 	205843	970.00	308.00	58.39	30.92	100052.17	1848	0	NiktaFahkri	
543	16:56:05	13/2/2023 	206321	160.00	7.00	8.29	30.92	100052.33	1850	0	NiktaFahkri	
544	16:56:05	13/2/2023 	206412	552.00	8.00	13.30	30.92	100052.33	1849	0	NiktaFahkri	
545	16:56:05	13/2/2023 	206656	191.00	7.00	9.08	30.92	100052.50	82596	0	NiktaFahkri	
546	16:56:05	13/2/2023 	206824	249.00	7.00	10.25	30.92	100052.50	1849	0	NiktaFahkri	
547	16:56:06	13/2/2023 	207024	69.00	6.00	5.96	30.92	100052.50	1849	0	NiktaFahkri	
548	16:56:06	13/2/2023 	207669	611.00	9.00	14.16	30.92	100052.12	49825	0	NiktaFahkri	
549	16:56:07	13/2/2023 	208086	155.00	7.00	8.15	30.92	100052.28	1854	0	NiktaFahkri	
550	16:56:07	13/2/2023 	208158	952.00	189.00	44.33	30.92	100052.28	1850	0	NiktaFahkri	
551	16:56:07	13/2/2023 	208652	122.00	7.00	7.20	30.92	100052.45	82522	0	NiktaFahkri	
552	16:56:07	13/2/2023 	208721	117.00	6.00	7.06	30.92	100052.45	1849	0	NiktaFahkri	
553	16:56:07	13/2/2023 	208728	141.00	7.00	7.76	30.92	100052.45	1849	0	NiktaFahkri	
554	16:56:09	13/2/2023 	210078	535.00	8.00	13.13	30.92	100052.20	49823	0	NiktaFahkri	
555	16:56:09	13/2/2023 	210111	697.00	19.00	17.59	30.92	100052.20	2603	0	NiktaFahkri	
556	16:56:10	13/2/2023 	211017	152.00	7.00	8.07	30.92	100052.54	49822	0	NiktaFahkri	
557	16:56:11	13/2/2023 	212125	469.00	7.00	12.52	30.91	100052.45	82665	0	NiktaFahkri	
558	16:56:11	13/2/2023 	212214	919.00	140.00	37.61	30.91	100052.45	1850	0	NiktaFahkri	
559	16:56:11	13/2/2023 	212725	981.00	458.00	81.91	30.92	100052.70	49822	0	NiktaFahkri	
560	16:56:12	13/2/2023 	213246	950.00	218.00	47.10	30.91	100052.30	1852	1	NiktaFahkri	
561	16:56:13	13/2/2023 	214720	136.00	7.00	7.61	30.91	100052.30	97795	0	NiktaFahkri	
562	16:56:14	13/2/2023 	215292	253.00	7.00	10.32	30.91	100052.05	1850	0	NiktaFahkri	
563	16:56:14	13/2/2023 	215735	614.00	9.00	14.20	30.91	100052.21	82522	0	NiktaFahkri	
564	16:56:15	13/2/2023 	216818	781.00	77.00	25.58	30.91	100052.05	49822	0	NiktaFahkri	
565	16:56:16	13/2/2023 	217025	952.00	199.00	45.33	30.91	100052.05	1850	0	NiktaFahkri	
566	16:56:16	13/2/2023 	217323	168.00	7.00	8.50	30.91	100052.21	1851	0	NiktaFahkri	
567	16:56:16	13/2/2023 	217334	123.00	7.00	7.23	30.91	100052.21	1849	0	NiktaFahkri	
568	16:56:16	13/2/2023 	217590	773.00	63.00	23.73	30.91	100052.21	49820	0	NiktaFahkri	
569	16:56:16	13/2/2023 	217660	906.00	126.00	35.03	30.91	100052.21	34571	0	NiktaFahkri	
570	16:56:16	13/2/2023 	217732	622.00	10.00	14.51	30.91	100051.80	1851	0	NiktaFahkri	
571	16:56:16	13/2/2023 	217745	222.00	7.00	9.75	30.91	100051.80	1849	0	NiktaFahkri	
572	16:56:17	13/2/2023 	218565	456.00	8.00	12.52	30.91	100051.80	49820	0	NiktaFahkri	
573	16:56:17	13/2/2023 	218706	674.00	15.00	16.37	30.91	100051.96	1848	0	NiktaFahkri	
574	16:56:18	13/2/2023 	219568	215.00	7.00	9.61	30.91	100051.80	82599	0	NiktaFahkri	
575	16:56:18	13/2/2023 	219758	605.00	9.00	14.09	30.91	100051.96	2825	0	NiktaFahkri	
576	16:56:19	13/2/2023 	220796	277.00	8.00	10.73	30.91	100051.55	49822	0	NiktaFahkri	
577	16:56:19	13/2/2023 	220807	565.00	8.00	13.44	30.91	100051.55	1849	0	NiktaFahkri	
578	16:56:20	13/2/2023 	221461	69.00	7.00	5.96	30.91	100051.55	1847	0	NiktaFahkri	
579	16:56:20	13/2/2023 	221838	60.00	7.00	5.89	30.91	100051.55	49821	0	NiktaFahkri	
580	16:56:21	13/2/2023 	222229	969.00	469.00	83.15	30.91	100051.55	3968	1	NiktaFahkri	
581	16:56:21	13/2/2023 	222281	938.00	153.00	39.76	30.91	100051.55	1850	0	NiktaFahkri	
582	16:56:21	13/2/2023 	222704	913.00	133.00	36.35	30.91	100051.55	49822	0	NiktaFahkri	
583	16:56:21	13/2/2023 	222716	697.00	19.00	17.59	30.91	100051.55	1849	0	NiktaFahkri	
584	16:56:22	13/2/2023 	223163	117.00	7.00	7.06	30.90	100051.00	1849	0	NiktaFahkri	
585	16:56:22	13/2/2023 	223339	780.00	68.00	24.36	30.90	100051.00	1850	0	NiktaFahkri	
586	16:56:22	13/2/2023 	223718	388.00	7.00	11.96	30.90	100051.00	51799	0	NiktaFahkri	
587	16:56:22	13/2/2023 	223819	894.00	123.00	34.41	30.90	100051.00	1849	0	NiktaFahkri	
588	16:56:24	13/2/2023 	225030	76.00	7.00	6.06	30.90	100051.00	49822	0	NiktaFahkri	
589	16:56:24	13/2/2023 	225389	324.00	8.00	11.37	30.90	100051.00	1850	0	NiktaFahkri	
590	16:56:24	13/2/2023 	225749	158.00	7.00	8.23	30.90	100050.42	49819	0	NiktaFahkri	
591	16:56:24	13/2/2023 	225759	327.00	8.00	11.40	30.90	100050.42	1850	0	NiktaFahkri	
592	16:56:24	13/2/2023 	225906	693.00	18.00	17.32	30.90	100050.42	3827	0	NiktaFahkri	
593	16:56:26	13/2/2023 	227252	845.00	101.00	29.94	30.90	100050.59	49820	1	NiktaFahkri	
594	16:56:26	13/2/2023 	227408	64.00	7.00	5.91	30.90	100050.59	1851	0	NiktaFahkri	
595	16:56:26	13/2/2023 	227828	667.00	13.00	15.77	30.90	100050.59	49820	0	NiktaFahkri	
596	16:56:26	13/2/2023 	227950	880.00	113.00	32.41	30.90	100050.59	1849	0	NiktaFahkri	
597	16:56:27	13/2/2023 	228456	767.00	56.00	22.94	30.90	100050.59	1851	0	NiktaFahkri	
598	16:56:27	13/2/2023 	228661	86.00	7.00	6.26	30.90	100050.59	51800	0	NiktaFahkri	
599	16:56:27	13/2/2023 	228908	62.00	7.00	5.90	30.90	100050.59	1849	0	NiktaFahkri	
600	16:56:28	13/2/2023 	229047	105.00	7.00	6.72	30.90	100050.59	1848	0	NiktaFahkri	
601	16:56:28	13/2/2023 	229094	71.00	7.00	5.99	30.90	100050.59	1849	0	NiktaFahkri	
602	16:56:28	13/2/2023 	229150	964.00	243.00	49.50	30.90	100050.59	1850	0	NiktaFahkri	
603	16:56:28	13/2/2023 	229166	636.00	11.00	14.91	30.90	100050.59	1849	0	NiktaFahkri	
604	16:56:28	13/2/2023 	229294	521.00	8.00	13.00	30.90	100050.59	3829	0	NiktaFahkri	
605	16:56:28	13/2/2023 	229606	586.00	8.00	13.67	30.90	100050.17	49820	0	NiktaFahkri	
606	16:56:29	13/2/2023 	230070	473.00	8.00	12.64	30.90	100050.17	2820	0	NiktaFahkri	
607	16:56:29	13/2/2023 	230852	708.00	23.00	18.55	30.90	100050.01	49820	1	NiktaFahkri	
608	16:56:30	13/2/2023 	231228	869.00	109.00	31.58	30.90	100050.01	1849	1	NiktaFahkri	
609	16:56:30	13/2/2023 	231366	77.00	7.00	6.08	30.90	100050.17	1851	0	NiktaFahkri	
610	16:56:30	13/2/2023 	231696	144.00	7.00	7.84	30.90	100050.17	51940	0	NiktaFahkri	
611	16:56:30	13/2/2023 	231979	580.00	8.00	13.61	30.90	100050.34	1848	0	NiktaFahkri	
612	16:56:32	13/2/2023 	233415	335.00	8.00	11.50	30.90	100049.92	49820	0	NiktaFahkri	
613	16:56:32	13/2/2023 	233778	222.00	7.00	9.75	30.90	100049.92	49822	0	NiktaFahkri	
614	16:56:34	13/2/2023 	235159	798.00	85.00	26.91	30.90	100049.92	49822	0	NiktaFahkri	
615	16:56:35	13/2/2023 	236068	731.00	33.00	20.33	30.89	100049.52	49823	0	NiktaFahkri	
616	16:56:36	13/2/2023 	237179	942.00	158.00	40.51	30.89	100049.84	51857	1	NiktaFahkri	
617	16:56:36	13/2/2023 	237337	636.00	10.00	14.67	30.89	100049.84	1851	0	NiktaFahkri	
618	16:56:36	13/2/2023 	237349	77.00	7.00	6.08	30.89	100049.84	1849	0	NiktaFahkri	
619	16:56:37	13/2/2023 	238153	774.00	74.00	25.11	30.89	100049.43	49821	0	NiktaFahkri	
620	16:56:37	13/2/2023 	238249	984.00	819.00	146.62	30.89	100049.43	1850	0	NiktaFahkri	
621	16:56:37	13/2/2023 	238665	686.00	17.00	17.00	30.89	100049.59	49821	0	NiktaFahkri	
622	16:56:37	13/2/2023 	238707	926.00	143.00	38.14	30.89	100049.59	3829	1	NiktaFahkri	
623	16:56:38	13/2/2023 	239024	577.00	8.00	13.57	30.89	100049.59	1849	0	NiktaFahkri	
624	16:56:38	13/2/2023 	239239	574.00	8.00	13.54	30.89	100049.77	1848	0	NiktaFahkri	
625	16:56:38	13/2/2023 	239315	430.00	8.00	12.35	30.89	100049.77	1847	0	NiktaFahkri	
626	16:56:38	13/2/2023 	239318	956.00	201.00	45.52	30.89	100049.77	1847	0	NiktaFahkri	
627	16:56:38	13/2/2023 	239587	424.00	8.00	12.30	30.89	100049.93	49823	0	NiktaFahkri	
628	16:56:38	13/2/2023 	239822	873.00	106.00	31.03	30.89	100049.93	4949	0	NiktaFahkri	
629	16:56:38	13/2/2023 	239853	919.00	140.00	37.61	30.89	100049.93	1849	0	NiktaFahkri	
630	16:56:39	13/2/2023 	240475	610.00	9.00	14.15	30.89	100049.93	1849	0	NiktaFahkri	
631	16:56:39	13/2/2023 	240636	153.00	7.00	8.10	30.89	100049.69	49822	0	NiktaFahkri	
632	16:56:40	13/2/2023 	241100	129.00	7.00	7.41	30.89	100049.69	1849	0	NiktaFahkri	
633	16:56:40	13/2/2023 	241612	105.00	7.00	6.72	30.89	100049.85	49821	0	NiktaFahkri	
634	16:56:40	13/2/2023 	241812	689.00	17.00	17.03	30.89	100049.85	3827	0	NiktaFahkri	
635	16:56:40	13/2/2023 	241939	121.00	7.00	7.18	30.89	100049.85	1849	0	NiktaFahkri	
636	16:56:41	13/2/2023 	242194	889.00	115.00	32.85	30.89	100049.85	1849	1	NiktaFahkri	
637	16:56:41	13/2/2023 	242620	780.00	78.00	25.72	30.89	100049.64	49823	0	NiktaFahkri	
638	16:56:41	13/2/2023 	242927	261.00	7.00	10.45	30.89	100049.64	1849	0	NiktaFahkri	
639	16:56:42	13/2/2023 	243051	409.00	8.00	12.19	30.89	100049.80	3828	0	NiktaFahkri	
640	16:56:42	13/2/2023 	243162	64.00	6.00	5.91	30.89	100049.80	1848	0	NiktaFahkri	
641	16:56:42	13/2/2023 	243609	455.00	8.00	12.52	30.89	100049.97	49819	0	NiktaFahkri	
642	16:56:42	13/2/2023 	243777	964.00	277.00	53.59	30.89	100049.97	1848	0	NiktaFahkri	
643	16:56:42	13/2/2023 	243814	960.00	230.00	48.22	30.89	100049.97	1849	0	NiktaFahkri	
644	16:56:43	13/2/2023 	244343	188.00	8.00	9.02	30.89	100050.14	1849	0	NiktaFahkri	
645	16:56:44	13/2/2023 	245141	95.00	7.00	6.46	30.89	100050.47	51800	0	NiktaFahkri	
646	16:56:44	13/2/2023 	245443	572.00	8.00	13.51	30.89	100050.47	1851	0	NiktaFahkri	
647	16:56:44	13/2/2023 	245660	622.00	10.00	14.51	30.89	100050.47	49819	0	NiktaFahkri	
648	16:56:45	13/2/2023 	246144	161.00	7.00	8.32	30.88	100050.05	1849	0	NiktaFahkri	
649	16:56:45	13/2/2023 	246359	590.00	8.00	13.72	30.88	100050.05	1850	0	NiktaFahkri	
650	16:56:45	13/2/2023 	246903	436.00	8.00	12.39	30.88	100049.89	49820	0	NiktaFahkri	
651	16:56:46	13/2/2023 	247267	760.00	45.00	21.84	30.88	100049.89	3826	0	NiktaFahkri	
652	16:56:46	13/2/2023 	247707	201.00	7.00	9.31	30.88	100049.89	49823	0	NiktaFahkri	
653	16:56:46	13/2/2023 	247724	612.00	9.00	14.17	30.88	100049.89	1849	0	NiktaFahkri	
654	16:56:47	13/2/2023 	248138	238.00	7.00	10.06	30.88	100049.89	1849	0	NiktaFahkri	
655	16:56:47	13/2/2023 	248312	314.00	8.00	11.24	30.88	100050.05	1850	0	NiktaFahkri	
656	16:56:47	13/2/2023 	248929	129.00	7.00	7.41	30.88	100049.64	49819	0	NiktaFahkri	
657	16:56:48	13/2/2023 	249202	946.00	158.00	40.51	30.88	100049.64	3884	0	NiktaFahkri	
658	16:56:48	13/2/2023 	249334	906.00	129.00	35.60	30.88	100049.80	1851	0	NiktaFahkri	
659	16:56:48	13/2/2023 	249570	169.00	7.00	8.53	30.88	100049.80	49823	0	NiktaFahkri	
660	16:56:49	13/2/2023 	250072	682.00	17.00	16.95	30.88	100049.80	2824	0	NiktaFahkri	
661	16:56:49	13/2/2023 	250564	984.00	744.00	133.15	30.88	100049.98	49823	0	NiktaFahkri	
662	16:56:49	13/2/2023 	250885	179.00	7.00	8.79	30.88	100049.73	1850	0	NiktaFahkri	
663	16:56:50	13/2/2023 	251214	205.00	7.00	9.40	30.88	100049.89	3968	0	NiktaFahkri	
664	16:56:50	13/2/2023 	251278	71.00	7.00	5.99	30.88	100049.89	1850	0	NiktaFahkri	
665	16:56:51	13/2/2023 	252494	196.00	7.00	9.20	30.88	100050.23	49822	0	NiktaFahkri	
666	16:56:52	13/2/2023 	253487	58.00	7.00	5.88	30.88	100050.39	49823	0	NiktaFahkri	
667	16:56:53	13/2/2023 	254128	299.00	7.00	11.01	30.88	100050.48	49823	0	NiktaFahkri	
668	16:56:53	13/2/2023 	254242	368.00	8.00	11.84	30.88	100050.48	1850	0	NiktaFahkri	
669	16:56:53	13/2/2023 	254271	222.00	7.00	9.75	30.88	100050.48	3825	0	NiktaFahkri	
670	16:56:54	13/2/2023 	255673	950.00	224.00	47.65	30.88	100050.65	97794	0	NiktaFahkri	
671	16:56:54	13/2/2023 	255917	93.00	7.00	6.42	30.88	100050.65	1852	0	NiktaFahkri	
672	16:56:55	13/2/2023 	256107	87.00	7.00	6.28	30.87	100050.23	1848	0	NiktaFahkri	
673	16:56:55	13/2/2023 	256258	961.00	249.00	50.14	30.87	100050.23	1850	0	NiktaFahkri	
674	16:56:55	13/2/2023 	256593	927.00	146.00	38.64	30.87	100050.40	49823	0	NiktaFahkri	
675	16:56:55	13/2/2023 	256732	622.00	9.00	14.29	30.87	100050.40	3829	0	NiktaFahkri	
676	16:56:55	13/2/2023 	256767	410.00	8.00	12.20	30.87	100050.40	1849	0	NiktaFahkri	
677	16:56:56	13/2/2023 	257128	210.00	7.00	9.51	30.87	100050.40	1847	0	NiktaFahkri	
678	16:56:57	13/2/2023 	258183	808.00	86.00	27.13	30.87	100050.35	49821	0	NiktaFahkri	
679	16:56:57	13/2/2023 	258622	301.00	8.00	11.07	30.87	100050.35	49821	0	NiktaFahkri	
680	16:56:57	13/2/2023 	258652	645.00	11.00	15.02	30.87	100050.35	1847	0	NiktaFahkri	
681	16:56:57	13/2/2023 	258878	119.00	7.00	7.12	30.87	100050.35	3828	0	NiktaFahkri	
682	16:56:58	13/2/2023 	259203	114.00	7.00	6.97	30.87	100050.11	1848	0	NiktaFahkri	
683	16:56:58	13/2/2023 	259861	970.00	324.00	61.17	30.87	100050.27	49822	0	NiktaFahkri	
684	16:56:59	13/2/2023 	260136	886.00	113.00	32.45	30.87	100050.11	2824	0	NiktaFahkri	
685	16:57:00	13/2/2023 	261005	142.00	7.00	7.78	30.87	100049.86	49823	0	NiktaFahkri	
686	16:57:00	13/2/2023 	261439	587.00	8.00	13.69	30.87	100050.02	1850	0	NiktaFahkri	
687	16:57:02	13/2/2023 	263231	73.00	7.00	6.02	30.86	100049.94	99966	0	NiktaFahkri	
688	16:57:02	13/2/2023 	263267	724.00	29.00	19.72	30.86	100049.94	1849	0	NiktaFahkri	
689	16:57:02	13/2/2023 	263995	336.00	7.00	11.46	30.86	100049.86	49822	0	NiktaFahkri	
690	16:57:03	13/2/2023 	264404	530.00	8.00	13.08	30.86	100049.86	1849	0	NiktaFahkri	
691	16:57:03	13/2/2023 	264669	86.00	7.00	6.26	30.86	100049.86	49821	0	NiktaFahkri	
692	16:57:04	13/2/2023 	265219	197.00	7.00	9.22	30.86	100050.03	1848	0	NiktaFahkri	
693	16:57:04	13/2/2023 	265394	539.00	8.00	13.16	30.86	100049.78	3829	0	NiktaFahkri	
694	16:57:04	13/2/2023 	265456	777.00	77.00	25.55	30.86	100049.78	1847	0	NiktaFahkri	
695	16:57:04	13/2/2023 	265659	584.00	9.00	13.82	30.86	100049.78	49822	0	NiktaFahkri	
696	16:57:04	13/2/2023 	265801	192.00	7.00	9.10	30.86	100049.95	1849	0	NiktaFahkri	
697	16:57:05	13/2/2023 	266087	209.00	7.00	9.48	30.86	100049.95	1848	0	NiktaFahkri	
698	16:57:05	13/2/2023 	266096	540.00	8.00	13.17	30.86	100049.95	1852	0	NiktaFahkri	
699	16:57:05	13/2/2023 	266154	121.00	7.00	7.18	30.86	100049.95	3826	0	NiktaFahkri	
700	16:57:06	13/2/2023 	267275	380.00	8.00	11.95	30.85	100049.87	49821	0	NiktaFahkri	
701	16:57:06	13/2/2023 	267303	76.00	7.00	6.06	30.85	100049.87	1848	0	NiktaFahkri	
702	16:57:07	13/2/2023 	268059	66.00	7.00	5.93	30.85	100050.20	49821	0	NiktaFahkri	
703	16:57:07	13/2/2023 	268247	105.00	7.00	6.72	30.85	100050.20	1850	0	NiktaFahkri	
704	16:57:07	13/2/2023 	268854	155.00	7.00	8.15	30.85	100050.20	49822	0	NiktaFahkri	
705	16:57:08	13/2/2023 	269667	537.00	8.00	13.15	30.85	100049.98	51802	0	NiktaFahkri	
706	16:57:08	13/2/2023 	269736	724.00	26.00	19.25	30.85	100049.98	2822	0	NiktaFahkri	
707	16:57:08	13/2/2023 	269868	872.00	106.00	31.02	30.85	100049.98	1850	0	NiktaFahkri	
708	16:57:09	13/2/2023 	270308	846.00	100.00	29.76	30.85	100050.16	1849	0	NiktaFahkri	
709	16:57:11	13/2/2023 	272288	160.00	7.00	8.29	30.85	100050.07	97795	0	NiktaFahkri	
710	16:57:11	13/2/2023 	272300	771.00	71.00	24.68	30.85	100050.07	1851	0	NiktaFahkri	
711	16:57:12	13/2/2023 	273752	587.00	8.00	13.69	30.85	100049.83	99913	0	NiktaFahkri	
712	16:57:12	13/2/2023 	273954	694.00	19.00	17.56	30.85	100049.83	1848	0	NiktaFahkri	
713	16:57:13	13/2/2023 	274074	888.00	118.00	33.42	30.85	100049.83	1850	1	NiktaFahkri	
714	16:57:13	13/2/2023 	274080	132.00	7.00	7.49	30.85	100049.83	1850	0	NiktaFahkri	
715	16:57:13	13/2/2023 	274455	128.00	7.00	7.38	30.85	100049.83	1849	0	NiktaFahkri	
716	16:57:13	13/2/2023 	274631	132.00	7.00	7.49	30.85	100049.99	49821	0	NiktaFahkri	
717	16:57:13	13/2/2023 	274841	540.00	8.00	13.17	30.85	100049.99	3828	0	NiktaFahkri	
718	16:57:14	13/2/2023 	275347	555.00	8.00	13.33	30.85	100049.99	1847	0	NiktaFahkri	
719	16:57:14	13/2/2023 	275403	683.00	16.00	16.72	30.85	100049.99	1849	0	NiktaFahkri	
720	16:57:14	13/2/2023 	275634	854.00	100.00	29.80	30.85	100050.16	49821	0	NiktaFahkri	
721	16:57:15	13/2/2023 	276423	908.00	131.00	35.97	30.84	100049.91	1850	0	NiktaFahkri	
722	16:57:15	13/2/2023 	276899	69.00	7.00	5.96	30.84	100050.08	51803	0	NiktaFahkri	
723	16:57:16	13/2/2023 	277011	97.00	7.00	6.51	30.84	100050.25	1849	0	NiktaFahkri	
724	16:57:16	13/2/2023 	277180	673.00	15.00	16.35	30.84	100050.25	1850	0	NiktaFahkri	
725	16:57:16	13/2/2023 	277198	570.00	8.00	13.49	30.84	100050.25	1850	0	NiktaFahkri	
726	16:57:16	13/2/2023 	277439	280.00	8.00	10.78	30.84	100050.41	1847	0	NiktaFahkri	
727	16:57:16	13/2/2023 	277461	765.00	49.00	22.25	30.84	100050.41	1848	0	NiktaFahkri	
728	16:57:16	13/2/2023 	277498	637.00	11.00	14.92	30.84	100050.41	3882	0	NiktaFahkri	
729	16:57:17	13/2/2023 	278145	83.00	7.00	6.19	30.84	100050.33	49822	0	NiktaFahkri	
730	16:57:17	13/2/2023 	278284	347.00	9.00	11.67	30.84	100050.33	1850	0	NiktaFahkri	
731	16:57:17	13/2/2023 	278849	143.00	7.00	7.81	30.84	100050.50	49822	0	NiktaFahkri	
732	16:57:17	13/2/2023 	278962	571.00	9.00	13.65	30.84	100050.50	1848	0	NiktaFahkri	
733	16:57:17	13/2/2023 	278984	913.00	134.00	36.54	30.84	100050.50	1849	1	NiktaFahkri	
734	16:57:18	13/2/2023 	279882	826.00	90.00	27.88	30.84	100050.42	51805	0	NiktaFahkri	
735	16:57:19	13/2/2023 	280615	324.00	7.00	11.32	30.84	100050.42	50796	0	NiktaFahkri	
736	16:57:19	13/2/2023 	280621	117.00	7.00	7.06	30.84	100050.42	1850	0	NiktaFahkri	
737	16:57:19	13/2/2023 	280861	216.00	7.00	9.63	30.84	100050.58	1848	0	NiktaFahkri	
738	16:57:20	13/2/2023 	281487	685.00	17.00	16.99	30.84	100050.42	1848	0	NiktaFahkri	
739	16:57:20	13/2/2023 	281770	97.00	7.00	6.51	30.84	100050.42	49821	0	NiktaFahkri	
740	16:57:20	13/2/2023 	281817	269.00	7.00	10.58	30.84	100050.20	3968	0	NiktaFahkri	
741	16:57:21	13/2/2023 	282018	730.00	32.00	20.19	30.84	100050.20	1849	0	NiktaFahkri	
742	16:57:21	13/2/2023 	282142	871.00	108.00	31.40	30.84	100050.20	1849	0	NiktaFahkri	
743	16:57:21	13/2/2023 	282185	645.00	11.00	15.02	30.84	100050.20	1849	0	NiktaFahkri	
744	16:57:21	13/2/2023 	282313	229.00	7.00	9.89	30.84	100050.20	1849	0	NiktaFahkri	
745	16:57:21	13/2/2023 	282688	139.00	7.00	7.70	30.84	100050.20	49823	0	NiktaFahkri	
746	16:57:22	13/2/2023 	283470	797.00	84.00	26.75	30.84	100050.53	3828	0	NiktaFahkri	
747	16:57:22	13/2/2023 	283604	970.00	346.00	65.15	30.84	100050.53	49824	1	NiktaFahkri	
748	16:57:22	13/2/2023 	283895	959.00	239.00	49.10	30.83	100050.12	1852	0	NiktaFahkri	
749	16:57:24	13/2/2023 	285084	726.00	29.00	19.74	30.83	100050.12	49829	0	NiktaFahkri	
750	16:57:24	13/2/2023 	285652	67.00	7.00	5.94	30.83	100050.28	49829	0	NiktaFahkri	
751	16:57:25	13/2/2023 	286453	904.00	124.00	34.65	30.83	100050.04	1850	0	NiktaFahkri	
752	16:57:25	13/2/2023 	286746	780.00	58.00	23.22	30.83	100050.04	51802	0	NiktaFahkri	
753	16:57:26	13/2/2023 	287610	274.00	7.00	10.66	30.83	100050.38	49822	0	NiktaFahkri	
754	16:57:26	13/2/2023 	287699	558.00	8.00	13.36	30.83	100050.38	1857	0	NiktaFahkri	
755	16:57:28	13/2/2023 	289462	225.00	7.00	9.81	30.83	100050.12	49827	0	NiktaFahkri	
756	16:57:29	13/2/2023 	290217	104.00	7.00	6.70	30.83	100050.12	49829	0	NiktaFahkri	
757	16:57:29	13/2/2023 	290350	696.00	19.00	17.58	30.83	100050.12	2830	0	NiktaFahkri	
758	16:57:29	13/2/2023 	290851	963.00	261.00	51.52	30.83	100049.95	51920	0	NiktaFahkri	
759	16:57:30	13/2/2023 	291268	425.00	7.00	12.24	30.83	100049.55	1850	0	NiktaFahkri	
760	16:57:30	13/2/2023 	291281	911.00	129.00	35.61	30.83	100049.55	1850	1	NiktaFahkri	
761	16:57:30	13/2/2023 	291871	617.00	9.00	14.23	30.83	100049.71	49823	0	NiktaFahkri	
762	16:57:31	13/2/2023 	292265	662.00	13.00	15.72	30.83	100049.71	1851	0	NiktaFahkri	
763	16:57:31	13/2/2023 	292433	125.00	6.00	7.29	30.83	100049.71	1850	0	NiktaFahkri	
764	16:57:31	13/2/2023 	292442	801.00	80.00	26.14	30.83	100049.71	5149	0	NiktaFahkri	
765	16:57:32	13/2/2023 	293144	467.00	8.00	12.60	30.83	100049.88	49824	0	NiktaFahkri	
766	16:57:32	13/2/2023 	293239	767.00	51.00	22.45	30.83	100049.88	1856	0	NiktaFahkri	
767	16:57:32	13/2/2023 	293263	926.00	144.00	38.30	30.83	100049.88	1857	0	NiktaFahkri	
768	16:57:32	13/2/2023 	293822	589.00	9.00	13.88	30.82	100049.63	49827	0	NiktaFahkri	
769	16:57:33	13/2/2023 	294417	453.00	8.00	12.50	30.82	100049.80	1848	0	NiktaFahkri	
770	16:57:33	13/2/2023 	294607	105.00	7.00	6.72	30.82	100049.80	51800	0	NiktaFahkri	
771	16:57:33	13/2/2023 	294620	577.00	8.00	13.57	30.82	100049.80	1849	0	NiktaFahkri	
772	16:57:33	13/2/2023 	294768	406.00	8.00	12.17	30.82	100049.80	1846	0	NiktaFahkri	
773	16:57:34	13/2/2023 	295063	957.00	250.00	50.25	30.82	100049.96	1848	1	NiktaFahkri	
774	16:57:34	13/2/2023 	295601	973.00	414.00	76.38	30.82	100049.96	49826	0	NiktaFahkri	
775	16:57:35	13/2/2023 	296146	944.00	173.00	42.52	30.82	100049.96	1850	0	NiktaFahkri	
776	16:57:35	13/2/2023 	296211	90.00	7.00	6.34	30.82	100049.96	3830	0	NiktaFahkri	
777	16:57:35	13/2/2023 	296416	516.00	8.00	12.96	30.82	100049.72	1849	0	NiktaFahkri	
778	16:57:35	13/2/2023 	296622	284.00	11.00	10.92	30.82	100049.72	49823	0	NiktaFahkri	
779	16:57:36	13/2/2023 	297668	70.00	7.00	5.98	30.82	100049.89	49824	0	NiktaFahkri	
780	16:57:36	13/2/2023 	297701	119.00	7.00	7.12	30.82	100049.89	1850	0	NiktaFahkri	
781	16:57:36	13/2/2023 	297830	594.00	9.00	13.95	30.82	100050.05	1849	0	NiktaFahkri	
782	16:57:38	13/2/2023 	298234	874.00	106.00	31.03	30.82	100050.05	3827	0	NiktaFahkri	
783	16:57:38	13/2/2023 	298400	245.00	7.00	10.18	30.82	100050.22	1851	0	NiktaFahkri	
784	16:57:38	13/2/2023 	298587	218.00	8.00	9.69	30.82	100050.22	49825	0	NiktaFahkri	
785	16:57:38	13/2/2023 	298793	988.00	714.00	128.72	30.82	100050.00	1848	0	NiktaFahkri	
786	16:57:38	13/2/2023 	299144	444.00	8.00	12.44	30.82	100050.00	1850	0	NiktaFahkri	
787	16:57:39	13/2/2023 	299455	909.00	131.00	35.98	30.82	100050.17	3827	0	NiktaFahkri	
788	16:57:39	13/2/2023 	299703	525.00	8.00	13.03	30.82	100050.17	49827	0	NiktaFahkri	
789	16:57:39	13/2/2023 	299740	897.00	120.00	33.85	30.82	100050.17	2600	0	NiktaFahkri	
790	16:57:39	13/2/2023 	300083	63.00	7.00	5.91	30.82	100050.17	1849	0	NiktaFahkri	
791	16:57:40	13/2/2023 	300463	550.00	8.00	13.28	30.82	100050.17	1849	0	NiktaFahkri	
792	16:57:40	13/2/2023 	300475	545.00	8.00	13.22	30.82	100050.17	1848	0	NiktaFahkri	
793	16:57:40	13/2/2023 	300706	974.00	381.00	71.31	30.82	100049.75	51943	1	NiktaFahkri	
794	16:57:40	13/2/2023 	300728	348.00	8.00	11.64	30.82	100049.75	1850	0	NiktaFahkri	
795	16:57:40	13/2/2023 	300805	792.00	81.00	26.25	30.82	100049.75	1847	0	NiktaFahkri	
796	16:57:40	13/2/2023 	300910	162.00	7.00	8.34	30.82	100049.75	1849	0	NiktaFahkri	
797	16:57:40	13/2/2023 	301136	956.00	193.00	44.74	30.82	100049.75	1849	1	NiktaFahkri	
798	16:57:40	13/2/2023 	301201	161.00	7.00	8.32	30.82	100049.92	1849	0	NiktaFahkri	
799	16:57:41	13/2/2023 	302169	769.00	72.00	24.80	30.82	100049.92	51802	0	NiktaFahkri	
800	16:57:42	13/2/2023 	302366	525.00	8.00	13.03	30.82	100049.92	1851	0	NiktaFahkri	
801	16:57:42	13/2/2023 	302800	288.00	7.00	10.86	30.81	100049.67	49824	0	NiktaFahkri	
802	16:57:42	13/2/2023 	303184	714.00	23.00	18.61	30.81	100049.67	1849	0	NiktaFahkri	
803	16:57:43	13/2/2023 	303286	92.00	7.00	6.39	30.81	100049.67	1849	0	NiktaFahkri	
804	16:57:43	13/2/2023 	303341	98.00	6.00	6.54	30.81	100049.67	1850	0	NiktaFahkri	
805	16:57:43	13/2/2023 	303399	112.00	7.00	6.92	30.81	100049.67	3827	0	NiktaFahkri	
806	16:57:43	13/2/2023 	303834	105.00	7.00	6.72	30.81	100050.01	49822	0	NiktaFahkri	
807	16:57:43	13/2/2023 	304096	702.00	22.00	18.28	30.81	100050.01	1850	0	NiktaFahkri	
808	16:57:44	13/2/2023 	304576	469.00	9.00	12.69	30.81	100049.77	49825	1	NiktaFahkri	
809	16:57:44	13/2/2023 	304734	703.00	22.00	18.29	30.81	100049.77	1851	0	NiktaFahkri	
810	16:57:44	13/2/2023 	304956	909.00	128.00	35.42	30.81	100049.77	1850	0	NiktaFahkri	
811	16:57:44	13/2/2023 	304975	204.00	7.00	9.38	30.81	100049.77	3826	0	NiktaFahkri	
812	16:57:44	13/2/2023 	305196	409.00	7.00	12.12	30.81	100049.92	1849	0	NiktaFahkri	
813	16:57:45	13/2/2023 	305347	584.00	8.00	13.65	30.81	100049.92	1849	0	NiktaFahkri	
814	16:57:45	13/2/2023 	305721	163.00	7.00	8.37	30.81	100050.09	49825	0	NiktaFahkri	
815	16:57:45	13/2/2023 	306101	374.00	8.00	11.90	30.81	100049.84	1850	0	NiktaFahkri	
816	16:57:46	13/2/2023 	306894	176.00	8.00	8.72	30.81	100050.18	49822	0	NiktaFahkri	
817	16:57:46	13/2/2023 	307005	144.00	7.00	7.84	30.81	100050.52	3827	0	NiktaFahkri	
818	16:57:46	13/2/2023 	307055	740.00	31.00	20.15	30.81	100050.52	1848	0	NiktaFahkri	
819	16:57:46	13/2/2023 	307086	146.00	7.00	7.90	30.81	100050.52	1849	0	NiktaFahkri	
820	16:57:47	13/2/2023 	307251	748.00	39.00	21.16	30.81	100050.52	1849	0	NiktaFahkri	
821	16:57:47	13/2/2023 	307592	948.00	158.00	40.51	30.81	100050.27	49825	0	NiktaFahkri	
822	16:57:47	13/2/2023 	307939	132.00	7.00	7.49	30.81	100050.27	1850	0	NiktaFahkri	
823	16:57:47	13/2/2023 	308060	964.00	294.00	56.10	30.81	100050.44	3828	0	NiktaFahkri	
824	16:57:48	13/2/2023 	308745	944.00	163.00	41.22	30.81	100050.60	49823	0	NiktaFahkri	
825	16:57:48	13/2/2023 	308998	175.00	7.00	8.69	30.81	100050.27	1851	0	NiktaFahkri	
826	16:57:48	13/2/2023 	309199	476.00	8.00	12.66	30.81	100050.27	1849	0	NiktaFahkri	
827	16:57:49	13/2/2023 	309626	96.00	8.00	6.49	30.80	100049.86	49823	0	NiktaFahkri	
828	16:57:49	13/2/2023 	310138	61.00	7.00	5.89	30.80	100049.86	2601	0	NiktaFahkri	
829	16:57:50	13/2/2023 	310290	545.00	8.00	13.22	30.80	100049.86	6960	0	NiktaFahkri	
830	16:57:50	13/2/2023 	310933	363.00	8.00	11.79	30.80	100049.86	49824	0	NiktaFahkri	
831	16:57:51	13/2/2023 	311935	101.00	7.00	6.62	30.80	100049.47	49821	0	NiktaFahkri	
832	16:57:51	13/2/2023 	312166	135.00	7.00	7.58	30.80	100049.47	1850	0	NiktaFahkri	
833	16:57:52	13/2/2023 	312404	748.00	37.00	20.95	30.80	100049.47	1849	0	NiktaFahkri	
834	16:57:52	13/2/2023 	312425	121.00	7.00	7.18	30.80	100049.47	1850	0	NiktaFahkri	
835	16:57:52	13/2/2023 	312637	905.00	129.00	35.59	30.80	100049.47	51803	0	NiktaFahkri	
836	16:57:53	13/2/2023 	313321	768.00	56.00	22.95	30.80	100049.05	1851	0	NiktaFahkri	
837	16:57:53	13/2/2023 	313384	667.00	13.00	15.77	30.80	100049.05	1851	0	NiktaFahkri	
838	16:57:53	13/2/2023 	313782	445.00	7.00	12.37	30.80	100049.05	49825	0	NiktaFahkri	
839	16:57:54	13/2/2023 	314833	76.00	7.00	6.06	30.80	100049.39	49824	0	NiktaFahkri	
840	16:57:54	13/2/2023 	314929	757.00	41.00	21.43	30.80	100049.39	1850	0	NiktaFahkri	
841	16:57:54	13/2/2023 	315177	379.00	7.00	11.88	30.80	100049.39	3828	0	NiktaFahkri	
842	16:57:55	13/2/2023 	315735	390.00	8.00	12.04	30.80	100048.98	49824	0	NiktaFahkri	
843	16:57:55	13/2/2023 	315862	554.00	8.00	13.32	30.80	100048.98	1849	0	NiktaFahkri	
844	16:57:56	13/2/2023 	316676	101.00	7.00	6.62	30.80	100048.98	49822	0	NiktaFahkri	
845	16:57:57	13/2/2023 	317269	166.00	7.00	8.45	30.79	100048.56	1850	0	NiktaFahkri	
846	16:57:57	13/2/2023 	317418	155.00	7.00	8.15	30.79	100048.56	1850	0	NiktaFahkri	
847	16:57:57	13/2/2023 	318144	946.00	162.00	41.08	30.79	100048.73	51804	0	NiktaFahkri	
848	16:57:58	13/2/2023 	318363	133.00	7.00	7.52	30.79	100048.89	1850	0	NiktaFahkri	
849	16:57:58	13/2/2023 	318455	100.00	7.00	6.59	30.79	100048.89	2456	0	NiktaFahkri	
850	16:57:58	13/2/2023 	318627	258.00	7.00	10.40	30.79	100048.89	49825	0	NiktaFahkri	
851	16:57:58	13/2/2023 	318748	850.00	99.00	29.59	30.79	100049.06	1849	1	NiktaFahkri	
852	16:57:59	13/2/2023 	319472	662.00	13.00	15.72	30.79	100048.98	1851	0	NiktaFahkri	
853	16:57:59	13/2/2023 	319669	77.00	7.00	6.08	30.79	100049.15	51805	0	NiktaFahkri	
854	16:57:59	13/2/2023 	319943	69.00	7.00	5.96	30.79	100049.15	2602	0	NiktaFahkri	
855	16:57:59	13/2/2023 	320017	166.00	7.00	8.45	30.79	100049.15	1848	0	NiktaFahkri	
856	16:58:00	13/2/2023 	320963	956.00	234.00	48.60	30.79	100049.48	49824	0	NiktaFahkri	
857	16:58:00	13/2/2023 	321042	296.00	7.00	10.97	30.79	100049.48	1851	0	NiktaFahkri	
858	16:58:01	13/2/2023 	321935	948.00	201.00	45.52	30.79	100049.23	49826	0	NiktaFahkri	
859	16:58:01	13/2/2023 	322131	963.00	247.00	49.93	30.79	100049.23	3971	0	NiktaFahkri	
860	16:58:02	13/2/2023 	322293	672.00	14.00	16.09	30.79	100049.23	1850	0	NiktaFahkri	
861	16:58:02	13/2/2023 	322949	933.00	148.00	38.97	30.79	100049.23	49827	1	NiktaFahkri	
862	16:58:02	13/2/2023 	323038	978.00	440.00	79.76	30.79	100049.56	1851	1	NiktaFahkri	
863	16:58:03	13/2/2023 	323378	99.00	8.00	6.57	30.79	100049.56	1850	0	NiktaFahkri	
864	16:58:03	13/2/2023 	323463	423.00	9.00	12.37	30.79	100049.56	1847	0	NiktaFahkri	
865	16:58:03	13/2/2023 	323618	567.00	8.00	13.46	30.78	100048.94	51805	0	NiktaFahkri	
866	16:58:04	13/2/2023 	325186	771.00	65.00	23.94	30.78	100049.27	49823	0	NiktaFahkri	
867	16:58:06	13/2/2023 	326414	438.00	8.00	12.40	30.78	100049.19	49825	0	NiktaFahkri	
868	16:58:07	13/2/2023 	327337	133.00	7.00	7.52	30.78	100049.19	49823	0	NiktaFahkri	
869	16:58:07	13/2/2023 	327410	60.00	7.00	5.89	30.78	100049.19	1850	0	NiktaFahkri	
870	16:58:07	13/2/2023 	327626	69.00	7.00	5.96	30.78	100049.19	51857	0	NiktaFahkri	
871	16:58:07	13/2/2023 	327636	651.00	12.00	15.34	30.78	100049.19	1850	0	NiktaFahkri	
872	16:58:07	13/2/2023 	327767	429.00	8.00	12.34	30.78	100049.19	1849	0	NiktaFahkri	
873	16:58:07	13/2/2023 	328016	923.00	145.00	38.47	30.78	100049.36	1847	0	NiktaFahkri	
874	16:58:07	13/2/2023 	328046	69.00	7.00	5.96	30.78	100049.36	1850	0	NiktaFahkri	
875	16:58:08	13/2/2023 	328657	209.00	7.00	9.48	30.78	100049.36	49825	0	NiktaFahkri	
876	16:58:08	13/2/2023 	328983	958.00	215.00	46.82	30.78	100048.94	3829	1	NiktaFahkri	
877	16:58:09	13/2/2023 	329292	874.00	108.00	31.42	30.78	100048.94	1849	1	NiktaFahkri	
878	16:58:09	13/2/2023 	329473	357.00	7.00	11.68	30.78	100049.28	1850	0	NiktaFahkri	
879	16:58:10	13/2/2023 	330299	67.00	7.00	5.94	30.78	100049.44	49828	0	NiktaFahkri	
880	16:58:10	13/2/2023 	330388	89.00	7.00	6.32	30.78	100049.44	2603	0	NiktaFahkri	
881	16:58:10	13/2/2023 	330559	604.00	9.00	14.07	30.78	100049.44	49826	0	NiktaFahkri	
882	16:58:10	13/2/2023 	330827	610.00	9.00	14.15	30.78	100049.20	3968	0	NiktaFahkri	
883	16:58:10	13/2/2023 	331057	552.00	8.00	13.30	30.78	100049.20	1849	0	NiktaFahkri	
884	16:58:11	13/2/2023 	331415	247.00	7.00	10.22	30.78	100049.20	1847	0	NiktaFahkri	
885	16:58:11	13/2/2023 	331473	581.00	8.00	13.62	30.78	100049.20	1850	0	NiktaFahkri	
886	16:58:11	13/2/2023 	331598	619.00	9.00	14.25	30.78	100049.20	49823	0	NiktaFahkri	
887	16:58:11	13/2/2023 	331956	141.00	7.00	7.76	30.78	100049.20	1849	0	NiktaFahkri	
888	16:58:12	13/2/2023 	332989	576.00	8.00	13.56	30.78	100049.36	51804	0	NiktaFahkri	
889	16:58:12	13/2/2023 	333056	748.00	39.00	21.16	30.78	100049.36	1848	0	NiktaFahkri	
890	16:58:12	13/2/2023 	333202	64.00	7.00	5.91	30.78	100049.36	1850	0	NiktaFahkri	
891	16:58:13	13/2/2023 	333316	792.00	78.00	25.80	30.78	100049.36	1849	0	NiktaFahkri	
892	16:58:13	13/2/2023 	333937	942.00	157.00	40.36	30.77	100048.95	49827	0	NiktaFahkri	
893	16:58:13	13/2/2023 	334018	175.00	7.00	8.69	30.77	100048.95	1850	0	NiktaFahkri	
894	16:58:14	13/2/2023 	334430	71.00	7.00	5.99	30.77	100049.12	3827	0	NiktaFahkri	
895	16:58:14	13/2/2023 	334567	99.00	7.00	6.57	30.77	100049.12	49826	0	NiktaFahkri	
896	16:58:14	13/2/2023 	334580	126.00	7.00	7.32	30.77	100049.12	1848	0	NiktaFahkri	
897	16:58:14	13/2/2023 	334663	590.00	9.00	13.90	30.77	100049.12	1849	0	NiktaFahkri	
898	16:58:14	13/2/2023 	334675	646.00	11.00	15.03	30.77	100049.12	1849	0	NiktaFahkri	
899	16:58:14	13/2/2023 	334926	695.00	19.00	17.57	30.77	100049.12	1848	1	NiktaFahkri	
900	16:58:15	13/2/2023 	336088	943.00	175.00	42.76	30.77	100049.03	51804	1	NiktaFahkri	
901	16:58:16	13/2/2023 	336459	146.00	7.00	7.90	30.77	100049.20	1851	0	NiktaFahkri	
902	16:58:16	13/2/2023 	336563	348.00	7.00	11.59	30.77	100049.20	49826	0	NiktaFahkri	
903	16:58:16	13/2/2023 	336953	552.00	8.00	13.30	30.77	100049.20	1849	0	NiktaFahkri	
904	16:58:16	13/2/2023 	337012	149.00	7.00	7.98	30.77	100049.20	1847	0	NiktaFahkri	
905	16:58:18	13/2/2023 	338704	233.00	7.00	9.97	30.77	100048.95	97800	0	NiktaFahkri	
906	16:58:18	13/2/2023 	338730	741.00	32.00	20.29	30.77	100048.95	3830	0	NiktaFahkri	
907	16:58:18	13/2/2023 	338878	978.00	551.00	94.68	30.77	100048.95	1848	0	NiktaFahkri	
908	16:58:18	13/2/2023 	338931	955.00	193.00	44.74	30.77	100048.95	1849	0	NiktaFahkri	
909	16:58:18	13/2/2023 	338948	766.00	59.00	23.24	30.77	100048.95	1851	0	NiktaFahkri	
910	16:58:19	13/2/2023 	339621	121.00	7.00	7.18	30.77	100048.54	49825	0	NiktaFahkri	
911	16:58:19	13/2/2023 	339631	185.00	7.00	8.94	30.77	100048.54	2603	0	NiktaFahkri	
912	16:58:19	13/2/2023 	340045	956.00	218.00	47.10	30.77	100048.54	3968	0	NiktaFahkri	
913	16:58:19	13/2/2023 	340086	414.00	7.00	12.16	30.77	100048.54	1849	0	NiktaFahkri	
914	16:58:19	13/2/2023 	340167	89.00	7.00	6.32	30.77	100048.54	1849	0	NiktaFahkri	
915	16:58:20	13/2/2023 	341070	605.00	9.00	14.09	30.76	100048.46	49825	0	NiktaFahkri	
916	16:58:22	13/2/2023 	342571	320.00	7.00	11.28	30.76	100048.46	97800	0	NiktaFahkri	
917	16:58:22	13/2/2023 	342777	365.00	8.00	11.81	30.76	100048.46	1850	0	NiktaFahkri	
918	16:58:22	13/2/2023 	343076	614.00	9.00	14.20	30.76	100048.46	3826	0	NiktaFahkri	
919	16:58:22	13/2/2023 	343186	876.00	108.00	31.43	30.76	100048.46	1849	0	NiktaFahkri	
920	16:58:23	13/2/2023 	343902	143.00	9.00	7.82	30.76	100047.88	49827	0	NiktaFahkri	
921	16:58:23	13/2/2023 	343985	776.00	66.00	24.09	30.76	100047.88	1857	0	NiktaFahkri	
922	16:58:24	13/2/2023 	344313	900.00	122.00	34.25	30.76	100047.88	1857	0	NiktaFahkri	
923	16:58:24	13/2/2023 	344614	66.00	7.00	5.93	30.76	100048.22	49831	0	NiktaFahkri	
924	16:58:24	13/2/2023 	344792	220.00	7.00	9.71	30.76	100048.22	3828	0	NiktaFahkri	
925	16:58:24	13/2/2023 	344809	960.00	255.00	50.81	30.76	100048.22	1849	0	NiktaFahkri	
926	16:58:25	13/2/2023 	345297	441.00	8.00	12.42	30.76	100048.22	1850	0	NiktaFahkri	
927	16:58:25	13/2/2023 	345397	96.00	7.00	6.49	30.76	100048.38	1850	0	NiktaFahkri	
928	16:58:25	13/2/2023 	345551	115.00	7.00	7.00	30.76	100048.38	49832	0	NiktaFahkri	
929	16:58:25	13/2/2023 	345761	947.00	153.00	39.76	30.76	100048.38	1857	1	NiktaFahkri	
930	16:58:26	13/2/2023 	346269	568.00	8.00	13.47	30.76	100048.55	3834	0	NiktaFahkri	
931	16:58:26	13/2/2023 	347119	972.00	357.00	67.14	30.76	100048.13	49825	0	NiktaFahkri	
932	16:58:27	13/2/2023 	347549	948.00	192.00	44.64	30.76	100048.13	49825	0	NiktaFahkri	
933	16:58:27	13/2/2023 	348060	440.00	8.00	12.41	30.76	100047.88	1850	0	NiktaFahkri	
934	16:58:27	13/2/2023 	348081	946.00	157.00	40.36	30.76	100047.88	1848	0	NiktaFahkri	
935	16:58:27	13/2/2023 	348170	86.00	7.00	6.26	30.76	100047.88	1849	0	NiktaFahkri	
936	16:58:27	13/2/2023 	348190	119.00	7.00	7.12	30.76	100047.88	3828	0	NiktaFahkri	
937	16:58:28	13/2/2023 	348251	636.00	10.00	14.67	30.76	100048.05	1850	0	NiktaFahkri	
938	16:58:28	13/2/2023 	348410	524.00	8.00	13.03	30.76	100048.05	1850	0	NiktaFahkri	
939	16:58:28	13/2/2023 	348782	85.00	7.00	6.23	30.76	100048.05	49823	0	NiktaFahkri	
940	16:58:28	13/2/2023 	348990	398.00	8.00	12.10	30.76	100048.05	1849	0	NiktaFahkri	
941	16:58:30	13/2/2023 	350456	373.00	8.00	11.89	30.75	100047.84	49823	0	NiktaFahkri	
942	16:58:30	13/2/2023 	350684	952.00	186.00	44.01	30.75	100048.00	52818	0	NiktaFahkri	
943	16:58:30	13/2/2023 	351075	235.00	7.00	10.00	30.75	100048.00	1850	0	NiktaFahkri	
944	16:58:30	13/2/2023 	351122	680.00	16.00	16.69	30.75	100048.00	1849	0	NiktaFahkri	
945	16:58:31	13/2/2023 	351440	421.00	8.00	12.28	30.75	100047.84	1848	0	NiktaFahkri	
946	16:58:31	13/2/2023 	351792	290.00	7.00	10.89	30.75	100047.42	49824	0	NiktaFahkri	
947	16:58:31	13/2/2023 	352112	190.00	7.00	9.06	30.75	100047.42	1849	0	NiktaFahkri	
948	16:58:32	13/2/2023 	352575	303.00	7.00	11.06	30.75	100047.59	51804	0	NiktaFahkri	
949	16:58:32	13/2/2023 	352723	61.00	5.00	5.89	30.75	100047.59	1850	0	NiktaFahkri	
950	16:58:33	13/2/2023 	353350	633.00	10.00	14.64	30.75	100047.59	1849	0	NiktaFahkri	
951	16:58:33	13/2/2023 	353856	292.00	7.00	10.92	30.75	100047.34	49827	0	NiktaFahkri	
952	16:58:34	13/2/2023 	354276	771.00	69.00	24.43	30.75	100047.51	1849	0	NiktaFahkri	
953	16:58:34	13/2/2023 	354708	774.00	64.00	23.85	30.75	100047.84	51806	0	NiktaFahkri	
954	16:58:34	13/2/2023 	354815	940.00	152.00	39.60	30.75	100047.84	1847	0	NiktaFahkri	
955	16:58:34	13/2/2023 	354863	636.00	11.00	14.91	30.75	100047.84	1850	0	NiktaFahkri	
956	16:58:34	13/2/2023 	354917	860.00	101.00	30.01	30.75	100047.84	1849	0	NiktaFahkri	
957	16:58:34	13/2/2023 	355153	427.00	7.00	12.25	30.75	100047.84	1850	0	NiktaFahkri	
958	16:58:35	13/2/2023 	355606	65.00	7.00	5.92	30.75	100048.01	49826	0	NiktaFahkri	
959	16:58:35	13/2/2023 	355921	102.00	7.00	6.64	30.75	100048.01	3830	0	NiktaFahkri	
960	16:58:35	13/2/2023 	356150	63.00	7.00	5.91	30.75	100047.59	1849	0	NiktaFahkri	
961	16:58:36	13/2/2023 	356340	121.00	8.00	7.18	30.75	100047.59	1849	0	NiktaFahkri	
962	16:58:36	13/2/2023 	356720	719.00	25.00	19.03	30.75	100047.77	49825	0	NiktaFahkri	
963	16:58:37	13/2/2023 	357786	77.00	7.00	6.08	30.75	100048.09	49825	0	NiktaFahkri	
964	16:58:38	13/2/2023 	358755	507.00	8.00	12.88	30.74	100048.02	49827	0	NiktaFahkri	
965	16:58:39	13/2/2023 	359776	261.00	7.00	10.45	30.74	100048.18	51803	0	NiktaFahkri	
966	16:58:40	13/2/2023 	361077	443.00	8.00	12.43	30.74	100048.10	50801	0	NiktaFahkri	
967	16:58:40	13/2/2023 	361113	89.00	7.00	6.32	30.74	100048.10	1849	0	NiktaFahkri	
968	16:58:41	13/2/2023 	361652	910.00	136.00	36.89	30.74	100048.27	49822	1	NiktaFahkri	
969	16:58:42	13/2/2023 	362897	729.00	33.00	20.31	30.74	100048.19	49827	0	NiktaFahkri	
970	16:58:42	13/2/2023 	363141	703.00	20.00	17.88	30.74	100048.19	1851	0	NiktaFahkri	
971	16:58:43	13/2/2023 	363960	965.00	345.00	64.97	30.74	100047.97	51942	0	NiktaFahkri	
972	16:58:43	13/2/2023 	364075	470.00	8.00	12.62	30.74	100047.97	1852	0	NiktaFahkri	
973	16:58:44	13/2/2023 	364371	164.00	7.00	8.40	30.74	100047.97	1847	0	NiktaFahkri	
974	16:58:44	13/2/2023 	364448	170.00	7.00	8.56	30.74	100047.97	1850	0	NiktaFahkri	
975	16:58:44	13/2/2023 	364855	678.00	15.00	16.41	30.74	100048.14	49822	0	NiktaFahkri	
976	16:58:44	13/2/2023 	365188	132.00	8.00	7.50	30.74	100048.14	1850	0	NiktaFahkri	
977	16:58:45	13/2/2023 	365666	696.00	18.00	17.35	30.74	100048.14	51800	0	NiktaFahkri	
978	16:58:45	13/2/2023 	365990	77.00	7.00	6.08	30.74	100048.30	1851	0	NiktaFahkri	
979	16:58:46	13/2/2023 	366394	694.00	19.00	17.56	30.73	100047.89	1849	0	NiktaFahkri	
980	16:58:46	13/2/2023 	366495	985.00	764.00	136.22	30.73	100047.89	1851	0	NiktaFahkri	
981	16:58:47	13/2/2023 	367317	636.00	11.00	14.91	30.73	100048.05	49826	0	NiktaFahkri	
982	16:58:47	13/2/2023 	367443	70.00	7.00	5.98	30.73	100048.05	1850	0	NiktaFahkri	
983	16:58:47	13/2/2023 	367775	264.00	7.00	10.50	30.73	100048.22	51856	0	NiktaFahkri	
984	16:58:47	13/2/2023 	367895	179.00	7.00	8.79	30.73	100048.22	1849	0	NiktaFahkri	
985	16:58:47	13/2/2023 	368009	532.00	8.00	13.10	30.73	100048.22	1849	0	NiktaFahkri	
986	16:58:47	13/2/2023 	368199	716.00	25.00	19.00	30.73	100047.98	1847	1	NiktaFahkri	
987	16:58:48	13/2/2023 	368350	950.00	204.00	45.81	30.73	100047.98	1849	0	NiktaFahkri	
988	16:58:48	13/2/2023 	368802	258.00	8.00	10.43	30.73	100048.14	49827	0	NiktaFahkri	
989	16:58:48	13/2/2023 	368874	534.00	8.00	13.12	30.73	100048.14	3826	0	NiktaFahkri	
990	16:58:49	13/2/2023 	369982	764.00	65.00	23.89	30.73	100048.81	49823	0	NiktaFahkri	
991	16:58:50	13/2/2023 	370457	579.00	9.00	13.75	30.73	100048.56	2828	0	NiktaFahkri	
992	16:58:50	13/2/2023 	370486	706.00	21.00	18.13	30.73	100048.56	1850	0	NiktaFahkri	
993	16:58:50	13/2/2023 	370624	904.00	125.00	34.84	30.73	100048.73	49825	0	NiktaFahkri	
994	16:58:50	13/2/2023 	370721	169.00	7.00	8.53	30.73	100048.73	1850	0	NiktaFahkri	
995	16:58:50	13/2/2023 	370771	781.00	64.00	23.89	30.73	100048.73	3968	0	NiktaFahkri	
996	16:58:50	13/2/2023 	370938	101.00	7.00	6.62	30.73	100048.73	1847	0	NiktaFahkri	
997	16:58:50	13/2/2023 	371106	513.00	8.00	12.93	30.73	100048.89	1848	0	NiktaFahkri	
998	16:58:51	13/2/2023 	371262	553.00	8.00	13.31	30.73	100048.89	1848	0	NiktaFahkri	
999	16:58:51	13/2/2023 	371862	92.00	7.00	6.39	30.73	100048.89	49822	0	NiktaFahkri	
1000	16:58:51	13/2/2023 	371979	974.00	378.00	70.81	30.73	100048.89	1850	0	NiktaFahkri	
1001	16:58:52	13/2/2023 	372322	105.00	7.00	6.72	30.73	100048.81	3829	0	NiktaFahkri	
1002	16:58:52	13/2/2023 	372607	73.00	7.00	6.02	30.73	100048.98	49823	0	NiktaFahkri	
1003	16:58:52	13/2/2023 	372722	580.00	8.00	13.61	30.73	100048.98	1850	0	NiktaFahkri	
1004	16:58:52	13/2/2023 	372864	83.00	7.00	6.19	30.73	100048.98	1847	0	NiktaFahkri	
1005	16:58:52	13/2/2023 	373127	255.00	7.00	10.36	30.73	100049.15	1848	0	NiktaFahkri	
1006	16:58:53	13/2/2023 	373353	117.00	7.00	7.06	30.73	100049.15	1849	0	NiktaFahkri	
1007	16:58:53	13/2/2023 	373870	109.00	7.00	6.83	30.73	100049.31	51802	0	NiktaFahkri	
1008	16:58:53	13/2/2023 	374126	782.00	75.00	25.30	30.72	100048.73	1849	0	NiktaFahkri	
1009	16:58:54	13/2/2023 	374337	105.00	7.00	6.72	30.72	100048.73	1850	0	NiktaFahkri	
1010	16:58:54	13/2/2023 	374439	766.00	54.00	22.73	30.72	100048.73	1850	0	NiktaFahkri	
1011	16:58:55	13/2/2023 	375900	751.00	40.00	21.29	30.72	100049.06	97800	0	NiktaFahkri	
1012	16:58:55	13/2/2023 	375964	615.00	9.00	14.21	30.72	100049.02	1850	0	NiktaFahkri	
1013	16:58:55	13/2/2023 	375986	865.00	106.00	30.98	30.72	100049.02	3828	0	NiktaFahkri	
1014	16:58:56	13/2/2023 	376723	887.00	116.00	33.03	30.72	100049.02	49825	0	NiktaFahkri	
1015	16:58:56	13/2/2023 	376754	59.00	7.00	5.89	30.72	100049.02	1851	0	NiktaFahkri	
1016	16:58:57	13/2/2023 	377495	155.00	7.00	8.15	30.72	100048.61	1849	0	NiktaFahkri	
1017	16:58:57	13/2/2023 	377883	987.00	763.00	136.01	30.72	100048.61	49825	0	NiktaFahkri	
1018	16:58:58	13/2/2023 	378561	178.00	7.00	8.76	30.72	100048.77	51805	0	NiktaFahkri	
1019	16:58:58	13/2/2023 	378578	199.00	7.00	9.26	30.72	100048.77	1851	0	NiktaFahkri	
1020	16:58:58	13/2/2023 	378756	773.00	49.00	22.29	30.72	100048.77	1849	0	NiktaFahkri	
1021	16:58:58	13/2/2023 	378767	744.00	38.00	21.02	30.72	100048.77	1849	0	NiktaFahkri	
1022	16:58:58	13/2/2023 	378821	604.00	9.00	14.07	30.72	100048.52	1850	0	NiktaFahkri	
1023	16:58:59	13/2/2023 	379306	586.00	8.00	13.67	30.72	100048.52	1849	0	NiktaFahkri	
