###################################################################################################
### CosmicWatch: The Desktop Muon Detector
### Device ID: NiktaFahkri
### Launch time: 16:48:01 13/2/2023
### Questions? Email Spencer N. Axani (saxani@mit.edu)
### Event Time Date TimeStamp[ms] ADC1 ADC2 SiPM[mV] Temp[C] Pressure[Pa] DeadTime[us] Coincident ID
###################################################################################################
1	16:48:02	13/2/2023 	252	830.00	94.00	28.60	30.76	100055.22	47973	0	NiktaFahkri	
2	16:48:02	13/2/2023 	623	447.00	8.00	12.46	30.76	100055.22	53914	0	NiktaFahkri	
3	16:48:02	13/2/2023 	633	875.00	104.00	30.65	30.76	100055.22	1847	0	NiktaFahkri	
4	16:48:02	13/2/2023 	711	121.00	7.00	7.18	30.76	100055.22	1849	0	NiktaFahkri	
5	16:48:02	13/2/2023 	721	733.00	33.00	20.35	30.76	100055.22	1850	0	NiktaFahkri	
6	16:48:02	13/2/2023 	933	204.00	6.00	9.36	30.76	100055.22	1849	0	NiktaFahkri	
7	16:48:03	13/2/2023 	1361	771.00	61.00	23.49	30.76	100055.22	1849	0	NiktaFahkri	
8	16:48:03	13/2/2023 	1613	289.00	7.00	10.87	30.76	100055.22	51801	0	NiktaFahkri	
9	16:48:03	13/2/2023 	1622	625.00	9.00	14.32	30.76	100055.22	1849	0	NiktaFahkri	
10	16:48:05	13/2/2023 	3262	100.00	7.00	6.59	30.76	100055.47	49819	0	NiktaFahkri	
11	16:48:05	13/2/2023 	3371	895.00	118.00	33.46	30.76	100055.47	1850	0	NiktaFahkri	
12	16:48:05	13/2/2023 	3431	588.00	8.00	13.70	30.76	100055.47	1849	0	NiktaFahkri	
13	16:48:06	13/2/2023 	4260	615.00	9.00	14.21	30.76	100055.47	49818	0	NiktaFahkri	
14	16:48:06	13/2/2023 	4308	582.00	8.00	13.63	30.76	100055.47	3830	0	NiktaFahkri	
15	16:48:07	13/2/2023 	5164	313.00	7.00	11.19	30.76	100055.47	49817	0	NiktaFahkri	
16	16:48:07	13/2/2023 	5400	632.00	10.00	14.63	30.76	100055.47	1851	0	NiktaFahkri	
17	16:48:07	13/2/2023 	5807	676.00	17.00	16.87	30.76	100055.47	49820	0	NiktaFahkri	
18	16:48:08	13/2/2023 	6491	898.00	123.00	34.43	30.76	100055.47	1850	1	NiktaFahkri	
19	16:48:08	13/2/2023 	6783	673.00	14.00	16.10	30.76	100055.88	49824	0	NiktaFahkri	
20	16:48:08	13/2/2023 	6903	157.00	7.00	8.21	30.76	100055.88	3839	0	NiktaFahkri	
21	16:48:09	13/2/2023 	7093	63.00	6.00	5.91	30.76	100055.88	1856	0	NiktaFahkri	
22	16:48:09	13/2/2023 	7150	646.00	11.00	15.03	30.76	100055.88	1857	0	NiktaFahkri	
23	16:48:09	13/2/2023 	7304	792.00	82.00	26.40	30.76	100055.88	1857	1	NiktaFahkri	
24	16:48:09	13/2/2023 	7728	78.00	7.00	6.10	30.76	100055.88	49828	0	NiktaFahkri	
25	16:48:10	13/2/2023 	8104	758.00	46.00	21.92	30.76	100055.88	1855	0	NiktaFahkri	
26	16:48:10	13/2/2023 	8157	932.00	147.00	38.80	30.76	100055.88	1858	0	NiktaFahkri	
27	16:48:10	13/2/2023 	8441	903.00	123.00	34.45	30.76	100055.88	3892	0	NiktaFahkri	
28	16:48:10	13/2/2023 	8572	294.00	7.00	10.94	30.76	100055.88	49825	0	NiktaFahkri	
29	16:48:10	13/2/2023 	8591	970.00	306.00	58.05	30.76	100055.88	1857	0	NiktaFahkri	
30	16:48:10	13/2/2023 	8674	654.00	12.00	15.37	30.76	100055.88	1857	0	NiktaFahkri	
31	16:48:10	13/2/2023 	8688	705.00	20.00	17.90	30.76	100055.88	1856	0	NiktaFahkri	
32	16:48:12	13/2/2023 	10063	87.00	7.00	6.28	30.76	100056.05	49827	0	NiktaFahkri	
33	16:48:12	13/2/2023 	10602	471.00	8.00	12.62	30.76	100055.88	52747	0	NiktaFahkri	
34	16:48:12	13/2/2023 	10950	748.00	39.00	21.16	30.76	100056.05	1853	0	NiktaFahkri	
35	16:48:13	13/2/2023 	11181	714.00	25.00	18.98	30.76	100056.05	1849	0	NiktaFahkri	
36	16:48:13	13/2/2023 	11427	776.00	57.00	23.10	30.76	100056.05	1851	0	NiktaFahkri	
37	16:48:13	13/2/2023 	11729	737.00	35.00	20.63	30.76	100056.05	49818	0	NiktaFahkri	
38	16:48:13	13/2/2023 	11948	261.00	7.00	10.45	30.76	100056.05	1851	0	NiktaFahkri	
39	16:48:14	13/2/2023 	12265	368.00	7.00	11.78	30.76	100055.88	3831	0	NiktaFahkri	
40	16:48:14	13/2/2023 	12330	549.00	8.00	13.26	30.76	100055.88	1858	0	NiktaFahkri	
41	16:48:14	13/2/2023 	12487	756.00	40.00	21.32	30.76	100055.88	1855	0	NiktaFahkri	
42	16:48:14	13/2/2023 	12811	82.00	7.00	6.17	30.76	100056.30	49823	0	NiktaFahkri	
43	16:48:15	13/2/2023 	13234	696.00	20.00	17.80	30.76	100056.30	1849	0	NiktaFahkri	
44	16:48:16	13/2/2023 	14754	630.00	12.00	15.04	30.76	100056.46	97785	0	NiktaFahkri	
45	16:48:17	13/2/2023 	15333	325.00	7.00	11.34	30.76	100056.46	3832	0	NiktaFahkri	
46	16:48:17	13/2/2023 	15935	695.00	20.00	17.79	30.76	100056.62	49824	0	NiktaFahkri	
47	16:48:18	13/2/2023 	16219	139.00	7.00	7.70	30.76	100056.62	1856	0	NiktaFahkri	
48	16:48:18	13/2/2023 	16607	703.00	22.00	18.29	30.76	100056.62	49829	0	NiktaFahkri	
49	16:48:18	13/2/2023 	16834	614.00	9.00	14.20	30.76	100056.46	1855	0	NiktaFahkri	
50	16:48:18	13/2/2023 	16936	171.00	7.00	8.58	30.76	100056.46	1849	0	NiktaFahkri	
51	16:48:20	13/2/2023 	18001	637.00	10.00	14.68	30.76	100056.46	51801	0	NiktaFahkri	
52	16:48:20	13/2/2023 	18601	74.00	7.00	6.03	30.76	100056.46	49822	0	NiktaFahkri	
53	16:48:21	13/2/2023 	19297	436.00	8.00	12.39	30.76	100056.46	1850	0	NiktaFahkri	
54	16:48:23	13/2/2023 	21266	744.00	38.00	21.02	30.77	100056.88	97794	1	NiktaFahkri	
55	16:48:24	13/2/2023 	22009	64.00	7.00	5.91	30.77	100056.88	50584	0	NiktaFahkri	
56	16:48:25	13/2/2023 	23114	130.00	7.00	7.44	30.77	100056.88	49828	0	NiktaFahkri	
57	16:48:25	13/2/2023 	23148	722.00	29.00	19.70	30.77	100056.88	4033	0	NiktaFahkri	
58	16:48:25	13/2/2023 	23448	94.00	7.00	6.44	30.77	100056.88	1857	0	NiktaFahkri	
59	16:48:26	13/2/2023 	24106	92.00	7.00	6.39	30.77	100056.55	49826	0	NiktaFahkri	
60	16:48:26	13/2/2023 	24222	76.00	7.00	6.06	30.77	100056.55	1849	0	NiktaFahkri	
61	16:48:26	13/2/2023 	24771	186.00	8.00	8.97	30.77	100056.71	49821	0	NiktaFahkri	
62	16:48:27	13/2/2023 	25038	957.00	252.00	50.47	30.77	100056.71	1849	0	NiktaFahkri	
63	16:48:27	13/2/2023 	25058	969.00	353.00	66.42	30.77	100056.71	3831	1	NiktaFahkri	
64	16:48:27	13/2/2023 	25448	585.00	9.00	13.83	30.77	100056.71	1851	0	NiktaFahkri	
65	16:48:27	13/2/2023 	25718	59.00	7.00	5.89	30.77	100056.88	49823	0	NiktaFahkri	
66	16:48:27	13/2/2023 	25909	725.00	28.00	19.59	30.77	100056.88	1857	0	NiktaFahkri	
67	16:48:28	13/2/2023 	26007	263.00	7.00	10.49	30.77	100056.88	1857	0	NiktaFahkri	
68	16:48:28	13/2/2023 	26228	513.00	8.00	12.93	30.77	100056.88	1858	0	NiktaFahkri	
69	16:48:28	13/2/2023 	26898	961.00	237.00	48.90	30.77	100056.88	51807	0	NiktaFahkri	
70	16:48:29	13/2/2023 	27039	145.00	7.00	7.87	30.77	100056.88	1857	0	NiktaFahkri	
71	16:48:29	13/2/2023 	27105	955.00	233.00	48.51	30.77	100057.30	1855	1	NiktaFahkri	
72	16:48:29	13/2/2023 	27339	857.00	104.00	30.56	30.77	100057.30	1850	0	NiktaFahkri	
73	16:48:29	13/2/2023 	27462	121.00	7.00	7.18	30.77	100057.30	1850	0	NiktaFahkri	
74	16:48:29	13/2/2023 	27575	488.00	8.00	12.74	30.77	100057.30	49820	0	NiktaFahkri	
75	16:48:30	13/2/2023 	28178	101.00	7.00	6.62	30.77	100057.12	3830	0	NiktaFahkri	
76	16:48:30	13/2/2023 	28353	142.00	7.00	7.78	30.77	100057.12	1856	0	NiktaFahkri	
77	16:48:30	13/2/2023 	28358	972.00	360.00	67.68	30.77	100057.12	1857	0	NiktaFahkri	
78	16:48:30	13/2/2023 	28382	959.00	244.00	49.61	30.77	100057.12	1858	0	NiktaFahkri	
79	16:48:30	13/2/2023 	28745	164.00	7.00	8.40	30.77	100056.95	49826	0	NiktaFahkri	
80	16:48:31	13/2/2023 	29272	634.00	10.00	14.65	30.77	100056.95	1849	0	NiktaFahkri	
81	16:48:32	13/2/2023 	30469	905.00	130.00	35.78	30.77	100056.80	51804	0	NiktaFahkri	
82	16:48:32	13/2/2023 	30549	126.00	7.00	7.32	30.77	100056.80	50576	0	NiktaFahkri	
83	16:48:33	13/2/2023 	31221	128.00	7.00	7.38	30.77	100056.95	1850	0	NiktaFahkri	
84	16:48:33	13/2/2023 	31606	109.00	7.00	6.83	30.77	100056.95	49821	0	NiktaFahkri	
85	16:48:33	13/2/2023 	31654	692.00	18.00	17.31	30.77	100056.95	1849	0	NiktaFahkri	
86	16:48:34	13/2/2023 	32034	329.00	7.00	11.38	30.77	100057.12	1851	0	NiktaFahkri	
87	16:48:34	13/2/2023 	32077	918.00	134.00	36.55	30.77	100057.12	3979	1	NiktaFahkri	
88	16:48:34	13/2/2023 	32406	65.00	7.00	5.92	30.77	100057.12	1858	0	NiktaFahkri	
89	16:48:34	13/2/2023 	32793	695.00	19.00	17.57	30.77	100056.80	49826	0	NiktaFahkri	
90	16:48:35	13/2/2023 	32999	525.00	8.00	13.03	30.77	100056.80	1849	0	NiktaFahkri	
91	16:48:35	13/2/2023 	33125	961.00	228.00	48.03	30.77	100056.80	1848	0	NiktaFahkri	
92	16:48:36	13/2/2023 	34570	617.00	9.00	14.23	30.77	100056.62	97795	0	NiktaFahkri	
93	16:48:36	13/2/2023 	34783	73.00	7.00	6.02	30.77	100056.62	3837	0	NiktaFahkri	
94	16:48:37	13/2/2023 	35668	968.00	393.00	73.25	30.77	100056.62	49825	0	NiktaFahkri	
95	16:48:38	13/2/2023 	36343	957.00	265.00	52.01	30.77	100056.45	1857	1	NiktaFahkri	
96	16:48:39	13/2/2023 	37244	762.00	62.00	23.53	30.77	100056.45	49824	0	NiktaFahkri	
97	16:48:40	13/2/2023 	38583	606.00	9.00	14.10	30.77	100056.88	97794	0	NiktaFahkri	
98	16:48:40	13/2/2023 	38872	944.00	157.00	40.36	30.77	100056.88	1859	1	NiktaFahkri	
99	16:48:40	13/2/2023 	38993	133.00	7.00	7.52	30.77	100056.88	3891	0	NiktaFahkri	
100	16:48:40	13/2/2023 	38997	262.00	7.00	10.47	30.77	100056.88	1857	0	NiktaFahkri	
101	16:48:41	13/2/2023 	39083	132.00	7.00	7.49	30.77	100056.88	1856	0	NiktaFahkri	
102	16:48:41	13/2/2023 	39130	909.00	128.00	35.42	30.77	100056.88	1859	0	NiktaFahkri	
103	16:48:41	13/2/2023 	39207	885.00	113.00	32.44	30.77	100056.88	1856	0	NiktaFahkri	
104	16:48:41	13/2/2023 	39617	629.00	10.00	14.59	30.77	100056.70	49827	0	NiktaFahkri	
105	16:48:42	13/2/2023 	40082	539.00	8.00	13.16	30.77	100056.54	4752	0	NiktaFahkri	
106	16:48:42	13/2/2023 	40105	138.00	7.00	7.67	30.77	100056.54	1848	0	NiktaFahkri	
107	16:48:42	13/2/2023 	40351	721.00	26.00	19.22	30.77	100056.54	1849	0	NiktaFahkri	
108	16:48:42	13/2/2023 	40480	150.00	7.00	8.01	30.77	100056.37	1850	0	NiktaFahkri	
109	16:48:43	13/2/2023 	41862	771.00	63.00	23.71	30.77	100056.20	97791	0	NiktaFahkri	
110	16:48:43	13/2/2023 	41926	973.00	427.00	78.12	30.77	100056.20	1851	1	NiktaFahkri	
111	16:48:44	13/2/2023 	42492	726.00	30.00	19.89	30.77	100056.20	3830	0	NiktaFahkri	
112	16:48:44	13/2/2023 	42737	780.00	72.00	24.88	30.77	100056.20	49824	0	NiktaFahkri	
113	16:48:44	13/2/2023 	42753	77.00	7.00	6.08	30.77	100056.20	1850	0	NiktaFahkri	
114	16:48:44	13/2/2023 	42871	80.00	7.00	6.13	30.77	100056.20	1849	0	NiktaFahkri	
115	16:48:45	13/2/2023 	43626	888.00	117.00	33.23	30.77	100056.04	49821	0	NiktaFahkri	
116	16:48:45	13/2/2023 	43918	470.00	8.00	12.62	30.77	100056.04	1851	0	NiktaFahkri	
117	16:48:46	13/2/2023 	44213	560.00	8.00	13.38	30.77	100056.04	3828	1	NiktaFahkri	
118	16:48:47	13/2/2023 	45609	659.00	13.00	15.68	30.77	100056.04	97795	0	NiktaFahkri	
119	16:48:48	13/2/2023 	46716	627.00	10.00	14.57	30.77	100056.28	49824	0	NiktaFahkri	
120	16:48:49	13/2/2023 	47100	962.00	318.00	60.11	30.77	100056.12	1850	0	NiktaFahkri	
121	16:48:49	13/2/2023 	47448	539.00	8.00	13.16	30.77	100056.12	1852	0	NiktaFahkri	
122	16:48:49	13/2/2023 	47720	71.00	7.00	5.99	30.77	100055.95	49821	0	NiktaFahkri	
123	16:48:50	13/2/2023 	48089	416.00	8.00	12.24	30.77	100055.95	3830	0	NiktaFahkri	
124	16:48:51	13/2/2023 	49038	914.00	140.00	37.60	30.77	100055.78	49823	0	NiktaFahkri	
125	16:48:51	13/2/2023 	49098	173.00	7.00	8.63	30.77	100055.78	1851	0	NiktaFahkri	
126	16:48:51	13/2/2023 	49745	133.00	7.00	7.52	30.78	100056.20	49825	0	NiktaFahkri	
127	16:48:52	13/2/2023 	50314	627.00	10.00	14.57	30.78	100056.20	2602	0	NiktaFahkri	
128	16:48:52	13/2/2023 	50325	883.00	115.00	32.82	30.78	100056.20	1851	0	NiktaFahkri	
129	16:48:52	13/2/2023 	50990	127.00	7.00	7.35	30.78	100056.20	52000	0	NiktaFahkri	
130	16:48:53	13/2/2023 	51031	681.00	16.00	16.70	30.78	100056.20	1850	0	NiktaFahkri	
131	16:48:55	13/2/2023 	53468	651.00	12.00	15.34	30.78	100056.44	97798	0	NiktaFahkri	
132	16:48:55	13/2/2023 	53883	978.00	419.00	77.06	30.78	100056.11	49826	0	NiktaFahkri	
133	16:48:56	13/2/2023 	54433	292.00	8.00	10.95	30.79	100056.35	1850	0	NiktaFahkri	
134	16:48:56	13/2/2023 	54653	233.00	8.00	9.98	30.79	100056.35	49821	0	NiktaFahkri	
135	16:48:56	13/2/2023 	54988	561.00	9.00	13.53	30.79	100056.41	3828	0	NiktaFahkri	
136	16:48:57	13/2/2023 	55309	957.00	239.00	49.10	30.79	100056.48	1850	0	NiktaFahkri	
137	16:48:57	13/2/2023 	55931	776.00	56.00	22.99	30.79	100056.40	49827	0	NiktaFahkri	
138	16:48:58	13/2/2023 	56492	885.00	115.00	32.83	30.80	100056.48	1850	0	NiktaFahkri	
139	16:48:58	13/2/2023 	56594	73.00	7.00	6.02	30.80	100056.48	49826	0	NiktaFahkri	
140	16:48:59	13/2/2023 	57223	823.00	86.00	27.19	30.80	100056.39	1849	0	NiktaFahkri	
141	16:49:00	13/2/2023 	58179	895.00	122.00	34.23	30.80	100056.52	51805	0	NiktaFahkri	
142	16:49:02	13/2/2023 	60308	776.00	56.00	22.99	30.82	100056.92	97798	0	NiktaFahkri	
143	16:49:02	13/2/2023 	60352	932.00	145.00	38.48	30.82	100056.92	2604	0	NiktaFahkri	
144	16:49:02	13/2/2023 	60662	950.00	193.00	44.74	30.82	100056.84	49824	0	NiktaFahkri	
145	16:49:02	13/2/2023 	60812	122.00	7.00	7.20	30.82	100056.84	1850	0	NiktaFahkri	
146	16:49:03	13/2/2023 	61689	121.00	7.00	7.18	30.83	100056.88	49823	0	NiktaFahkri	
147	16:49:03	13/2/2023 	61842	945.00	154.00	39.91	30.83	100056.88	3979	0	NiktaFahkri	
148	16:49:04	13/2/2023 	62010	961.00	272.00	52.91	30.83	100057.21	1856	0	NiktaFahkri	
149	16:49:04	13/2/2023 	62066	78.00	7.00	6.10	30.83	100057.21	1851	0	NiktaFahkri	
150	16:49:04	13/2/2023 	62575	503.00	8.00	12.85	30.83	100056.95	49822	0	NiktaFahkri	
151	16:49:04	13/2/2023 	62821	118.00	7.00	7.09	30.83	100056.95	1848	0	NiktaFahkri	
152	16:49:04	13/2/2023 	62978	184.00	7.00	8.91	30.83	100056.30	1849	0	NiktaFahkri	
153	16:49:05	13/2/2023 	63147	73.00	6.00	6.02	30.84	100057.09	3830	0	NiktaFahkri	
154	16:49:05	13/2/2023 	63319	770.00	67.00	24.17	30.84	100057.09	1851	0	NiktaFahkri	
155	16:49:05	13/2/2023 	63357	169.00	7.00	8.53	30.84	100057.09	1849	0	NiktaFahkri	
156	16:49:05	13/2/2023 	63400	546.00	8.00	13.23	30.84	100057.09	1850	0	NiktaFahkri	
157	16:49:05	13/2/2023 	63709	769.00	57.00	23.05	30.84	100056.83	49821	0	NiktaFahkri	
158	16:49:05	13/2/2023 	63904	268.00	7.00	10.56	30.84	100056.83	1850	0	NiktaFahkri	
159	16:49:06	13/2/2023 	64454	227.00	7.00	9.85	30.85	100057.16	3830	0	NiktaFahkri	
160	16:49:06	13/2/2023 	64457	459.00	8.00	12.54	30.85	100057.16	1851	0	NiktaFahkri	
161	16:49:06	13/2/2023 	64572	147.00	7.00	7.93	30.85	100057.33	49820	0	NiktaFahkri	
162	16:49:06	13/2/2023 	64613	426.00	8.00	12.32	30.85	100057.33	1849	0	NiktaFahkri	
163	16:49:06	13/2/2023 	64647	760.00	52.00	22.50	30.85	100057.33	1848	0	NiktaFahkri	
164	16:49:06	13/2/2023 	64823	85.00	7.00	6.23	30.85	100057.33	1849	0	NiktaFahkri	
165	16:49:07	13/2/2023 	65109	690.00	18.00	17.28	30.85	100056.88	3831	0	NiktaFahkri	
166	16:49:07	13/2/2023 	65357	84.00	7.00	6.21	30.85	100056.88	1859	0	NiktaFahkri	
167	16:49:07	13/2/2023 	65592	298.00	7.00	11.00	30.86	100056.86	49826	0	NiktaFahkri	
168	16:49:07	13/2/2023 	65793	72.00	7.00	6.00	30.86	100056.86	1849	0	NiktaFahkri	
169	16:49:07	13/2/2023 	65842	162.00	7.00	8.34	30.86	100056.86	1849	0	NiktaFahkri	
170	16:49:08	13/2/2023 	66203	293.00	8.00	10.96	30.87	100057.03	1850	0	NiktaFahkri	
171	16:49:08	13/2/2023 	66307	972.00	408.00	75.53	30.87	100057.03	3884	0	NiktaFahkri	
172	16:49:08	13/2/2023 	66448	328.00	8.00	11.41	30.87	100057.03	1850	0	NiktaFahkri	
173	16:49:08	13/2/2023 	66879	94.00	7.00	6.44	30.87	100057.19	49822	0	NiktaFahkri	
174	16:49:09	13/2/2023 	67040	940.00	152.00	39.60	30.87	100057.19	1849	0	NiktaFahkri	
175	16:49:09	13/2/2023 	67059	82.00	7.00	6.17	30.87	100057.19	1851	0	NiktaFahkri	
176	16:49:09	13/2/2023 	67203	760.00	48.00	22.12	30.88	100057.16	1850	0	NiktaFahkri	
177	16:49:09	13/2/2023 	67263	909.00	127.00	35.23	30.88	100057.16	3830	0	NiktaFahkri	
178	16:49:09	13/2/2023 	67415	586.00	8.00	13.67	30.88	100057.16	1850	0	NiktaFahkri	
179	16:49:09	13/2/2023 	67595	448.00	8.00	12.47	30.88	100057.16	49822	0	NiktaFahkri	
180	16:49:09	13/2/2023 	67823	675.00	15.00	16.38	30.88	100057.31	1848	0	NiktaFahkri	
181	16:49:10	13/2/2023 	68135	465.00	8.00	12.58	30.88	100057.06	1849	0	NiktaFahkri	
182	16:49:10	13/2/2023 	68835	966.00	301.00	57.22	30.89	100057.19	49823	0	NiktaFahkri	
183	16:49:10	13/2/2023 	68915	70.00	7.00	5.98	30.89	100057.19	3831	0	NiktaFahkri	
184	16:49:11	13/2/2023 	69221	108.00	7.00	6.81	30.89	100057.19	1848	0	NiktaFahkri	
185	16:49:11	13/2/2023 	69279	475.00	8.00	12.65	30.89	100057.19	1850	0	NiktaFahkri	
186	16:49:11	13/2/2023 	69316	282.00	7.00	10.77	30.89	100057.19	1848	0	NiktaFahkri	
187	16:49:11	13/2/2023 	69567	668.00	13.00	15.78	30.89	100057.19	49824	0	NiktaFahkri	
188	16:49:11	13/2/2023 	69912	704.00	21.00	18.10	30.90	100057.34	2602	0	NiktaFahkri	
189	16:49:12	13/2/2023 	70897	907.00	130.00	35.79	30.91	100057.47	51943	0	NiktaFahkri	
190	16:49:12	13/2/2023 	70946	61.00	7.00	5.89	30.91	100057.47	1852	0	NiktaFahkri	
191	16:49:13	13/2/2023 	71716	248.00	7.00	10.24	30.92	100057.38	49824	0	NiktaFahkri	
192	16:49:13	13/2/2023 	71938	69.00	7.00	5.96	30.92	100057.38	1858	0	NiktaFahkri	
193	16:49:14	13/2/2023 	71999	598.00	9.00	14.00	30.92	100057.38	1856	0	NiktaFahkri	
194	16:49:14	13/2/2023 	72588	396.00	8.00	12.09	30.92	100057.50	49829	0	NiktaFahkri	
195	16:49:15	13/2/2023 	73111	306.00	7.00	11.10	30.93	100057.67	3828	0	NiktaFahkri	
196	16:49:15	13/2/2023 	73725	67.00	7.00	5.94	30.93	100057.25	49823	0	NiktaFahkri	
197	16:49:15	13/2/2023 	73750	120.00	8.00	7.15	30.93	100057.25	1849	0	NiktaFahkri	
198	16:49:16	13/2/2023 	74352	78.00	8.00	6.10	30.94	100057.70	1846	0	NiktaFahkri	
199	16:49:16	13/2/2023 	74997	85.00	7.00	6.23	30.94	100057.45	49821	0	NiktaFahkri	
200	16:49:17	13/2/2023 	75075	670.00	14.00	16.07	30.94	100057.45	1850	0	NiktaFahkri	
201	16:49:17	13/2/2023 	75874	126.00	7.00	7.32	30.95	100057.19	51804	0	NiktaFahkri	
202	16:49:18	13/2/2023 	76031	424.00	8.00	12.30	30.95	100057.19	1849	0	NiktaFahkri	
203	16:49:18	13/2/2023 	76569	175.00	6.00	8.68	30.95	100057.48	49821	0	NiktaFahkri	
204	16:49:18	13/2/2023 	76606	82.00	7.00	6.17	30.95	100057.48	1848	0	NiktaFahkri	
205	16:49:18	13/2/2023 	76989	79.00	7.00	6.12	30.96	100057.41	1850	0	NiktaFahkri	
206	16:49:19	13/2/2023 	77174	949.00	213.00	46.64	30.96	100057.41	1850	0	NiktaFahkri	
207	16:49:19	13/2/2023 	77757	957.00	243.00	49.50	30.96	100057.73	51803	0	NiktaFahkri	
208	16:49:20	13/2/2023 	78257	178.00	7.00	8.76	30.96	100057.64	1850	0	NiktaFahkri	
209	16:49:20	13/2/2023 	78992	810.00	85.00	26.97	30.97	100057.52	49822	0	NiktaFahkri	
210	16:49:21	13/2/2023 	79207	145.00	7.00	7.87	30.97	100057.52	1850	0	NiktaFahkri	
211	16:49:21	13/2/2023 	79583	149.00	8.00	7.99	30.97	100057.44	49822	0	NiktaFahkri	
212	16:49:21	13/2/2023 	79818	151.00	7.00	8.04	30.97	100057.44	2821	0	NiktaFahkri	
213	16:49:21	13/2/2023 	79845	974.00	333.00	62.79	30.97	100057.44	3969	0	NiktaFahkri	
214	16:49:22	13/2/2023 	80356	154.00	7.00	8.12	30.98	100057.34	1849	0	NiktaFahkri	
215	16:49:22	13/2/2023 	80367	596.00	9.00	13.97	30.98	100057.34	1850	0	NiktaFahkri	
216	16:49:22	13/2/2023 	80870	963.00	259.00	51.28	30.98	100057.67	49822	0	NiktaFahkri	
217	16:49:22	13/2/2023 	80951	961.00	266.00	52.14	30.98	100057.75	1851	0	NiktaFahkri	
218	16:49:23	13/2/2023 	81211	338.00	8.00	11.53	30.98	100057.75	1850	0	NiktaFahkri	
219	16:49:24	13/2/2023 	82161	118.00	7.00	7.09	30.99	100057.38	51803	0	NiktaFahkri	
220	16:49:24	13/2/2023 	82192	972.00	402.00	74.63	30.99	100057.38	1858	0	NiktaFahkri	
221	16:49:24	13/2/2023 	82485	629.00	10.00	14.59	30.99	100057.46	1855	0	NiktaFahkri	
222	16:49:24	13/2/2023 	82624	474.00	8.00	12.64	30.99	100057.46	49822	0	NiktaFahkri	
223	16:49:25	13/2/2023 	83777	463.00	8.00	12.57	31.00	100057.70	49818	0	NiktaFahkri	
224	16:49:26	13/2/2023 	84022	208.00	7.00	9.46	31.00	100057.95	1848	0	NiktaFahkri	
225	16:49:26	13/2/2023 	84428	960.00	256.00	50.93	31.00	100057.95	3832	0	NiktaFahkri	
226	16:49:26	13/2/2023 	84868	766.00	62.00	23.56	31.00	100057.83	49821	0	NiktaFahkri	
227	16:49:26	13/2/2023 	84917	765.00	49.00	22.25	31.00	100057.83	1851	0	NiktaFahkri	
228	16:49:27	13/2/2023 	85411	141.00	7.00	7.76	31.01	100057.75	1849	0	NiktaFahkri	
229	16:49:27	13/2/2023 	85976	776.00	73.00	24.99	31.01	100057.99	49824	0	NiktaFahkri	
230	16:49:28	13/2/2023 	86186	116.00	8.00	7.03	31.01	100057.49	1849	0	NiktaFahkri	
231	16:49:28	13/2/2023 	86916	131.00	7.00	7.47	31.01	100057.58	51803	0	NiktaFahkri	
232	16:49:29	13/2/2023 	87439	207.00	7.00	9.44	31.01	100057.66	1849	0	NiktaFahkri	
233	16:49:29	13/2/2023 	87500	80.00	7.00	6.13	31.01	100057.66	1850	0	NiktaFahkri	
234	16:49:30	13/2/2023 	88077	147.00	7.00	7.93	31.02	100057.73	49840	0	NiktaFahkri	
235	16:49:30	13/2/2023 	88592	964.00	285.00	54.73	31.02	100057.78	49823	0	NiktaFahkri	
236	16:49:30	13/2/2023 	88812	372.00	8.00	11.88	31.02	100057.45	1851	0	NiktaFahkri	
237	16:49:31	13/2/2023 	89000	624.00	9.00	14.31	31.02	100057.45	3829	0	NiktaFahkri	
238	16:49:31	13/2/2023 	89045	610.00	9.00	14.15	31.02	100057.45	1850	0	NiktaFahkri	
239	16:49:31	13/2/2023 	89298	360.00	7.00	11.71	31.02	100057.53	1850	0	NiktaFahkri	
240	16:49:31	13/2/2023 	89738	561.00	8.00	13.39	31.02	100057.61	49824	0	NiktaFahkri	
241	16:49:32	13/2/2023 	90742	98.00	7.00	6.54	31.03	100057.69	50794	0	NiktaFahkri	
242	16:49:33	13/2/2023 	91857	181.00	7.00	8.84	31.03	100057.61	49821	0	NiktaFahkri	
243	16:49:34	13/2/2023 	92610	645.00	12.00	15.26	31.03	100057.69	51996	0	NiktaFahkri	
244	16:49:35	13/2/2023 	93248	285.00	8.00	10.85	31.03	100057.77	1850	0	NiktaFahkri	
245	16:49:35	13/2/2023 	93302	666.00	14.00	16.02	31.03	100057.77	1850	0	NiktaFahkri	
246	16:49:35	13/2/2023 	93867	618.00	9.00	14.24	31.03	100057.77	49820	0	NiktaFahkri	
247	16:49:36	13/2/2023 	94164	757.00	47.00	22.01	31.03	100057.77	1848	0	NiktaFahkri	
248	16:49:37	13/2/2023 	95045	230.00	7.00	9.91	31.04	100057.98	49823	0	NiktaFahkri	
249	16:49:37	13/2/2023 	95204	994.00	924.00	194.54	31.04	100057.98	3832	0	NiktaFahkri	
250	16:49:37	13/2/2023 	95220	452.00	8.00	12.50	31.04	100057.98	1849	0	NiktaFahkri	
251	16:49:37	13/2/2023 	95437	303.00	9.00	11.13	31.04	100058.23	1847	0	NiktaFahkri	
252	16:49:37	13/2/2023 	95467	953.00	172.00	42.40	31.04	100058.23	1849	0	NiktaFahkri	
253	16:49:38	13/2/2023 	96154	952.00	239.00	49.10	31.04	100058.23	49822	0	NiktaFahkri	
254	16:49:38	13/2/2023 	96164	855.00	97.00	29.25	31.04	100058.23	1851	0	NiktaFahkri	
255	16:49:39	13/2/2023 	97332	65.00	7.00	5.92	31.04	100058.31	51802	0	NiktaFahkri	
256	16:49:39	13/2/2023 	97365	531.00	8.00	13.09	31.04	100058.72	1851	0	NiktaFahkri	
257	16:49:39	13/2/2023 	97624	130.00	7.00	7.44	31.04	100058.72	49819	0	NiktaFahkri	
258	16:49:40	13/2/2023 	98102	86.00	7.00	6.26	31.04	100058.39	1849	0	NiktaFahkri	
259	16:49:40	13/2/2023 	98171	571.00	8.00	13.50	31.04	100058.39	1849	0	NiktaFahkri	
260	16:49:40	13/2/2023 	98465	688.00	17.00	17.02	31.04	100058.22	1848	0	NiktaFahkri	
261	16:49:40	13/2/2023 	98622	743.00	33.00	20.44	31.04	100058.22	51802	0	NiktaFahkri	
262	16:49:40	13/2/2023 	98740	955.00	223.00	47.56	31.04	100058.22	1850	0	NiktaFahkri	
263	16:49:40	13/2/2023 	98886	767.00	56.00	22.94	31.04	100058.22	1849	0	NiktaFahkri	
264	16:49:40	13/2/2023 	98901	953.00	200.00	45.43	31.05	100058.47	1850	0	NiktaFahkri	
265	16:49:41	13/2/2023 	99558	206.00	7.00	9.42	31.05	100058.13	49824	0	NiktaFahkri	
266	16:49:42	13/2/2023 	100191	700.00	21.00	18.06	31.05	100057.97	2825	0	NiktaFahkri	
267	16:49:42	13/2/2023 	100471	60.00	7.00	5.89	31.05	100058.22	3972	0	NiktaFahkri	
268	16:49:42	13/2/2023 	100790	597.00	9.00	13.99	31.05	100058.22	49822	0	NiktaFahkri	
269	16:49:42	13/2/2023 	100981	948.00	163.00	41.22	31.05	100058.22	1850	0	NiktaFahkri	
270	16:49:44	13/2/2023 	102205	374.00	8.00	11.90	31.05	100058.09	49822	0	NiktaFahkri	
271	16:49:44	13/2/2023 	102611	291.00	8.00	10.93	31.05	100057.94	49823	0	NiktaFahkri	
272	16:49:44	13/2/2023 	102834	911.00	130.00	35.80	31.05	100057.94	1848	0	NiktaFahkri	
273	16:49:45	13/2/2023 	103064	165.00	7.00	8.42	31.05	100057.59	3830	0	NiktaFahkri	
274	16:49:45	13/2/2023 	103164	346.00	8.00	11.62	31.05	100057.59	1852	0	NiktaFahkri	
275	16:49:45	13/2/2023 	103600	340.00	7.00	11.50	31.05	100058.02	49820	0	NiktaFahkri	
276	16:49:46	13/2/2023 	104905	100.00	7.00	6.59	31.05	100057.52	49820	0	NiktaFahkri	
277	16:49:46	13/2/2023 	104914	566.00	8.00	13.45	31.05	100057.52	1850	0	NiktaFahkri	
278	16:49:47	13/2/2023 	105398	907.00	131.00	35.97	31.05	100057.52	1848	0	NiktaFahkri	
279	16:49:47	13/2/2023 	105448	377.00	8.00	11.92	31.05	100057.52	3832	0	NiktaFahkri	
280	16:49:47	13/2/2023 	105899	485.00	8.00	12.72	31.06	100057.92	49820	0	NiktaFahkri	
281	16:49:47	13/2/2023 	105906	352.00	8.00	11.68	31.06	100057.92	1849	0	NiktaFahkri	
282	16:49:48	13/2/2023 	106274	742.00	38.00	21.00	31.06	100057.76	1848	0	NiktaFahkri	
283	16:49:48	13/2/2023 	106390	643.00	11.00	15.00	31.06	100057.76	1850	0	NiktaFahkri	
284	16:49:48	13/2/2023 	106436	160.00	7.00	8.29	31.06	100057.76	1850	0	NiktaFahkri	
285	16:49:49	13/2/2023 	107069	724.00	32.00	20.13	31.06	100057.76	51859	0	NiktaFahkri	
286	16:49:49	13/2/2023 	107111	610.00	11.00	14.53	31.06	100057.59	1850	0	NiktaFahkri	
287	16:49:49	13/2/2023 	107850	683.00	16.00	16.72	31.06	100057.42	49824	0	NiktaFahkri	
288	16:49:49	13/2/2023 	107886	915.00	133.00	36.36	31.06	100057.42	1849	0	NiktaFahkri	
289	16:49:49	13/2/2023 	107927	766.00	49.00	22.25	31.06	100057.42	1850	0	NiktaFahkri	
290	16:49:50	13/2/2023 	108733	57.00	7.00	5.88	31.06	100057.50	49823	0	NiktaFahkri	
291	16:49:51	13/2/2023 	109212	580.00	8.00	13.61	31.06	100057.67	3830	0	NiktaFahkri	
292	16:49:52	13/2/2023 	110795	60.00	7.00	5.89	31.06	100057.92	97800	0	NiktaFahkri	
293	16:49:54	13/2/2023 	112036	958.00	276.00	53.45	31.06	100057.75	50799	0	NiktaFahkri	
294	16:49:54	13/2/2023 	112256	895.00	118.00	33.46	31.06	100058.00	1852	0	NiktaFahkri	
295	16:49:54	13/2/2023 	112326	780.00	71.00	24.75	31.06	100058.00	1850	0	NiktaFahkri	
296	16:49:54	13/2/2023 	112933	969.00	320.00	60.46	31.06	100058.00	49822	0	NiktaFahkri	
297	16:49:55	13/2/2023 	113058	838.00	96.00	28.99	31.06	100058.00	3972	0	NiktaFahkri	
298	16:49:55	13/2/2023 	113141	689.00	17.00	17.03	31.06	100058.00	1850	0	NiktaFahkri	
299	16:49:55	13/2/2023 	113338	174.00	7.00	8.66	31.06	100057.83	1850	0	NiktaFahkri	
300	16:49:55	13/2/2023 	113641	179.00	7.00	8.79	31.06	100057.83	49824	0	NiktaFahkri	
301	16:49:55	13/2/2023 	113708	746.00	37.00	20.93	31.06	100057.83	1850	0	NiktaFahkri	
302	16:49:55	13/2/2023 	113748	97.00	7.00	6.51	31.06	100057.83	1850	0	NiktaFahkri	
303	16:49:56	13/2/2023 	114185	826.00	94.00	28.58	31.06	100057.83	3830	0	NiktaFahkri	
304	16:49:56	13/2/2023 	114834	549.00	8.00	13.26	31.06	100057.67	49824	0	NiktaFahkri	
305	16:49:56	13/2/2023 	114980	972.00	379.00	70.98	31.06	100057.67	1849	0	NiktaFahkri	
306	16:49:57	13/2/2023 	115340	945.00	190.00	44.43	31.06	100057.67	1850	0	NiktaFahkri	
307	16:49:57	13/2/2023 	115591	154.00	7.00	8.12	31.06	100057.67	49828	0	NiktaFahkri	
308	16:49:57	13/2/2023 	115778	768.00	55.00	22.85	31.06	100057.67	3830	0	NiktaFahkri	
309	16:49:58	13/2/2023 	116173	618.00	9.00	14.24	31.06	100057.67	1849	0	NiktaFahkri	
310	16:49:58	13/2/2023 	116318	663.00	12.00	15.47	31.06	100057.67	1850	0	NiktaFahkri	
311	16:49:58	13/2/2023 	116405	218.00	8.00	9.69	31.06	100057.67	1848	0	NiktaFahkri	
312	16:49:58	13/2/2023 	116912	400.00	7.00	12.05	31.06	100057.67	49823	0	NiktaFahkri	
313	16:49:58	13/2/2023 	116972	575.00	8.00	13.55	31.06	100057.67	1850	0	NiktaFahkri	
314	16:49:59	13/2/2023 	117464	958.00	267.00	52.26	31.07	100057.91	3827	0	NiktaFahkri	
315	16:49:59	13/2/2023 	117979	451.00	8.00	12.49	31.07	100057.91	49827	0	NiktaFahkri	
316	16:50:01	13/2/2023 	119075	634.00	10.00	14.65	31.07	100057.91	49824	0	NiktaFahkri	
317	16:50:01	13/2/2023 	119096	417.00	8.00	12.25	31.07	100057.91	1850	0	NiktaFahkri	
318	16:50:02	13/2/2023 	120187	177.00	7.00	8.74	31.07	100057.75	49823	0	NiktaFahkri	
319	16:50:02	13/2/2023 	120244	792.00	80.00	26.09	31.07	100057.75	2825	0	NiktaFahkri	
320	16:50:02	13/2/2023 	120705	764.00	47.00	22.05	31.07	100057.75	51946	0	NiktaFahkri	
321	16:50:03	13/2/2023 	121394	429.00	8.00	12.34	31.07	100057.91	1850	0	NiktaFahkri	
322	16:50:03	13/2/2023 	121789	606.00	9.00	14.10	31.07	100057.91	49822	0	NiktaFahkri	
323	16:50:04	13/2/2023 	122370	766.00	57.00	23.03	31.07	100057.75	1850	0	NiktaFahkri	
324	16:50:04	13/2/2023 	122389	988.00	679.00	122.55	31.07	100057.75	1851	0	NiktaFahkri	
325	16:50:04	13/2/2023 	122696	776.00	61.00	23.52	31.07	100057.75	49825	0	NiktaFahkri	
326	16:50:05	13/2/2023 	123404	174.00	7.00	8.66	31.07	100057.91	3830	0	NiktaFahkri	
327	16:50:05	13/2/2023 	123721	521.00	8.00	13.00	31.07	100057.91	49827	0	NiktaFahkri	
328	16:50:05	13/2/2023 	123948	708.00	24.00	18.73	31.07	100057.91	1849	0	NiktaFahkri	
329	16:50:06	13/2/2023 	124269	303.00	7.00	11.06	31.07	100057.75	1850	0	NiktaFahkri	
330	16:50:06	13/2/2023 	124664	783.00	77.00	25.59	31.07	100057.91	49827	0	NiktaFahkri	
331	16:50:07	13/2/2023 	125805	940.00	158.00	40.51	31.07	100057.75	49824	0	NiktaFahkri	
332	16:50:07	13/2/2023 	125863	665.00	13.00	15.75	31.07	100057.75	3833	0	NiktaFahkri	
333	16:50:08	13/2/2023 	126045	78.00	7.00	6.10	31.07	100057.75	1849	0	NiktaFahkri	
334	16:50:08	13/2/2023 	126604	771.00	69.00	24.43	31.07	100057.75	49827	0	NiktaFahkri	
335	16:50:08	13/2/2023 	126615	461.00	8.00	12.56	31.07	100057.75	1850	0	NiktaFahkri	
336	16:50:09	13/2/2023 	127001	957.00	236.00	48.80	31.07	100057.75	1848	0	NiktaFahkri	
337	16:50:09	13/2/2023 	127194	618.00	9.00	14.24	31.07	100057.75	1851	0	NiktaFahkri	
338	16:50:10	13/2/2023 	128243	637.00	10.00	14.68	31.07	100057.75	51805	0	NiktaFahkri	
339	16:50:10	13/2/2023 	128287	569.00	8.00	13.48	31.07	100057.75	1851	0	NiktaFahkri	
340	16:50:10	13/2/2023 	128346	146.00	7.00	7.90	31.07	100057.75	1847	0	NiktaFahkri	
341	16:50:10	13/2/2023 	128376	941.00	151.00	39.45	31.07	100057.75	1850	0	NiktaFahkri	
342	16:50:10	13/2/2023 	128644	453.00	8.00	12.50	31.07	100057.75	49826	0	NiktaFahkri	
343	16:50:10	13/2/2023 	128690	96.00	7.00	6.49	31.07	100057.75	1847	0	NiktaFahkri	
344	16:50:11	13/2/2023 	129251	763.00	45.00	21.86	31.07	100057.91	3828	0	NiktaFahkri	
345	16:50:11	13/2/2023 	129773	253.00	7.00	10.32	31.07	100057.75	49829	0	NiktaFahkri	
346	16:50:11	13/2/2023 	129914	275.00	7.00	10.67	31.07	100057.75	2825	0	NiktaFahkri	
347	16:50:11	13/2/2023 	129926	970.00	374.00	70.13	31.07	100057.75	1850	0	NiktaFahkri	
348	16:50:12	13/2/2023 	130033	69.00	7.00	5.96	31.07	100057.75	1849	0	NiktaFahkri	
349	16:50:13	13/2/2023 	131564	98.00	7.00	6.54	31.07	100057.75	97797	0	NiktaFahkri	
350	16:50:13	13/2/2023 	131931	232.00	7.00	9.95	31.07	100057.58	3971	0	NiktaFahkri	
351	16:50:13	13/2/2023 	131981	604.00	8.00	13.88	31.07	100057.58	1849	0	NiktaFahkri	
352	16:50:14	13/2/2023 	132780	300.00	7.00	11.02	31.07	100057.58	49823	0	NiktaFahkri	
353	16:50:14	13/2/2023 	132804	162.00	7.00	8.34	31.07	100057.58	1851	0	NiktaFahkri	
354	16:50:15	13/2/2023 	133311	156.00	7.00	8.18	31.07	100057.41	1849	0	NiktaFahkri	
355	16:50:15	13/2/2023 	133762	108.00	7.00	6.81	31.07	100057.41	49825	0	NiktaFahkri	
356	16:50:16	13/2/2023 	134106	125.00	7.00	7.29	31.07	100057.41	3884	0	NiktaFahkri	
357	16:50:16	13/2/2023 	134198	768.00	61.00	23.47	31.07	100057.41	1852	0	NiktaFahkri	
358	16:50:17	13/2/2023 	135007	95.00	7.00	6.46	31.07	100057.41	49824	0	NiktaFahkri	
359	16:50:17	13/2/2023 	135011	286.00	8.00	10.86	31.07	100057.41	1850	0	NiktaFahkri	
360	16:50:17	13/2/2023 	135128	517.00	8.00	12.97	31.07	100057.41	1848	0	NiktaFahkri	
361	16:50:17	13/2/2023 	135706	558.00	8.00	13.36	31.07	100057.41	49822	0	NiktaFahkri	
362	16:50:18	13/2/2023 	136080	613.00	9.00	14.18	31.07	100057.25	3827	0	NiktaFahkri	
363	16:50:18	13/2/2023 	136500	77.00	9.00	6.08	31.07	100057.41	1851	0	NiktaFahkri	
364	16:50:18	13/2/2023 	136708	162.00	7.00	8.34	31.07	100057.41	49839	0	NiktaFahkri	
365	16:50:18	13/2/2023 	136931	80.00	7.00	6.13	31.07	100057.25	1850	0	NiktaFahkri	
366	16:50:19	13/2/2023 	137225	668.00	14.00	16.04	31.07	100057.25	1849	0	NiktaFahkri	
367	16:50:19	13/2/2023 	137456	603.00	9.00	14.06	31.07	100057.25	1852	0	NiktaFahkri	
368	16:50:19	13/2/2023 	137771	134.00	7.00	7.55	31.07	100057.25	51803	0	NiktaFahkri	
369	16:50:20	13/2/2023 	138191	956.00	253.00	50.58	31.07	100057.25	1849	0	NiktaFahkri	
370	16:50:20	13/2/2023 	138230	340.00	8.00	11.55	31.07	100057.25	1851	0	NiktaFahkri	
371	16:50:20	13/2/2023 	138727	183.00	7.00	8.89	31.07	100057.25	49821	0	NiktaFahkri	
372	16:50:21	13/2/2023 	139333	295.00	9.00	11.02	31.07	100057.41	1849	0	NiktaFahkri	
373	16:50:21	13/2/2023 	139756	965.00	278.00	53.73	31.07	100057.41	49826	0	NiktaFahkri	
374	16:50:21	13/2/2023 	139978	230.00	7.00	9.91	31.07	100057.41	4965	0	NiktaFahkri	
375	16:50:22	13/2/2023 	140194	113.00	7.00	6.95	31.07	100057.41	1849	0	NiktaFahkri	
376	16:50:22	13/2/2023 	140589	731.00	34.00	20.45	31.07	100057.58	49826	0	NiktaFahkri	
377	16:50:22	13/2/2023 	140833	972.00	389.00	72.61	31.07	100057.58	1850	0	NiktaFahkri	
378	16:50:23	13/2/2023 	141599	898.00	123.00	34.43	31.07	100057.75	49825	0	NiktaFahkri	
379	16:50:23	13/2/2023 	141857	350.00	7.00	11.61	31.07	100057.75	3777	0	NiktaFahkri	
380	16:50:23	13/2/2023 	141947	306.00	7.00	11.10	31.07	100057.75	1849	0	NiktaFahkri	
381	16:50:24	13/2/2023 	142165	151.00	7.00	8.04	31.06	100057.50	1850	0	NiktaFahkri	
382	16:50:24	13/2/2023 	142437	58.00	7.00	5.88	31.06	100057.50	1850	0	NiktaFahkri	
383	16:50:24	13/2/2023 	142579	894.00	117.00	33.26	31.06	100057.50	49824	0	NiktaFahkri	
384	16:50:24	13/2/2023 	142846	465.00	8.00	12.58	31.06	100057.50	1850	0	NiktaFahkri	
385	16:50:25	13/2/2023 	143038	758.00	46.00	21.92	31.06	100057.67	5149	0	NiktaFahkri	
386	16:50:25	13/2/2023 	143069	949.00	178.00	43.12	31.06	100057.67	1852	0	NiktaFahkri	
387	16:50:25	13/2/2023 	143305	429.00	7.00	12.26	31.06	100057.67	1850	0	NiktaFahkri	
388	16:50:25	13/2/2023 	143310	945.00	158.00	40.51	31.06	100057.67	1851	0	NiktaFahkri	
389	16:50:25	13/2/2023 	143822	624.00	10.00	14.53	31.06	100057.50	49826	0	NiktaFahkri	
390	16:50:25	13/2/2023 	143835	157.00	8.00	8.21	31.06	100057.50	1849	0	NiktaFahkri	
391	16:50:26	13/2/2023 	144274	741.00	36.00	20.78	31.06	100057.50	3828	0	NiktaFahkri	
392	16:50:26	13/2/2023 	144838	63.00	7.00	5.91	31.06	100057.50	49826	0	NiktaFahkri	
393	16:50:26	13/2/2023 	144865	424.00	8.00	12.30	31.06	100057.50	1850	0	NiktaFahkri	
394	16:50:26	13/2/2023 	144877	85.00	7.00	6.23	31.06	100057.50	1847	0	NiktaFahkri	
395	16:50:26	13/2/2023 	144929	225.00	7.00	9.81	31.06	100057.50	1849	0	NiktaFahkri	
396	16:50:27	13/2/2023 	145125	122.00	7.00	7.20	31.06	100057.67	1850	0	NiktaFahkri	
397	16:50:27	13/2/2023 	145986	757.00	41.00	21.43	31.06	100057.67	51858	0	NiktaFahkri	
398	16:50:28	13/2/2023 	146578	110.00	7.00	6.86	31.06	100057.83	49826	0	NiktaFahkri	
399	16:50:28	13/2/2023 	146645	969.00	289.00	55.33	31.06	100057.42	1850	0	NiktaFahkri	
400	16:50:29	13/2/2023 	147195	957.00	256.00	50.93	31.06	100057.42	1851	0	NiktaFahkri	
401	16:50:29	13/2/2023 	147765	780.00	68.00	24.36	31.06	100057.59	49824	0	NiktaFahkri	
402	16:50:29	13/2/2023 	147892	101.00	6.00	6.62	31.06	100057.59	1849	0	NiktaFahkri	
403	16:50:30	13/2/2023 	148018	128.00	6.00	7.37	31.06	100057.59	3829	0	NiktaFahkri	
404	16:50:30	13/2/2023 	148619	949.00	172.00	42.40	31.06	100057.59	49824	0	NiktaFahkri	
405	16:50:30	13/2/2023 	148920	84.00	7.00	6.21	31.06	100057.59	1851	0	NiktaFahkri	
406	16:50:30	13/2/2023 	148937	917.00	136.00	36.90	31.06	100057.59	1850	0	NiktaFahkri	
407	16:50:31	13/2/2023 	149402	763.00	53.00	22.62	31.06	100057.59	1849	0	NiktaFahkri	
408	16:50:31	13/2/2023 	149610	951.00	193.00	44.74	31.06	100057.59	49825	0	NiktaFahkri	
409	16:50:32	13/2/2023 	150371	976.00	565.00	97.33	31.06	100057.59	4755	0	NiktaFahkri	
410	16:50:32	13/2/2023 	150584	568.00	8.00	13.47	31.06	100057.59	49827	0	NiktaFahkri	
411	16:50:32	13/2/2023 	150683	83.00	7.00	6.19	31.06	100057.59	1847	0	NiktaFahkri	
412	16:50:32	13/2/2023 	150707	965.00	293.00	55.95	31.06	100057.17	1849	0	NiktaFahkri	
413	16:50:32	13/2/2023 	150715	670.00	14.00	16.07	31.06	100057.17	1849	0	NiktaFahkri	
414	16:50:32	13/2/2023 	150975	744.00	39.00	21.13	31.06	100057.17	1851	0	NiktaFahkri	
415	16:50:33	13/2/2023 	151632	654.00	12.00	15.37	31.06	100057.00	51806	0	NiktaFahkri	
416	16:50:34	13/2/2023 	151999	858.00	100.00	29.82	31.06	100057.00	1850	0	NiktaFahkri	
417	16:50:34	13/2/2023 	152104	196.00	7.00	9.20	31.06	100057.00	1851	0	NiktaFahkri	
418	16:50:34	13/2/2023 	152411	307.00	8.00	11.15	31.06	100057.17	1848	0	NiktaFahkri	
419	16:50:35	13/2/2023 	153342	88.00	7.00	6.30	31.06	100057.17	49823	0	NiktaFahkri	
420	16:50:36	13/2/2023 	154091	353.00	7.00	11.64	31.06	100057.00	49826	0	NiktaFahkri	
421	16:50:36	13/2/2023 	154360	133.00	7.00	7.52	31.06	100056.76	3830	0	NiktaFahkri	
422	16:50:36	13/2/2023 	154367	353.00	7.00	11.64	31.06	100056.76	1849	0	NiktaFahkri	
423	16:50:36	13/2/2023 	154594	94.00	7.00	6.44	31.06	100056.76	49824	0	NiktaFahkri	
424	16:50:37	13/2/2023 	155465	944.00	164.00	41.35	31.06	100056.76	1850	0	NiktaFahkri	
425	16:50:37	13/2/2023 	155941	960.00	246.00	49.82	31.06	100056.92	49827	0	NiktaFahkri	
426	16:50:38	13/2/2023 	156252	396.00	7.00	12.02	31.06	100056.92	1851	0	NiktaFahkri	
427	16:50:39	13/2/2023 	157150	275.00	6.00	10.64	31.06	100056.92	51860	0	NiktaFahkri	
428	16:50:39	13/2/2023 	157341	65.00	7.00	5.92	31.06	100056.92	1849	0	NiktaFahkri	
429	16:50:39	13/2/2023 	157386	373.00	8.00	11.89	31.06	100056.92	1849	0	NiktaFahkri	
430	16:50:39	13/2/2023 	157764	548.00	8.00	13.25	31.06	100056.92	49823	0	NiktaFahkri	
431	16:50:40	13/2/2023 	158901	351.00	7.00	11.62	31.05	100056.68	49822	0	NiktaFahkri	
432	16:50:40	13/2/2023 	158915	589.00	9.00	13.88	31.05	100056.68	1852	0	NiktaFahkri	
433	16:50:41	13/2/2023 	159242	342.00	7.00	11.53	31.05	100056.68	3830	0	NiktaFahkri	
434	16:50:41	13/2/2023 	159320	977.00	409.00	75.66	31.05	100056.68	1852	0	NiktaFahkri	
435	16:50:42	13/2/2023 	160861	135.00	7.00	7.58	31.05	100056.84	97798	0	NiktaFahkri	
436	16:50:42	13/2/2023 	160990	106.00	7.00	6.75	31.05	100057.01	2605	0	NiktaFahkri	
437	16:50:43	13/2/2023 	161006	448.00	7.00	12.39	31.05	100057.01	1849	0	NiktaFahkri	
438	16:50:43	13/2/2023 	161150	220.00	7.00	9.71	31.05	100057.01	1850	0	NiktaFahkri	
439	16:50:43	13/2/2023 	161338	631.00	10.00	14.62	31.05	100057.01	3970	0	NiktaFahkri	
440	16:50:43	13/2/2023 	161639	770.00	58.00	23.16	31.05	100056.59	49823	0	NiktaFahkri	
441	16:50:43	13/2/2023 	161670	606.00	9.00	14.10	31.05	100056.59	1851	0	NiktaFahkri	
442	16:50:44	13/2/2023 	162093	313.00	8.00	11.23	31.05	100056.77	1850	0	NiktaFahkri	
443	16:50:44	13/2/2023 	162253	941.00	150.00	39.29	31.05	100056.77	1849	0	NiktaFahkri	
444	16:50:45	13/2/2023 	163058	609.00	9.00	14.14	31.05	100056.94	49825	0	NiktaFahkri	
445	16:50:46	13/2/2023 	164640	907.00	131.00	35.97	31.05	100056.72	99782	0	NiktaFahkri	
446	16:50:46	13/2/2023 	164743	71.00	7.00	5.99	31.05	100056.72	1851	0	NiktaFahkri	
447	16:50:47	13/2/2023 	165300	122.00	7.00	7.20	31.05	100057.05	1849	0	NiktaFahkri	
448	16:50:48	13/2/2023 	166870	127.00	7.00	7.35	31.05	100056.80	97801	0	NiktaFahkri	
449	16:50:49	13/2/2023 	167627	68.00	7.00	5.95	31.05	100056.80	49825	0	NiktaFahkri	
450	16:50:49	13/2/2023 	167649	92.00	1.00	6.38	31.05	100056.97	1850	0	NiktaFahkri	
451	16:50:49	13/2/2023 	167735	331.00	8.00	11.45	31.05	100056.97	3817	0	NiktaFahkri	
452	16:50:50	13/2/2023 	168387	249.00	7.00	10.25	31.05	100057.13	1847	0	NiktaFahkri	
453	16:50:50	13/2/2023 	168548	960.00	269.00	52.52	31.05	100057.13	49827	0	NiktaFahkri	
454	16:50:50	13/2/2023 	168577	246.00	7.00	10.20	31.05	100057.13	1936	0	NiktaFahkri	
455	16:50:50	13/2/2023 	168597	547.00	6.00	12.97	31.05	100057.13	1849	0	NiktaFahkri	
456	16:50:50	13/2/2023 	168870	749.00	37.00	20.95	31.05	100057.30	3828	0	NiktaFahkri	
457	16:50:51	13/2/2023 	169739	464.00	7.00	12.49	31.05	100057.30	49828	0	NiktaFahkri	
458	16:50:51	13/2/2023 	169930	65.00	7.00	5.92	31.05	100057.30	2604	0	NiktaFahkri	
459	16:50:51	13/2/2023 	169946	640.00	11.00	14.96	31.05	100057.30	1850	0	NiktaFahkri	
460	16:50:51	13/2/2023 	169971	187.00	7.00	8.98	31.05	100057.30	1850	0	NiktaFahkri	
461	16:50:52	13/2/2023 	170307	181.00	7.00	8.84	31.05	100057.47	1850	0	NiktaFahkri	
462	16:50:52	13/2/2023 	170713	959.00	244.00	49.61	31.05	100057.63	51947	0	NiktaFahkri	
463	16:50:53	13/2/2023 	171104	632.00	12.00	15.07	31.04	100057.22	1851	0	NiktaFahkri	
464	16:50:53	13/2/2023 	171617	951.00	175.00	42.76	31.04	100057.22	49826	0	NiktaFahkri	
465	16:50:54	13/2/2023 	172399	950.00	197.00	45.14	31.04	100057.39	1851	0	NiktaFahkri	
466	16:50:54	13/2/2023 	172611	73.00	7.00	6.02	31.04	100057.39	49827	0	NiktaFahkri	
467	16:50:54	13/2/2023 	172617	928.00	145.00	38.47	31.04	100057.39	1849	0	NiktaFahkri	
468	16:50:54	13/2/2023 	172850	119.00	7.00	7.12	31.04	100057.22	3830	0	NiktaFahkri	
469	16:50:55	13/2/2023 	173086	599.00	9.00	14.01	31.04	100057.22	1848	0	NiktaFahkri	
470	16:50:55	13/2/2023 	173305	152.00	7.00	8.07	31.04	100057.39	1851	0	NiktaFahkri	
471	16:50:56	13/2/2023 	174780	446.00	8.00	12.46	31.04	100056.97	97798	0	NiktaFahkri	
472	16:50:57	13/2/2023 	175697	102.00	7.00	6.64	31.04	100057.14	49823	0	NiktaFahkri	
473	16:50:57	13/2/2023 	175845	535.00	8.00	13.13	31.04	100057.14	1850	0	NiktaFahkri	
474	16:50:58	13/2/2023 	176728	714.00	25.00	18.98	31.04	100057.14	51805	0	NiktaFahkri	
475	16:50:59	13/2/2023 	177647	948.00	197.00	45.14	31.04	100056.89	49828	0	NiktaFahkri	
476	16:51:00	13/2/2023 	178355	286.00	8.00	10.86	31.04	100056.89	1851	0	NiktaFahkri	
477	16:51:00	13/2/2023 	178461	771.00	62.00	23.60	31.04	100056.89	1850	0	NiktaFahkri	
478	16:51:00	13/2/2023 	178570	957.00	235.00	48.70	31.04	100056.89	49827	0	NiktaFahkri	
479	16:51:00	13/2/2023 	178691	520.00	8.00	12.99	31.04	100056.89	1851	0	NiktaFahkri	
480	16:51:01	13/2/2023 	179247	232.00	7.00	9.95	31.04	100056.65	3828	0	NiktaFahkri	
481	16:51:02	13/2/2023 	180004	157.00	7.00	8.21	31.04	100056.98	49826	0	NiktaFahkri	
482	16:51:02	13/2/2023 	180108	957.00	200.00	45.43	31.04	100056.98	2605	0	NiktaFahkri	
483	16:51:02	13/2/2023 	180670	888.00	116.00	33.04	31.04	100056.98	49825	0	NiktaFahkri	
484	16:51:02	13/2/2023 	180741	61.00	7.00	5.89	31.04	100056.98	1851	0	NiktaFahkri	
485	16:51:03	13/2/2023 	181263	567.00	8.00	13.46	31.04	100057.15	1849	0	NiktaFahkri	
486	16:51:03	13/2/2023 	181657	94.00	7.00	6.44	31.04	100057.15	51943	0	NiktaFahkri	
487	16:51:04	13/2/2023 	182099	836.00	95.00	28.80	31.04	100057.15	1850	0	NiktaFahkri	
488	16:51:04	13/2/2023 	182141	179.00	7.00	8.79	31.04	100057.15	1852	0	NiktaFahkri	
489	16:51:05	13/2/2023 	183200	169.00	7.00	8.53	31.03	100056.77	49824	0	NiktaFahkri	
490	16:51:05	13/2/2023 	183273	69.00	7.00	5.96	31.03	100056.77	1850	0	NiktaFahkri	
491	16:51:05	13/2/2023 	183681	951.00	181.00	43.46	31.03	100056.77	49826	0	NiktaFahkri	
492	16:51:05	13/2/2023 	183810	861.00	104.00	30.58	31.03	100056.77	3831	0	NiktaFahkri	
493	16:51:05	13/2/2023 	183948	718.00	26.00	19.19	31.03	100056.77	1851	0	NiktaFahkri	
494	16:51:06	13/2/2023 	184219	85.00	7.00	6.23	31.03	100056.77	1850	0	NiktaFahkri	
495	16:51:06	13/2/2023 	184230	751.00	38.00	21.08	31.03	100056.77	1852	0	NiktaFahkri	
496	16:51:07	13/2/2023 	185046	638.00	11.00	14.94	31.03	100056.59	49824	0	NiktaFahkri	
497	16:51:07	13/2/2023 	185212	604.00	9.00	14.07	31.03	100056.59	1850	0	NiktaFahkri	
498	16:51:07	13/2/2023 	185673	70.00	6.00	5.97	31.03	100056.35	51857	0	NiktaFahkri	
499	16:51:08	13/2/2023 	186372	573.00	8.00	13.53	31.03	100056.19	1848	0	NiktaFahkri	
500	16:51:09	13/2/2023 	187206	311.00	8.00	11.20	31.03	100056.19	49823	0	NiktaFahkri	
501	16:51:09	13/2/2023 	187227	133.00	7.00	7.52	31.03	100056.19	1849	0	NiktaFahkri	
502	16:51:09	13/2/2023 	187457	517.00	12.00	13.35	31.03	100056.19	1850	0	NiktaFahkri	
503	16:51:09	13/2/2023 	187961	585.00	9.00	13.83	31.03	100055.85	49824	0	NiktaFahkri	
504	16:51:10	13/2/2023 	188642	620.00	9.00	14.26	31.03	100055.85	51805	0	NiktaFahkri	
505	16:51:11	13/2/2023 	189052	655.00	13.00	15.63	31.03	100055.27	1851	0	NiktaFahkri	
506	16:51:11	13/2/2023 	189117	550.00	8.00	13.28	31.03	100055.27	1851	0	NiktaFahkri	
507	16:51:11	13/2/2023 	189880	61.00	7.00	5.89	31.03	100055.10	49824	0	NiktaFahkri	
508	16:51:12	13/2/2023 	190022	98.00	7.00	6.54	31.03	100055.10	2602	0	NiktaFahkri	
509	16:51:12	13/2/2023 	190048	630.00	10.00	14.61	31.03	100055.10	1851	0	NiktaFahkri	
510	16:51:13	13/2/2023 	191341	509.00	8.00	12.90	31.03	100054.69	51944	0	NiktaFahkri	
511	16:51:13	13/2/2023 	191465	746.00	34.00	20.59	31.03	100054.69	1848	0	NiktaFahkri	
512	16:51:13	13/2/2023 	191808	710.00	24.00	18.75	31.03	100054.52	49823	0	NiktaFahkri	
513	16:51:14	13/2/2023 	192020	102.00	7.00	6.64	31.03	100054.52	1849	0	NiktaFahkri	
514	16:51:14	13/2/2023 	192066	200.00	7.00	9.29	31.03	100054.52	1851	0	NiktaFahkri	
515	16:51:16	13/2/2023 	194332	636.00	10.00	14.67	31.02	100054.28	97799	0	NiktaFahkri	
516	16:51:16	13/2/2023 	194454	962.00	255.00	50.81	31.02	100054.28	3831	0	NiktaFahkri	
517	16:51:17	13/2/2023 	195310	143.00	7.00	7.81	31.02	100054.28	49824	0	NiktaFahkri	
518	16:51:17	13/2/2023 	195324	116.00	7.00	7.03	31.02	100054.28	1850	0	NiktaFahkri	
519	16:51:17	13/2/2023 	195424	805.00	85.00	26.95	31.02	100054.44	1850	0	NiktaFahkri	
520	16:51:17	13/2/2023 	195621	116.00	7.00	7.03	31.02	100054.44	49825	0	NiktaFahkri	
521	16:51:17	13/2/2023 	195631	339.00	7.00	11.49	31.02	100054.44	1849	0	NiktaFahkri	
522	16:51:17	13/2/2023 	195662	440.00	8.00	12.41	31.02	100054.44	3831	0	NiktaFahkri	
523	16:51:17	13/2/2023 	195734	896.00	120.00	33.85	31.02	100054.44	1848	0	NiktaFahkri	
524	16:51:19	13/2/2023 	197477	608.00	9.00	14.12	31.02	100054.36	49822	0	NiktaFahkri	
525	16:51:19	13/2/2023 	197601	968.00	280.00	54.01	31.02	100054.36	49826	0	NiktaFahkri	
526	16:51:20	13/2/2023 	198319	730.00	31.00	20.06	31.02	100054.53	1852	0	NiktaFahkri	
527	16:51:20	13/2/2023 	198867	917.00	137.00	37.08	31.02	100054.86	51806	0	NiktaFahkri	
528	16:51:21	13/2/2023 	199147	760.00	48.00	22.12	31.02	100054.78	1850	0	NiktaFahkri	
