$SPEC_ID:
This is sample 008.
$SPEC_REM:
DET# 3
DETDESC# JLAB-20 MCB 131
AP# Maestro Version 7.01
$DATE_MEA:
03/08/2023 16:01:19
$MEAS_TIM:
58 59
$DATA:
0 2047
       0
       0
       0
       0
       0
       0
       0
       0
       0
       0
       0
       0
       0
       0
       0
       0
       0
       0
       0
       0
       0
       0
       0
       0
       0
       0
       0
       0
       0
       0
       0
       0
       0
       0
       0
       0
       0
       0
       0
       0
       0
       0
       0
       0
       0
       0
       0
       0
       0
       0
       0
       0
       0
       0
       0
       0
       0
       0
       0
       0
       0
       0
       0
       0
       0
       0
       0
       0
       0
       0
       0
       0
       0
       0
       0
       0
       0
       0
       0
       0
       0
       0
       0
       0
       0
       0
       3
      11
      13
      10
      15
      15
      20
      16
      11
      19
      13
      19
      10
      18
      11
       9
      11
      16
      15
      11
       8
      11
      16
      15
      14
       9
      15
      15
       5
      12
       7
      10
       9
      16
      11
      12
      12
       7
       8
      18
       2
      10
       9
       8
       8
       5
       8
      14
      11
      13
       8
      15
      11
      12
      15
       7
       7
       6
      11
       9
       9
       8
      10
       4
       7
       8
      10
       2
      10
       4
       8
       5
       3
      10
       9
       8
       7
       3
      10
      10
      13
       6
       3
       4
       5
       6
       3
       7
      10
       7
       8
       7
       6
       7
       4
       8
       3
       6
       2
       5
       6
       5
       6
       3
       4
       5
       8
       6
       8
       5
      10
       8
       6
       7
       5
       4
       7
       6
       7
       6
       2
       6
       3
       6
       9
       6
       4
       4
       7
       5
       9
       7
       5
       6
       4
      10
       6
       6
       7
       8
       7
       4
       8
       5
       9
       3
       4
       6
      12
       2
       5
       7
       9
       6
       1
       8
       5
       7
      10
       5
       1
       1
       4
       9
       6
       6
       8
       7
       2
       4
       2
       5
       6
       6
       2
       5
       2
       4
       4
       3
       8
       4
       4
       3
       3
       7
       6
       2
       3
       7
       5
       2
       9
       2
       3
       8
       4
       6
      11
       8
       8
       6
      12
      10
       8
       6
      11
       6
       5
      11
      14
       3
       8
      12
      12
       9
      11
       7
       9
       2
       9
      14
       8
      16
       3
       5
      15
      18
       7
      15
      12
       9
      16
      15
      13
      17
      19
      18
      26
      23
      28
      18
      20
      22
      37
      30
      18
      32
      28
      32
      34
      22
      31
      36
      42
      40
      25
      44
      37
      52
      41
      57
      52
      68
      44
      71
      76
      78
      80
      97
      94
      91
     110
     108
     129
     122
     127
     115
     140
     124
     137
     117
     141
     127
     112
     119
     116
     117
     119
      95
      83
      94
      81
      57
      58
      67
      69
      54
      40
      48
      35
      27
      32
      19
      21
      24
      20
      16
      18
       9
      15
      10
       4
       9
      12
       6
       9
       7
       5
       8
       8
       4
      13
       6
       8
      14
       6
      11
      12
      13
       5
       8
      13
      10
       8
       5
       2
      15
      15
      10
      11
      10
      12
      13
      15
      16
      15
      20
      20
      17
      12
      15
      20
      26
      24
      31
      28
      40
      25
      24
      28
      26
      31
      28
      28
      24
      30
      22
      37
      27
      37
      32
      27
      33
      19
      27
      15
      20
      22
      23
      18
      15
      17
      19
      19
      11
       7
       9
       7
      13
      10
      11
      10
       3
       7
       7
       7
       6
       6
       9
      11
       3
       6
       6
       3
       7
       5
       3
       6
       2
       5
       7
       3
       1
       1
       1
       3
       5
       4
       4
       2
       5
       2
       2
       2
       2
       5
       5
       6
       2
       6
       2
       3
       3
       4
       1
       5
       2
       0
       3
       2
       4
       5
       3
       3
       0
       7
       2
       7
       3
       8
       7
       2
       3
       7
       5
       3
       4
       3
       6
       7
       8
       6
       6
       5
       2
       4
       2
       5
       3
       4
       3
       4
       6
       5
       3
      10
      11
      11
       3
       2
       8
      10
       6
       6
      12
      11
       8
       9
       7
       5
      10
       6
       5
       8
       7
       8
      10
       5
      10
       5
       9
      12
       5
       9
      11
      10
      14
      16
      14
      10
       9
       6
      12
      11
      10
       9
      13
       9
       8
      19
      19
      14
      16
      12
      13
      18
      19
      20
      37
      26
      18
      20
      30
      28
      25
      27
      26
      30
      40
      54
      57
      66
      80
      79
      93
      94
     146
     153
     163
     242
     239
     290
     328
     375
     463
     521
     585
     635
     775
     921
     921
    1055
    1119
    1209
    1308
    1391
    1542
    1525
    1711
    1859
    1782
    1906
    1974
    1923
    1985
    1975
    1956
    1929
    1946
    1907
    1823
    1695
    1709
    1602
    1506
    1400
    1259
    1196
    1056
     993
     920
     777
     741
     615
     568
     476
     433
     366
     331
     271
     208
     187
     148
     125
     112
     104
      88
      66
      55
      57
      36
      37
      35
      33
      21
      25
      21
      22
      21
      31
      30
      16
      17
      30
      33
      22
      25
      29
      44
      39
      48
      43
      46
      47
      65
      73
      89
      78
     111
     135
     157
     160
     172
     201
     213
     267
     273
     302
     332
     348
     374
     393
     429
     484
     483
     474
     510
     529
     555
     558
     519
     554
     494
     540
     568
     521
     506
     526
     493
     449
     437
     436
     393
     395
     344
     295
     274
     277
     241
     230
     189
     164
     172
     135
     100
     110
      88
      78
      91
      80
      48
      55
      55
      28
      27
      27
      22
      26
      21
      18
       8
      15
       6
       5
       7
       2
       8
       7
       6
       3
       3
       4
       1
       2
       2
       2
       2
       2
       0
       3
       3
       0
       2
       1
       1
       1
       3
       2
       2
       3
       2
       2
       1
       2
       2
       0
       4
       2
       0
       2
       1
       0
       1
       3
       3
       3
       0
       0
       2
       2
       2
       0
       0
       2
       1
       1
       2
       1
       2
       3
       1
       1
       0
       0
       1
       1
       0
       1
       3
       0
       0
       1
       3
       1
       2
       2
       3
       2
       1
       1
       4
       1
       0
       1
       2
       2
       2
       1
       0
       0
       0
       0
       3
       2
       1
       1
       4
       2
       1
       4
       0
       2
       2
       2
       2
       3
       0
       0
       0
       3
       2
       2
       1
       2
       0
       1
       4
       3
       1
       3
       2
       1
       0
       1
       1
       4
       2
       1
       1
       0
       0
       1
       1
       5
       2
       0
       1
       1
       3
       1
       0
       2
       1
       2
       0
       0
       1
       1
       3
       4
       1
       1
       0
       0
       0
       0
       0
       2
       1
       1
       4
       1
       2
       2
       2
       1
       1
       2
       2
       1
       2
       2
       2
       1
       2
       1
       4
       2
       4
       0
       3
       1
       1
       1
       3
       1
       0
       6
       3
       2
       1
       0
       3
       1
       0
       0
       4
       1
       3
       1
       2
       1
       2
       1
       0
       1
       2
       5
       1
       1
       0
       1
       3
       3
       0
       2
       1
       2
       2
       1
       1
       2
       2
       5
       1
       2
       1
       2
       1
       1
       2
       4
       0
       2
       3
       1
       2
       1
       1
       1
       0
       1
       0
       0
       1
       2
       3
       2
       1
       1
       1
       1
       1
       2
       4
       1
       1
       1
       2
       1
       0
       2
       1
       5
       5
       0
       2
       1
       0
       5
       5
       1
       2
       2
       1
       3
       3
       2
       1
       1
       1
       1
       3
       1
       0
       3
       0
       4
       1
       0
       0
       3
       4
       2
       1
       3
       1
       2
       4
       2
       2
       4
       2
       1
       0
       1
       3
       0
       3
       3
       2
       4
       1
       3
       1
       1
       2
       0
       3
       2
       2
       2
       1
       1
       1
       1
       2
       2
       1
       2
       1
       2
       5
       5
       3
       1
       0
       4
       7
       1
       1
       2
       1
       6
       2
       1
       4
       5
       3
       2
       3
       2
       3
       2
       5
       5
       2
       4
       2
       2
       2
       6
       3
       1
       0
       5
       6
       0
       1
       1
       1
       1
       1
       0
       3
       2
       0
       3
       1
       4
       3
       4
       5
       4
       1
       3
       2
       4
       4
       4
       3
       5
       2
       4
       1
       4
       8
       2
       6
       2
       2
       4
       3
       1
       1
       3
       6
       3
       2
       4
       4
       3
       3
       3
       5
       4
       1
       3
       1
       4
       2
       6
       4
       2
       2
       4
       2
       2
       3
       4
       4
       3
       0
       3
       7
       2
       6
       3
       5
       1
       2
       6
       3
       4
       3
       5
       1
       4
       2
       8
       1
       3
       2
       1
       3
       3
       5
       4
       5
       1
       2
       4
       2
       2
       4
       3
       1
       4
       5
       1
       3
       3
       2
       3
       5
       4
       3
       3
       1
       7
       4
       2
       1
       2
       1
       2
       0
       4
       3
       3
       4
       2
       5
       6
       3
       6
       4
       2
       4
       2
       5
       4
       4
       3
       6
       7
       6
       7
       4
       6
       4
       2
       4
       6
       3
       5
       4
       1
       5
       3
       8
       3
       5
       3
       6
       5
       5
       5
       3
       4
       7
       7
       6
       3
       5
       3
       4
       6
       5
      10
       7
       6
      11
       4
       6
       4
       1
      10
      10
      11
       7
      10
       5
       5
       5
      10
       8
       9
      15
      12
      10
       6
       5
       6
       8
       7
       8
       6
       1
      14
       8
       8
       9
      13
       6
       6
       6
      15
       8
       7
      11
       8
      10
      10
       9
       6
      13
       7
       7
       7
      12
      15
      14
       8
      18
      16
      11
       8
       9
      14
      16
       7
      14
      17
      12
      13
      18
      12
      15
      14
      13
      14
      19
      15
      13
      16
      20
      15
      21
      16
      14
       8
      16
      15
      19
      19
      20
      23
      30
      18
      17
      20
      24
      25
      22
      14
      12
      20
      24
      17
      20
      35
      20
      25
      32
      18
      20
      32
      24
      25
      25
      35
      32
      33
      28
      31
      42
      50
      42
      32
      31
      32
      27
      36
      49
      44
      46
      44
      55
      40
      39
      42
      54
      45
      46
      50
      40
      49
      40
      63
      50
      33
      58
      61
      73
      45
      50
      53
      52
      50
      56
      52
      47
      43
      58
      45
      58
      54
      50
      57
      52
      78
      50
      56
      51
      58
      41
      37
      56
      54
      45
      46
      42
      49
      29
      39
      49
      39
      37
      37
      39
      36
      33
      34
      45
      36
      26
      37
      29
      27
      41
      21
      22
      33
      30
      26
      23
      26
      21
      24
      21
      24
      14
      22
      22
      20
      25
      20
      22
      19
      16
      23
      22
      18
      13
      18
      13
      14
      21
      21
      12
      16
      15
      13
       9
      13
      18
      12
      18
      13
      15
      15
      16
      10
       6
      20
      19
      14
      13
      18
       9
      11
      11
      17
      13
      17
      16
      21
      16
      12
       9
      20
      20
      14
       6
      12
      13
       8
      13
      19
      27
      15
      18
      16
      12
      17
      14
      20
      13
      11
      15
      11
      13
       9
      12
       9
      13
      21
      14
       9
      12
      10
      13
      16
      10
      10
      13
       9
       9
      10
      14
      12
       9
      11
      10
      17
      12
      10
       6
      14
      10
       8
      10
      12
      18
      12
       6
      17
      14
      11
      18
      13
      12
      11
      12
       8
      21
      10
      11
      11
      12
      11
      13
       7
      11
       5
      14
       6
      11
      10
       9
       9
      15
      13
      11
      19
      16
      12
       9
      17
      15
      16
      11
       4
       8
      14
      12
       5
      22
      12
      18
      13
      16
      13
      14
      12
       2
      16
      15
       8
      14
       7
      13
      13
      12
       6
      13
       7
       8
      13
      13
       9
       7
      10
      12
       3
      10
      10
       5
       7
       9
      12
      21
       7
       4
       7
       9
       7
       7
       6
      11
       5
      10
       5
      12
      10
      12
       7
       6
       9
      11
      10
       9
       9
      13
      12
       1
       7
       8
       8
      14
       9
       7
       6
       5
       8
       8
       5
       9
      10
       8
       8
      17
      16
      16
      17
      16
      13
      21
      18
      22
      22
      36
      29
      45
      39
      53
      64
      53
      74
      63
      87
      79
      80
      93
     103
     125
     129
     124
     143
     125
     128
     147
     129
     124
     117
     121
     126
     132
     128
     114
     122
     108
     110
      82
      85
      74
      76
      59
      51
      44
      39
      49
      39
      35
      29
      20
      20
      15
       7
       9
       5
       7
       6
       8
       2
       4
       4
       4
       4
       1
       2
       1
       0
       3
       1
       0
       0
       3
       1
       1
       1
       4
       1
       0
       4
       0
       0
       1
       1
       0
       0
       1
       2
       0
       1
       2
       0
       1
       0
       0
       1
       0
       1
       0
       1
       1
       0
       2
       1
       0
       1
       1
       0
       0
       2
       1
       0
       4
       2
       0
       0
       0
       1
       1
       0
       0
       1
       1
       0
       1
       3
       1
       0
       0
       2
       0
       4
       1
       0
       1
       0
       2
       3
       1
       1
       1
       1
       1
       0
       1
       2
       3
       1
       2
       2
       0
       1
       2
       2
       1
       1
       2
       0
       1
       2
       0
       0
       1
       0
       1
       2
       1
       0
       2
       1
       5
       1
       2
       0
       4
       0
       0
       1
       0
       1
       0
       1
       1
       1
       1
       0
       0
       0
       2
       0
       1
       0
       0
       2
       1
       2
       1
       0
       0
       0
       1
       0
       0
       0
       0
       0
       0
       1
       0
       3
       2
       2
       0
       3
       1
       0
       2
       0
       1
       1
       1
       0
       6
       2
       0
       1
       1
       1
       0
       0
       0
       1
       0
       3
       1
       1
       4
       0
       0
       0
       0
       0
       0
       0
       0
       0
       0
       0
       0
       0
       0
       0
       0
       0
       0
       0
       0
       0
       0
       0
       0
       0
       0
       0
       0
       0
       0
       0
       0
       0
       0
       0
       0
       0
       0
       0
       0
       0
       0
       0
       0
       0
       0
       0
       0
       0
       0
       0
       0
       0
       0
       0
       0
       0
       0
$ROI:
0
$PRESETS:
Real Time
1200
0
$ENER_FIT:
0.000000 0.033638
$MCA_CAL:
3
0.000000E+000 3.363775E-002 0.000000E+000 keV
$SHAPE_CAL:
3
0.000000E+000 0.000000E+000 0.000000E+000
