$SPEC_ID:
This is sample 008.
$SPEC_REM:
DET# 3
DETDESC# JLAB-20 MCB 131
AP# Maestro Version 7.01
$DATE_MEA:
03/08/2023 16:04:11
$MEAS_TIM:
59 60
$DATA:
0 2047
       0
       0
       0
       0
       0
       0
       0
       0
       0
       0
       0
       0
       0
       0
       0
       0
       0
       0
       0
       0
       0
       0
       0
       0
       0
       0
       0
       0
       0
       0
       0
       0
       0
       0
       0
       0
       0
       0
       0
       0
       0
       0
       0
       0
       0
       0
       0
       0
       0
       0
       0
       0
       0
       0
       0
       0
       0
       0
       0
       0
       0
       0
       0
       0
       0
       0
       0
       0
       0
       0
       0
       0
       0
       0
       0
       0
       0
       0
       0
       0
       0
       0
       0
       0
       0
       0
       1
       8
       8
      10
      10
      12
       5
       6
       4
       5
       7
       6
       7
       5
      10
       3
       0
       2
       5
       5
       3
       1
       4
       4
       1
       5
       1
       8
       1
       8
       2
       3
       3
       0
       5
       9
       5
       4
       7
       4
       5
       5
       4
       1
       4
       6
       3
       0
       3
       2
       4
       4
       4
       3
       2
       2
       2
       4
       2
       4
       3
       8
       3
      10
       3
       1
       4
       0
       2
       5
       3
       3
       6
       3
       3
       2
       4
       4
       3
       2
       8
       8
       1
       3
       4
       3
       4
       1
       5
       3
       4
       3
       2
       5
       0
       5
       1
       3
       4
       1
       3
       1
       7
       3
       3
       2
       2
       1
       2
       3
       1
       5
       1
       2
       1
       3
       0
       2
       1
       3
       8
       3
       0
       4
       1
       2
       1
       2
       3
       2
       3
       3
       2
       2
       5
       2
       1
       4
       0
       4
       0
       7
       2
       1
       1
       0
       4
       2
       4
       6
       4
       4
       4
       2
       6
       2
       0
       2
       2
       4
       1
       3
       0
       3
       5
       1
       1
       3
       0
       2
       1
       4
       3
       4
       5
       4
       5
       3
       3
       2
       2
       0
       0
       2
       3
       4
       1
       2
       1
       2
       3
       4
       0
       2
       4
       3
       2
       2
       1
       3
       3
       1
       3
       2
       2
       2
       3
       0
       1
       2
       1
       1
       2
       3
       3
       7
       2
       1
       0
       2
       3
       1
       1
       2
       2
       2
       4
       4
       3
       1
       6
       3
       4
       2
       0
       2
       2
       2
       2
       0
       1
       4
       3
       4
       3
       6
       3
       2
       5
       1
       5
       5
       5
       2
       7
       3
       3
       2
       5
       4
       8
       4
       3
       7
       7
       3
       6
       2
       5
       7
       3
       4
       5
       8
       6
       7
       8
       5
       7
       8
      14
       9
      13
      12
       5
       4
       9
       7
       8
       6
       5
       1
       3
       8
       6
       4
       2
       3
       5
       2
       5
       2
       3
       6
       1
       1
       3
       2
       1
       2
       3
       2
       1
       4
       0
       1
       3
       4
       3
       1
       1
       2
       1
       1
       1
       1
       4
       3
       2
       2
       2
       2
       4
       2
       1
       3
       7
       2
       0
       5
       2
       2
       3
       4
       2
       1
       3
       8
       2
       2
       1
       1
       4
       7
       5
       4
       4
       7
       1
       1
       3
       8
       1
       4
       8
       4
       7
       3
       2
       6
       4
       4
       4
       1
       8
       2
       1
       2
       2
       4
       1
       9
       3
       1
       1
       4
       4
       1
       2
       2
       3
       3
       2
       4
       2
       1
       1
       1
       3
       1
       1
       2
       3
       1
       2
       2
       2
       0
       2
       1
       3
       1
       1
       2
       3
       0
       2
       2
       2
       0
       0
       1
       0
       5
       2
       0
       4
       3
       1
       2
       1
       1
       0
       0
       4
       1
       1
       6
       5
       0
       0
       3
       1
       2
       0
       2
       1
       0
       1
       3
       1
       1
       2
       3
       0
       3
       1
       2
       3
       0
       2
       2
       3
       4
       1
       2
       2
       4
       4
       0
       3
       0
       4
       2
       0
       1
       0
       2
       4
       1
       3
       2
       4
       1
       1
       2
       3
       2
       1
       1
       4
       3
       2
       1
       1
       4
       1
       1
       2
       0
       4
       2
       1
       3
       1
       3
       0
       1
       7
       3
       5
       5
       0
       5
       1
       2
       6
       1
       7
       6
       2
       2
       3
       0
       3
       8
       4
       4
       0
       2
       2
       4
       6
       5
       3
       4
       1
       6
       2
       4
       6
      10
      11
       9
      10
      15
      10
      16
      14
      17
      21
      27
      24
      24
      24
      30
      38
      35
      37
      56
      63
      48
      48
      62
      60
      69
      79
      78
      82
      97
      78
      91
     101
      99
      82
      96
      85
      81
      89
      95
      94
      87
      79
      67
      59
      43
      43
      50
      53
      47
      50
      32
      30
      23
      20
      20
      22
      15
      18
       7
       6
       9
       9
       7
       6
       5
       5
       3
       5
       3
       3
       8
       1
       5
       6
       2
       4
       1
       6
       3
       4
       6
       2
       4
       8
       2
       3
      13
       6
       1
       7
       5
       6
       6
       9
      13
       9
      11
       6
      13
      18
      18
      26
      17
      26
      35
      29
      20
      33
      43
      34
      35
      33
      42
      36
      46
      46
      45
      49
      51
      44
      46
      37
      40
      44
      45
      34
      28
      35
      37
      37
      37
      28
      27
      25
      26
      26
      21
      14
      18
      11
      14
      12
      15
       6
      11
       9
       5
       6
      10
       6
       4
       3
       3
       3
       3
       3
       3
       4
       4
       2
       2
       2
       0
       1
       0
       2
       0
       0
       1
       0
       2
       0
       0
       3
       0
       0
       3
       1
       1
       0
       1
       1
       2
       0
       0
       2
       1
       2
       3
       0
       0
       3
       1
       0
       0
       2
       0
       1
       1
       0
       0
       4
       2
       1
       0
       3
       1
       1
       0
       2
       0
       1
       1
       2
       0
       0
       1
       0
       1
       1
       3
       2
       2
       1
       0
       1
       1
       3
       0
       1
       1
       0
       1
       2
       0
       1
       1
       1
       1
       0
       0
       0
       1
       0
       1
       1
       1
       1
       1
       1
       2
       1
       2
       0
       1
       1
       2
       0
       1
       2
       1
       0
       0
       1
       1
       2
       1
       1
       0
       2
       2
       1
       1
       0
       0
       3
       0
       2
       0
       2
       0
       1
       0
       1
       0
       1
       2
       0
       1
       0
       4
       0
       1
       0
       3
       0
       0
       0
       1
       2
       0
       1
       0
       1
       1
       0
       0
       2
       1
       0
       1
       1
       3
       2
       1
       1
       3
       1
       2
       0
       2
       3
       1
       2
       0
       1
       1
       1
       1
       0
       2
       1
       1
       1
       1
       3
       1
       2
       3
       0
       0
       1
       1
       4
       1
       3
       3
       1
       2
       1
       1
       0
       2
       1
       3
       3
       1
       1
       1
       1
       0
       1
       1
       0
       1
       0
       1
       0
       2
       1
       1
       2
       2
       2
       1
       2
       0
       2
       2
       1
       1
       0
       2
       0
       1
       2
       0
       1
       2
       0
       0
       1
       0
       1
       2
       2
       1
       2
       1
       0
       0
       2
       3
       0
       0
       1
       2
       0
       0
       0
       2
       0
       2
       3
       0
       4
       2
       0
       0
       0
       0
       0
       0
       2
       2
       1
       1
       0
       1
       2
       0
       2
       1
       1
       0
       0
       1
       0
       0
       0
       0
       2
       0
       1
       1
       0
       0
       0
       3
       2
       1
       1
       2
       1
       2
       0
       1
       1
       1
       2
       1
       1
       1
       2
       1
       2
       4
       2
       1
       2
       0
       2
       0
       1
       0
       1
       1
       1
       2
       2
       1
       0
       2
       2
       3
       0
       0
       2
       0
       3
       4
       1
       1
       1
       2
       2
       4
       2
       0
       5
       0
       2
       2
       3
       1
       3
       1
       2
       0
       1
       4
       0
       1
       4
       1
       3
       2
       4
       1
       2
       2
       3
       3
       2
       2
       1
       1
       2
       2
       5
       1
       0
       0
       3
       1
       0
       0
       2
       2
       2
       5
       1
       1
       2
       3
       2
       4
       2
       1
       2
       3
       2
       1
       0
       1
       2
       4
       1
       4
       2
       2
       2
       3
       5
       3
       1
       2
       2
       2
       2
       0
       1
       2
       0
       3
       2
       1
       4
       0
       3
       3
       2
       1
       0
       4
       2
       2
       5
       2
       3
       1
       2
       4
       3
       1
       2
       4
       1
       2
       1
       2
       4
       5
       1
       0
       2
       2
       1
       2
       3
       5
       4
       3
       2
       5
       0
       0
       2
       2
       3
       2
       3
       1
       1
       1
       2
       1
       3
       3
       2
       3
       4
       2
       6
       1
       1
       0
       3
       3
       5
       2
       2
       6
       2
       4
       2
       2
       4
       4
       4
       3
       2
       4
       2
       5
       2
       5
       4
       3
       0
       0
       0
       2
       7
       3
       2
       0
       4
       3
       2
       3
       4
       3
       2
       4
       5
       5
       3
       3
       5
       6
       5
       7
       6
       4
       2
       2
       3
       5
       2
       3
       5
       2
       1
       5
       4
       3
       5
       5
       5
       3
       3
       1
       4
       6
       5
       8
       9
       6
       3
       3
       3
       8
       3
       4
       7
       6
       3
       5
       7
       5
       2
       6
       7
       3
       6
       6
       6
       7
       6
       8
       6
       9
       7
       7
       7
       7
       9
       7
       6
      11
       6
       6
       7
       6
       7
       7
       5
       9
       8
       6
       4
       6
      12
      14
      11
       9
       7
      10
      10
      11
       5
       9
       7
       8
      10
      13
      11
       6
       4
      12
      10
      12
      11
      11
      10
      10
       9
      14
      13
      12
      13
       9
       9
       5
      11
      11
      11
      10
      20
      15
      16
      17
       9
      11
      20
      17
      17
      16
      16
      15
      17
      22
      23
      25
      22
      14
      22
      22
      16
      22
      23
      23
      20
      27
      21
      26
      22
      21
      24
      25
      40
      40
      32
      21
      40
      32
      29
      35
      19
      27
      28
      28
      23
      35
      34
      32
      32
      31
      22
      28
      34
      33
      32
      41
      26
      34
      26
      39
      32
      29
      30
      30
      26
      35
      34
      39
      27
      35
      32
      28
      23
      35
      32
      31
      34
      26
      34
      35
      20
      30
      22
      19
      25
      17
      23
      28
      16
      26
      25
      24
      29
      22
      21
      21
      14
      15
      20
      22
      17
      19
      20
      24
      19
      17
      16
      16
      12
       9
      24
      15
      14
      15
       8
       9
      10
      14
      13
      15
       3
      12
      15
      13
      11
      12
      26
       9
      14
       8
      12
       9
      13
       9
       7
      10
      13
      10
      14
      14
      16
      10
       7
       6
       7
       7
       9
       9
       7
       8
      12
      10
       7
       4
      11
      16
      16
       8
      12
       8
       4
       5
       7
       8
       6
       9
      17
       7
      13
       6
      12
      13
      12
      10
      10
       9
      10
       4
       7
       9
      10
      10
      12
       4
       9
       8
      13
      10
      10
       9
       9
       5
       8
       4
      13
       7
       8
       8
       4
      11
      10
       7
       7
       9
      10
       6
      12
       7
       8
      10
       9
       6
       9
      11
       9
       8
      10
       6
       8
       6
       6
       7
       6
       7
       9
      11
      10
       8
       9
       9
       8
       9
       9
       6
       7
      10
       6
       6
       5
      13
       9
       8
       8
       5
       6
       8
       9
       8
       8
      10
      11
       7
      10
       7
      10
       4
      12
       7
       4
      11
      10
       8
       4
       7
       9
       7
       7
       6
       4
       8
       8
       7
       2
      11
      11
      11
       5
       8
      11
       4
       7
       7
      12
       7
      10
      12
       9
       4
      10
      11
       5
       3
       6
       7
       7
       6
       4
       5
       9
      11
      12
       4
       1
       8
       7
      10
       8
       8
       9
       7
       7
       7
       5
       7
       5
       7
       5
       5
       5
      12
      12
       3
       5
       9
       6
      16
       7
       8
      13
       8
       8
      15
       9
      12
      15
       7
      11
      23
      16
      19
      26
      28
      28
      28
      36
      46
      49
      41
      61
      74
      73
      54
      69
      76
      77
      71
      87
      75
      77
      78
      87
      98
      94
     108
     100
      96
      82
      60
      72
      77
      74
      73
      53
      55
      39
      38
      35
      42
      30
      26
      28
      25
      18
      11
      10
      11
       5
       6
       7
       9
       4
       3
       4
       2
       2
       1
       3
       2
       1
       1
       1
       4
       1
       0
       1
       0
       1
       1
       3
       2
       1
       1
       2
       0
       1
       2
       0
       0
       1
       0
       0
       0
       1
       1
       2
       2
       3
       1
       2
       2
       0
       1
       0
       2
       0
       0
       0
       2
       3
       2
       0
       1
       0
       1
       0
       1
       1
       0
       1
       0
       1
       0
       2
       1
       2
       0
       2
       1
       2
       1
       1
       0
       0
       3
       3
       0
       0
       0
       0
       1
       0
       0
       0
       0
       0
       0
       0
       0
       0
       0
       0
       0
       0
       0
       2
       1
       0
       1
       1
       0
       0
       0
       1
       0
       1
       0
       0
       1
       0
       1
       0
       0
       0
       2
       1
       2
       0
       0
       1
       1
       2
       0
       3
       0
       5
       2
       0
       1
       1
       1
       0
       1
       0
       1
       0
       0
       0
       1
       0
       1
       1
       0
       0
       0
       2
       1
       1
       0
       1
       0
       1
       0
       1
       1
       2
       2
       0
       1
       1
       0
       1
       0
       1
       1
       1
       1
       0
       1
       1
       1
       1
       1
       1
       0
       1
       1
       0
       1
       0
       2
       0
       2
       1
       1
       1
       0
       0
       0
       0
       0
       1
       1
       0
       0
       0
       0
       0
       0
       0
       0
       0
       0
       0
       0
       0
       0
       0
       0
       0
       0
       0
       0
       0
       0
       0
       0
       0
       0
       0
       0
       0
       0
       0
       0
       0
       0
       0
       0
       0
       0
       0
       0
       0
       0
       0
       0
       0
       0
       0
       0
       0
       0
$ROI:
0
$PRESETS:
Real Time
1200
0
$ENER_FIT:
0.000000 0.033638
$MCA_CAL:
3
0.000000E+000 3.363775E-002 0.000000E+000 keV
$SHAPE_CAL:
3
0.000000E+000 0.000000E+000 0.000000E+000
