$SPEC_ID:
This is sample 008.
$SPEC_REM:
DET# 3
DETDESC# JLAB-20 MCB 131
AP# Maestro Version 7.01
$DATE_MEA:
03/08/2023 15:39:21
$MEAS_TIM:
59 59
$DATA:
0 2047
       0
       0
       0
       0
       0
       0
       0
       0
       0
       0
       0
       0
       0
       0
       0
       0
       0
       0
       0
       0
       0
       0
       0
       0
       0
       0
       0
       0
       0
       0
       0
       0
       0
       0
       0
       0
       0
       0
       0
       0
       0
       0
       0
       0
       0
       0
       0
       0
       0
       0
       0
       0
       0
       0
       0
       0
       0
       0
       0
       0
       0
       0
       0
       0
       0
       0
       0
       0
       0
       0
       0
       0
       0
       0
       0
       0
       0
       0
       0
       0
       0
       0
       0
       0
       0
       0
       5
       7
      12
      10
       4
       4
       5
       9
       9
       7
       6
      10
      14
       7
       7
       2
       6
      10
       7
       7
      12
       8
      10
       9
       6
       6
       2
       2
       2
       3
       7
       5
       6
       3
       7
       7
       3
       3
       6
       8
       4
       5
       6
       4
       4
       7
       5
       4
       4
       5
       2
       3
       3
       3
       5
       5
       8
       4
       2
       2
       4
       6
       5
       1
       6
       5
       5
       4
       5
       2
       7
       5
       0
       2
       1
       1
       3
       3
       2
       6
       7
       4
       5
       5
       4
       3
       1
       3
       1
       4
       2
       7
       1
       3
       4
       1
       1
       4
       4
       3
       2
       3
       1
       3
       3
       1
       3
       4
       1
       1
       3
       4
       0
       3
       1
       2
       5
       2
       2
       3
       7
       1
       2
       5
       2
       1
       4
       1
       4
       0
       4
       2
       2
       1
       2
       4
       5
       5
       3
       4
       3
       2
       7
       2
       3
       2
       6
       3
       3
       2
       5
       4
       2
       1
       0
       5
       3
       3
       2
       0
       1
       1
       0
       2
       0
       4
       1
       5
       2
       1
       2
       4
       1
       1
       5
       3
       2
       3
       2
       1
       5
       2
       2
       3
       3
       3
       2
       4
       3
       6
       3
       2
       6
       6
       0
       5
       3
       3
       5
       3
       3
       3
       5
       2
       1
       0
       5
       3
       3
       5
       3
       5
       4
       0
       3
       4
       2
       4
       3
       0
       0
       3
       1
       1
       4
       7
       5
       0
       3
       3
       4
       2
       4
       6
       1
       3
       1
       5
       6
      10
       8
       7
      10
       4
       7
       7
       7
       3
       8
       7
       6
      10
       9
      13
      11
       9
       9
       5
      19
      10
      10
      14
       7
       8
      10
       8
      12
      11
      11
      12
      19
      25
      16
      18
      15
      22
      16
      15
      16
      25
      19
      22
      24
      18
      17
      23
      17
      20
      17
      12
      14
      16
      17
       9
      14
      11
      10
       6
       9
       3
       6
       5
       4
       7
       7
       5
       3
       5
       3
       4
       4
       3
       2
       3
       3
       1
       0
       2
       2
       3
       4
       5
       2
       7
       1
       3
       5
       2
       3
       7
       2
       7
       2
       5
       1
       3
       3
       5
       4
       5
       2
       4
       6
       4
       7
       5
       2
       9
       4
       5
       5
       8
       8
       9
       5
      10
       8
      10
      10
      10
       6
      13
       5
      15
      11
       8
       9
       8
      12
       7
       6
       7
      14
       5
       5
       5
       6
       8
       7
       5
       7
       6
       1
       6
       4
       6
       2
       4
       3
       5
       5
       6
       0
       3
       3
       3
       5
       1
       2
       1
       2
       3
       2
       2
       1
       3
       4
       3
       1
       0
       0
       0
       2
       4
       1
       3
       3
       0
       3
       2
       0
       1
       1
       2
       3
       2
       2
       0
       1
       2
       4
       1
       3
       1
       2
       1
       1
       1
       1
       2
       5
       2
       3
       3
       2
       3
       2
       1
       3
       1
       2
       0
       0
       1
       1
       3
       0
       1
       2
       2
       1
       1
       0
       1
       3
       7
       3
       3
       3
       6
       1
       1
       1
       2
       0
       1
       1
       1
       2
       5
       1
       2
       2
       2
       3
       3
       2
       3
       3
       2
       5
       3
       1
       4
       1
       0
       2
       4
       2
       2
       2
       1
       4
       3
       4
       3
       3
       1
       4
       1
       6
       1
       6
       4
       2
       3
       4
       2
       3
       2
       5
       2
       6
       3
       4
       5
       3
       6
       2
       8
       7
       8
       8
      12
      10
       5
       8
       7
       9
      19
      10
      16
      13
      16
      15
      19
      27
      27
      29
      40
      34
      55
      66
      74
      73
      79
      89
     111
     120
     147
     143
     161
     171
     187
     220
     206
     205
     265
     262
     260
     269
     293
     304
     300
     298
     268
     295
     326
     275
     295
     254
     271
     202
     222
     206
     197
     162
     161
     153
     147
     127
      92
      81
      89
      77
      74
      60
      44
      46
      40
      22
      13
      23
      23
       9
      16
      17
      11
       8
       9
       6
       3
       4
       6
       1
       7
       5
       2
       4
       5
       7
       6
       8
       8
       6
       9
      14
      11
      10
      11
       8
       3
      15
      13
      18
      32
      23
      28
      28
      35
      50
      37
      60
      63
      77
      83
      75
      81
      84
      89
     101
     100
     136
     134
     126
     144
     118
     116
     146
     140
     139
     111
     145
     129
     135
     129
     127
      99
     128
     117
     105
      89
      88
      82
      77
      76
      76
      64
      59
      59
      60
      46
      38
      37
      24
      21
      26
      21
      24
      15
      21
      10
      15
       7
       4
       7
       4
       6
       4
       1
       6
       2
       6
       2
       3
       1
       2
       0
       1
       2
       2
       3
       0
       1
       0
       0
       1
       2
       4
       3
       1
       1
       1
       0
       0
       1
       1
       2
       1
       3
       1
       1
       1
       1
       0
       1
       0
       1
       2
       3
       1
       2
       1
       1
       0
       1
       2
       1
       3
       1
       2
       1
       0
       2
       1
       0
       0
       4
       0
       1
       3
       1
       2
       3
       0
       0
       0
       1
       2
       1
       0
       0
       1
       0
       1
       4
       2
       0
       2
       1
       1
       1
       4
       0
       0
       1
       0
       0
       2
       0
       2
       0
       1
       0
       3
       0
       1
       1
       0
       2
       1
       0
       0
       1
       1
       0
       1
       0
       0
       0
       0
       0
       0
       2
       1
       1
       1
       1
       2
       2
       2
       2
       3
       3
       0
       0
       3
       0
       1
       1
       2
       1
       1
       2
       0
       0
       0
       0
       2
       2
       2
       1
       0
       1
       2
       3
       5
       3
       2
       1
       0
       3
       1
       4
       2
       0
       0
       1
       3
       3
       1
       2
       3
       0
       2
       3
       4
       2
       2
       2
       3
       1
       1
       1
       0
       0
       1
       1
       1
       1
       2
       0
       3
       0
       3
       1
       1
       1
       0
       0
       1
       2
       0
       0
       1
       0
       0
       2
       1
       1
       1
       0
       1
       1
       0
       2
       2
       0
       0
       0
       0
       3
       1
       1
       0
       1
       1
       2
       1
       1
       2
       1
       2
       0
       0
       1
       2
       1
       1
       0
       1
       2
       0
       1
       4
       1
       2
       0
       0
       0
       1
       1
       0
       1
       2
       0
       1
       1
       1
       2
       2
       1
       0
       1
       1
       3
       1
       3
       1
       3
       2
       1
       1
       2
       2
       4
       1
       2
       4
       1
       4
       1
       2
       3
       2
       3
       2
       0
       2
       3
       1
       2
       0
       1
       0
       1
       0
       0
       1
       1
       2
       0
       0
       3
       0
       1
       2
       5
       2
       1
       5
       0
       1
       2
       0
       2
       1
       0
       0
       1
       1
       2
       3
       0
       1
       1
       1
       3
       2
       4
       1
       0
       1
       2
       2
       0
       2
       1
       1
       3
       1
       0
       1
       1
       0
       1
       0
       1
       4
       1
       1
       2
       2
       4
       1
       2
       4
       3
       1
       5
       1
       1
       2
       1
       2
       2
       4
       0
       0
       1
       6
       2
       1
       4
       1
       1
       3
       1
       2
       4
       2
       3
       2
       4
       2
       2
       1
       1
       2
       3
       0
       2
       4
       2
       2
       2
       0
       2
       0
       2
       1
       2
       0
       1
       6
       1
       4
       2
       2
       2
       2
       1
       2
       1
       3
       2
       3
       3
       0
       2
       3
       0
       3
       4
       1
       1
       5
       1
       3
       5
       2
       4
       4
       4
       0
       2
       1
       1
       3
       1
       6
       3
       3
       3
       3
       1
       4
       4
       4
       2
       2
       2
       1
       1
       2
       0
       1
       6
       0
       2
       0
       1
       1
       6
       4
       4
       4
       1
       2
       4
       2
       2
       1
       1
       5
       7
       0
       3
       0
       6
       0
       5
       2
       1
       1
       1
       3
       4
       3
       6
       4
       4
       5
       3
       5
       5
       1
       4
       4
       5
       4
       0
       2
       4
       3
       1
       4
       3
       0
       5
       1
       5
       7
       4
       5
       2
       7
       3
       5
       4
       2
       8
       2
       3
       3
       3
       4
       2
       5
       2
       2
       9
       3
       3
       5
       0
       6
       5
       4
       9
       4
       4
       2
       6
       4
       3
       8
       4
       4
       6
       7
       6
       7
       3
       5
       6
       3
       3
       3
       6
       4
       4
       7
       6
       9
       7
       6
       7
       7
       5
       6
       9
       6
       2
       4
       8
       7
       3
       8
       7
      13
       7
       9
       8
       5
       5
       9
       5
       7
       9
       9
      12
       5
       6
       5
      11
      10
      10
       7
      12
       7
      12
       7
       5
       7
       8
       9
      11
      10
       5
      13
       9
      10
      13
       6
      10
      12
       7
      10
      17
      15
      15
       8
      13
      24
      10
      17
      12
      16
      15
      19
      12
      13
      14
       7
      15
      14
      15
      20
      15
      12
      18
      16
      12
      16
      14
      16
      20
      22
      21
      22
      18
      26
      22
      21
      27
      26
      21
      24
      22
      26
      26
      27
      19
      26
      25
      23
      40
      36
      35
      31
      26
      34
      39
      32
      30
      48
      41
      54
      36
      31
      36
      34
      36
      37
      42
      36
      32
      47
      36
      47
      43
      34
      45
      54
      36
      47
      39
      48
      36
      39
      48
      46
      54
      47
      36
      46
      37
      31
      29
      32
      30
      33
      48
      40
      35
      35
      25
      38
      42
      43
      21
      31
      31
      36
      32
      33
      23
      24
      28
      28
      29
      23
      22
      19
      26
      22
      13
      15
      17
      11
      26
      24
      19
      17
      20
      20
      23
      16
      18
      14
      17
      24
      17
      10
      14
      14
      22
      17
      14
      14
      18
      10
      21
      22
      16
      19
      20
      14
      15
       9
      13
      18
      11
      20
       9
      16
      18
      10
      15
      19
       7
      12
       5
      18
      13
      11
      14
      11
      12
      12
      16
      11
      23
       7
      12
      12
      11
      14
      14
      16
      14
      17
      11
       7
      13
      11
       7
      12
      12
      11
      12
      11
      10
      13
      15
      10
      13
      16
      17
      10
       8
      14
       5
       7
      11
      15
      14
      13
      14
       6
      10
      13
      10
       7
       6
      11
       8
       4
      12
      10
      10
       8
      13
      11
      16
      14
      11
       8
       8
      15
       6
       8
      10
      13
      13
       6
      10
      12
       7
       8
      15
      10
       4
       8
      10
      10
      13
      13
      10
       9
       8
       8
       8
       9
      12
      11
      13
      12
      14
       6
       9
       8
      10
      11
      10
      12
       6
       9
      11
       9
      10
      12
      13
      11
       9
      11
      10
      11
      12
      11
      12
       8
       6
      14
       7
       8
      10
      12
       8
      12
      13
       8
       7
       7
       6
       6
       6
       4
       3
       8
       9
       8
       7
       7
      13
       6
       8
       4
      10
       8
       7
       4
      11
      10
       8
      11
       6
       5
      12
      11
      15
       6
      11
      10
       9
      11
       9
      13
       4
      10
       9
       5
      10
       4
       3
       4
       8
      14
      10
      10
       1
       8
       5
      11
       6
      12
       8
      12
      14
       8
      17
      10
      14
      15
      18
      17
      17
      16
      22
      35
      35
      33
      38
      59
      53
      67
      69
      67
      94
      81
      74
      87
      99
     112
      96
     120
     109
     115
     123
      88
      97
     109
     109
     115
      95
     109
      83
     103
      71
      85
      73
      67
      69
      42
      41
      61
      43
      36
      27
      22
      26
      13
      20
      17
      13
      16
       3
       3
       7
       9
       6
       6
       5
       2
       3
       1
       4
       2
       2
       0
       1
       0
       0
       2
       1
       0
       2
       1
       1
       1
       1
       1
       1
       1
       0
       2
       1
       1
       4
       1
       0
       0
       0
       1
       4
       0
       0
       1
       3
       0
       2
       0
       1
       0
       1
       0
       2
       1
       2
       1
       0
       2
       0
       1
       1
       0
       0
       0
       0
       0
       1
       0
       1
       1
       0
       0
       0
       1
       1
       0
       0
       2
       1
       0
       0
       3
       3
       1
       1
       1
       1
       0
       2
       1
       1
       0
       0
       0
       0
       2
       1
       0
       0
       0
       0
       2
       1
       0
       0
       4
       0
       0
       0
       0
       1
       1
       0
       1
       0
       0
       1
       1
       2
       1
       0
       2
       0
       0
       2
       1
       1
       1
       1
       0
       1
       3
       3
       2
       0
       0
       1
       1
       1
       0
       2
       1
       0
       0
       0
       0
       1
       4
       0
       1
       0
       0
       0
       0
       0
       2
       0
       0
       0
       1
       2
       1
       0
       1
       0
       3
       0
       4
       0
       0
       0
       0
       0
       0
       1
       1
       0
       0
       1
       0
       1
       1
       1
       3
       0
       0
       0
       0
       1
       1
       1
       0
       1
       0
       0
       0
       0
       0
       0
       0
       1
       0
       0
       0
       0
       0
       0
       0
       0
       0
       0
       0
       0
       0
       0
       0
       0
       0
       0
       0
       0
       0
       0
       0
       0
       0
       0
       0
       0
       0
       0
       0
       0
       0
       0
       0
       0
       0
       0
       0
       0
       0
       0
       0
       0
       0
       0
$ROI:
0
$PRESETS:
Real Time
1200
0
$ENER_FIT:
0.000000 0.636780
$MCA_CAL:
3
0.000000E+000 6.367801E-001 0.000000E+000 keV
$SHAPE_CAL:
3
3.566165E+000 0.000000E+000 0.000000E+000
