$SPEC_ID:
This is sample 008.
$SPEC_REM:
DET# 3
DETDESC# JLAB-20 MCB 131
AP# Maestro Version 7.01
$DATE_MEA:
03/13/2023 16:16:34
$MEAS_TIM:
29 59
$DATA:
0 2047
       0
       0
       0
      73
   19254
 1005014
 1171191
  809896
  667438
  543153
  430497
  332364
  248929
  180720
  126894
   85449
   55454
   34760
   20797
   11871
    6564
    3780
    1730
     776
     427
     233
     129
      73
      47
      28
      29
      13
      16
      10
       3
      12
       9
       4
       9
       3
       6
       4
       4
       6
       6
       9
       5
       5
       5
       8
       5
       4
       2
       5
       7
       2
       6
       6
       3
       8
       1
       3
       8
       2
       2
       2
       4
       7
       2
       5
       3
       3
       6
       1
       4
       4
       7
       1
       3
       4
       2
       0
       4
       1
       9
       2
       5
       2
       1
       3
       5
       4
       6
       3
       3
       2
       1
       3
       4
       1
       2
       3
       2
       3
       4
       0
       3
       2
       2
       4
       6
       3
       4
       4
       4
       1
       0
       4
       2
       4
       2
       2
       4
       3
       1
       3
       2
       3
       2
       6
       1
       3
       2
       2
       3
       1
       3
       3
       1
       2
       3
       2
       4
       2
       4
       3
       3
       2
       2
       3
       4
       2
       3
       1
       2
       0
       2
       3
       1
       7
       3
       0
       1
       0
       2
       2
       3
       3
       2
       1
       4
       4
       4
       2
       1
       6
       0
       0
       4
       2
       1
       0
       2
       4
       3
       0
       5
       2
       2
       1
       2
       0
       0
       0
       6
       4
       0
       2
       0
       0
       1
       2
       0
       2
       0
       2
       5
       2
       2
       1
       1
       3
       2
       0
       2
       4
       2
       0
       1
       4
       3
       1
       2
       1
       4
       2
       2
       4
       1
       1
       1
       3
       4
       4
       1
       2
       3
       1
       0
       1
       1
       2
       3
       1
       4
       1
       0
       3
       4
       3
       2
       5
       2
       5
       2
       3
       2
       2
       3
       4
       2
       4
       3
       2
       5
       7
       3
       4
       4
       5
       1
       2
       2
       3
       4
       2
       5
       7
       8
       5
       3
       1
       4
       2
       3
       3
       1
       3
       1
       0
       2
       4
       3
       3
       0
       2
       2
       2
       0
       1
       1
       2
       0
       2
       1
       2
       1
       3
       2
       4
       0
       0
       1
       1
       2
       2
       1
       2
       3
       2
       3
       3
       1
       0
       1
       2
       1
       1
       3
       1
       0
       0
       3
       0
       2
       1
       1
       1
       1
       0
       1
       0
       2
       1
       1
       0
       2
       4
       1
       1
       2
       0
       1
       1
       2
       2
       3
       1
       0
       2
       0
       1
       1
       1
       2
       2
       1
       3
       1
       0
       1
       1
       3
       2
       2
       0
       2
       1
       0
       1
       1
       0
       2
       2
       3
       1
       1
       2
       0
       0
       2
       1
       0
       0
       1
       4
       3
       1
       1
       0
       3
       1
       0
       0
       2
       1
       2
       1
       1
       0
       1
       0
       0
       1
       1
       4
       0
       3
       0
       3
       2
       2
       1
       2
       2
       3
       0
       0
       0
       2
       2
       1
       0
       2
       2
       1
       1
       2
       2
       0
       3
       2
       4
       3
       0
       0
       2
       2
       2
       3
       0
       0
       2
       3
       1
       2
       3
       4
       2
       4
       1
       1
       0
       1
       1
       5
       1
       1
       1
       0
       1
       2
       2
       3
       3
       2
       3
       2
       4
       7
      11
       6
       2
      12
       8
      10
      10
      15
       7
      16
      14
      14
      20
      25
      27
      36
      38
      30
      44
      37
      42
      36
      31
      38
      24
      30
      29
      25
      19
      13
      14
      12
      13
       6
       2
       3
       2
       1
       3
       5
       4
       0
       1
       0
       0
       1
       2
       4
       0
       2
       1
       2
       1
       1
       1
       1
       0
       4
       4
       0
       2
       2
       1
       2
       0
       5
       3
       1
       4
       3
       5
       2
       5
       9
       5
       5
       7
      11
      14
      20
      12
      26
      19
      14
      22
      21
      20
      22
      30
      15
      12
      14
      14
       6
       5
      10
       9
       7
       5
       1
       3
       6
       5
       3
       1
       2
       2
       3
       1
       1
       4
       2
       1
       0
       0
       2
       1
       1
       0
       0
       0
       1
       0
       1
       0
       1
       2
       1
       1
       1
       0
       1
       0
       0
       0
       0
       0
       1
       2
       1
       2
       1
       2
       1
       0
       2
       1
       2
       0
       1
       0
       0
       0
       0
       0
       0
       1
       0
       1
       2
       2
       0
       1
       0
       0
       0
       1
       1
       1
       0
       0
       0
       1
       1
       1
       0
       0
       0
       0
       0
       2
       0
       0
       0
       3
       0
       2
       0
       1
       1
       0
       2
       0
       1
       0
       1
       2
       0
       1
       0
       0
       0
       0
       0
       0
       2
       0
       1
       0
       0
       0
       1
       0
       1
       0
       2
       0
       0
       1
       2
       1
       0
       1
       4
       1
       1
       0
       1
       1
       0
       1
       1
       2
       0
       1
       2
       1
       2
       1
       0
       1
       1
       2
       1
       1
       0
       2
       1
       0
       1
       0
       1
       3
       1
       0
       0
       4
       0
       0
       1
       2
       1
       2
       0
       0
       0
       0
       0
       1
       0
       1
       0
       0
       1
       1
       2
       0
       2
       0
       1
       1
       1
       1
       2
       1
       0
       1
       1
       1
       1
       0
       1
       0
       1
       0
       1
       0
       0
       0
       4
       0
       0
       0
       2
       1
       1
       2
       1
       0
       0
       0
       0
       0
       1
       0
       1
       1
       3
       3
       0
       0
       1
       0
       3
       0
       0
       2
       2
       1
       1
       2
       1
       2
       0
       1
       1
       1
       1
       2
       0
       1
       3
       5
       2
       2
       3
       1
       1
       2
       0
       2
       1
       0
       2
       2
       2
       3
       3
       2
       1
       1
       0
       1
       1
       1
       0
       0
       1
       0
       0
       1
       2
       1
       0
       2
       0
       0
       2
       1
       0
       2
       1
       3
       4
       2
       3
       0
       1
       0
       0
       1
       1
       0
       0
       1
       2
       0
       0
       3
       0
       2
       1
       0
       1
       1
       0
       4
       2
       3
       1
       0
       1
       1
       1
       1
       1
       1
       3
       0
       4
       1
       0
       1
       0
       1
       0
       0
       0
       0
       1
       3
       1
       2
       0
       1
       1
       0
       3
       1
       4
       1
       0
       2
       1
       1
       2
       0
       1
       3
       0
       0
       1
       3
       0
       1
       1
       2
       0
       1
       1
       0
       0
       2
       1
       0
       3
       0
       0
       4
       0
       1
       0
       2
       1
       2
       1
       2
       2
       6
       2
       2
       3
       3
       0
       3
       3
       2
       0
       0
       3
       3
       2
       3
       1
       2
       1
       0
       4
       1
       0
       1
       2
       2
       3
       2
       2
       5
       2
       3
       0
       2
       2
       4
       1
       3
       0
       1
       3
       2
       6
       2
       1
       2
       2
       2
       4
       1
       8
       5
       4
       2
       5
       3
       1
       3
       6
       2
       4
       4
       2
       2
       1
       5
       4
       3
       6
       3
       4
       5
       5
       2
       4
       3
       6
       2
       5
       5
       4
       4
       5
       1
       9
       4
       8
       5
      10
       3
       5
       7
       2
       5
       5
       3
       4
       3
       7
       5
       4
       8
       4
       3
       6
       8
      12
      15
       8
       5
       5
       4
      10
       8
       6
      10
      10
      11
      16
       5
       9
      11
       8
      10
       8
      11
      12
       8
      18
      12
       6
      16
      12
      15
      17
      11
      11
      16
      20
      13
      18
      15
       8
      15
      20
      20
      15
      21
      23
      18
      15
      16
      17
      16
      19
      24
      21
      21
      21
      25
      24
      30
      18
      26
      20
      25
      13
      27
      11
      27
      29
      23
      27
      17
      25
      24
      25
      18
      13
      14
      17
      17
      14
      15
      17
      12
      12
      13
      17
      10
      19
       9
      15
      15
      15
       7
      12
      11
      16
      10
      10
       7
       6
      12
      11
      13
       5
      12
       7
       9
      10
      12
       9
       7
       7
       8
       6
      14
       5
       2
       8
       6
       6
       8
       7
       5
       7
       6
       7
       9
       5
       7
       8
       5
      11
       7
       4
       7
       4
       7
       8
       8
       7
       8
       6
       4
       4
       1
       9
      15
       6
       8
       6
       6
       1
       7
       8
       8
      11
       8
       6
       8
       6
       5
       5
       6
       5
      12
       9
       2
       4
       7
       9
       7
       4
       1
       8
       5
       6
       5
       7
       4
       6
       5
       8
       3
       7
       5
       7
       7
       4
       5
       7
       2
      10
       6
       6
       3
       5
       7
       4
       8
       4
      10
       7
       4
       7
       5
       6
      10
       8
       6
       8
       4
       4
      10
       8
       3
      10
       4
       1
       5
      10
       5
       5
       5
       5
       7
       2
       6
       4
       9
       5
       6
       5
       4
       4
       5
       6
       6
      12
       4
       3
       5
       4
       5
       6
       8
       6
       3
       6
       4
       8
       1
       6
       5
       1
       7
       4
       9
       3
       8
       3
       6
       5
       3
       6
       6
       7
       5
       9
       6
       7
       4
       6
      10
      10
       9
      12
      24
      21
      21
      25
      32
      30
      63
      51
      78
      85
      86
      83
      85
      88
      86
      88
      72
      71
      72
      53
      43
      31
      27
      21
      18
       9
      11
       7
      12
       3
       1
       1
       1
       1
       0
       1
       0
       0
       2
       2
       2
       0
       0
       0
       0
       3
       1
       0
       0
       0
       0
       0
       1
       0
       2
       1
       0
       0
       1
       2
       1
       0
       0
       3
       1
       1
       1
       0
       0
       0
       0
       1
       0
       2
       0
       1
       1
       1
       0
       0
       0
       1
       2
       2
       0
       0
       1
       0
       0
       0
       0
       0
       0
       0
       0
       0
       0
       1
       0
       0
       1
       1
       1
       0
       0
       2
       0
       0
       2
       0
       0
       2
       0
       0
       0
       1
       2
       2
       0
       2
       0
       0
       0
       1
       1
       1
       0
       0
       1
       2
       2
       2
       0
       0
       1
       0
       0
       0
       0
       0
       0
       1
       0
       1
       2
       5
       0
       0
       1
       1
       0
       0
       0
       2
       1
       0
       0
       0
       1
       1
       1
       0
       1
       0
       1
       2
       0
       2
       0
       1
       0
       2
       3
       0
       0
       3
       3
       1
       1
       2
       2
       2
       2
       2
       1
       1
       0
       1
       1
       3
       0
       3
       2
       1
       0
       1
       0
       1
       1
       1
       0
       0
       0
       2
       1
       2
       0
       0
       1
       0
       2
       2
       1
       1
       1
       1
       0
       0
       0
       1
       0
       1
       0
       0
       1
       1
       1
       1
       1
       1
       1
       3
       1
       0
       1
       0
       0
       2
       0
       0
       1
       1
       0
       2
       0
       0
       2
       1
       1
       1
       0
       1
       0
       1
       2
       2
       1
       0
       1
       2
       1
       0
       1
       0
       1
       2
       0
       0
       2
       1
       0
       0
       2
       2
       0
       0
       1
       2
       2
       0
       0
       1
       1
       0
       0
       0
       1
       0
       1
       1
       1
       1
       0
       1
       1
       1
       0
       0
       1
       2
       0
       1
       2
       1
       3
       3
       4
       3
       0
       0
       1
       2
       0
       2
       3
       1
       1
       1
       2
       2
       1
       3
       1
       1
       0
       3
       0
       1
       2
       1
       2
       0
       3
       1
       0
       1
       1
       2
       0
       1
       1
       0
       1
       0
       3
       2
       0
       1
       4
       3
       1
       1
       0
       0
       3
       4
       6
       1
       3
       1
       1
       2
       3
       0
       4
       2
       0
       2
       3
       3
       2
       1
       1
       3
       0
       1
       4
       0
       1
       3
       3
       0
       1
       0
       0
       2
       0
       2
       0
       0
       0
       0
       0
       0
       1
       1
       1
       0
       3
       3
       0
       0
       1
       0
       1
       2
       0
       1
       2
       1
       0
       0
       2
       0
       1
       2
       0
       0
       0
       0
       2
       2
       0
       0
       1
       1
       1
       1
       0
       2
       0
       1
       0
       0
       2
       2
       2
       2
       1
       1
       0
       1
       4
       0
       1
       0
       0
       1
       1
       0
       3
       1
       1
       0
       0
       1
       1
       0
       0
       1
       0
       1
       2
       0
       1
       1
       1
       0
       0
       0
       0
       2
       0
       1
       0
       2
       1
       2
       1
       1
       1
       0
       3
       0
       0
       1
       0
       0
       1
       0
       0
       2
       0
       0
       0
       1
       0
       2
       2
       1
       0
       0
       2
       0
       2
       0
       1
       2
       1
       1
       0
       0
       1
       1
       0
       0
       0
       1
       0
       0
       0
       1
       0
       0
       1
       1
       0
       2
       1
       2
       0
       0
       2
       0
       1
       0
       1
       1
       1
       1
       1
       1
       2
       1
       0
       0
       0
       0
       0
       2
       2
       0
       1
       0
       0
       1
       1
       1
       0
       0
       0
       1
       1
       1
       2
       0
       1
       1
       1
       0
       1
       2
       1
       0
       0
       2
       2
       1
       1
       3
       0
       4
       0
       1
       3
       0
       4
       1
       0
       5
       1
       1
       2
       2
       2
       0
       0
       0
       1
       2
       0
       0
       0
       0
       2
       0
       1
       0
       0
       0
       0
       0
       0
       1
       0
       0
       0
       0
       0
       1
       0
       1
       1
       2
       4
       2
       1
       1
       0
       1
       1
       0
       0
       1
       1
       3
       2
       2
       0
       2
       0
       2
       2
       1
       0
       2
       0
       0
       0
       0
       0
       0
       0
       0
       0
       0
       0
       0
       0
       0
       0
       0
       0
       0
       0
       0
       0
       0
       0
       0
       0
       0
       0
       0
       0
       0
       0
       0
       0
       0
       0
       0
       0
       0
       0
       0
       0
       0
       0
       0
       0
       0
       0
       0
       0
       0
       0
       0
       0
       0
       0
       0
       0
       0
       0
       0
       0
       0
       0
       0
       0
       0
$ROI:
1
763 797
$PRESETS:
Real Time
1200
0
$ENER_FIT:
0.000000 0.045181
$MCA_CAL:
3
0.000000E+000 4.518135E-002 0.000000E+000 keV
$SHAPE_CAL:
3
0.000000E+000 0.000000E+000 0.000000E+000
