$SPEC_ID:
This is sample 008.
$SPEC_REM:
DET# 3
DETDESC# JLAB-20 MCB 131
AP# Maestro Version 7.01
$DATE_MEA:
03/13/2023 15:52:12
$MEAS_TIM:
29 59
$DATA:
0 2047
       0
       0
       0
      79
   18590
  956473
 1102262
  764295
  636672
  524773
  423542
  331793
  253145
  189600
  136567
   97159
   66875
   45360
   30070
   19378
   12589
    8255
    5293
    3168
    1997
    1347
     821
     550
     321
     201
     125
      79
      47
      36
      28
      24
      24
      21
      19
      18
      17
      16
      10
      23
      11
      11
      14
      15
      22
      17
      14
      17
      12
      11
      12
      17
      12
      10
       9
      15
       8
      15
      21
      22
       9
       8
       9
       5
      11
       7
       9
       5
       9
      11
       9
       9
      15
      10
       8
       8
       3
      10
       7
       6
       9
       7
       5
       9
       3
      11
      10
       6
       5
       5
      11
       3
       8
       8
       8
      13
       6
       9
       7
      10
       5
       6
      12
       6
       9
       5
       9
      12
       5
       5
       6
       6
      11
      10
      14
       5
       6
       9
       8
       6
       3
       9
       5
       8
       5
       5
       8
       4
       6
       3
      13
       4
       6
       3
       6
       7
       5
       7
       5
       8
       4
       5
       5
       3
       5
       3
       4
       5
       5
       7
       2
       4
       4
       8
       7
       7
       2
       3
       2
       6
       4
       4
       5
       6
       4
       5
       4
       6
       6
       6
       5
       4
       9
       9
       2
       2
       8
       5
       3
       3
       5
       6
       6
       4
       2
       8
       2
       8
       7
       1
       1
       3
       2
       5
       4
       6
       1
       2
       3
       4
       2
       7
       2
       2
       5
       5
       4
       8
       7
       5
       4
       4
       4
       7
       9
       6
       1
       3
       7
       4
       6
       4
       5
       4
       3
       2
       4
       8
       3
       3
       5
       7
       1
       1
       4
       6
       2
       6
       3
       6
       3
       4
       3
       6
       2
       3
       4
       5
       3
       3
       1
       1
       4
       1
       3
       6
       1
       3
       4
       4
       4
       3
       5
       4
       1
       6
       4
       7
       2
       5
       4
       4
       1
       3
       3
       4
       5
       3
       3
       4
       2
       4
       4
       8
       4
       3
       3
       3
       3
       4
       1
       7
       2
       9
       3
       6
       2
       4
       5
       1
       1
       4
       5
       2
       2
       6
       7
       4
       3
       4
       3
       5
       6
       1
       3
       2
       3
       2
       3
       2
       3
       5
       2
       1
       5
       5
       3
       1
       3
       3
       2
       3
       2
       6
       1
       2
       0
       1
       4
       2
       1
       2
       6
       2
       2
       2
       2
       4
       1
       4
       5
       2
       2
       4
       1
       1
       4
       2
       2
       2
       2
       2
       0
       1
       4
       0
       2
       4
       2
       0
       1
       2
       3
      10
       2
       1
       2
       2
       1
       0
       5
       3
       2
       1
       2
       3
       3
       4
       2
       2
       1
       4
       5
       3
       0
       2
       5
       3
       3
       2
       1
       5
       3
       1
       4
       4
       1
       2
       1
       1
       2
       3
       5
       2
       1
       4
       1
       5
       1
       2
       3
       5
       1
       2
       3
       4
       4
       3
       1
       0
       5
       1
       3
       3
       0
       1
       1
       0
       5
       2
       2
       1
       2
       3
       5
       5
       4
       1
       4
       4
       3
       3
       3
       2
       7
       4
       3
       5
       2
       2
       6
       3
       4
       3
       2
      10
       3
       5
       5
       1
       4
       6
       9
       6
       5
       3
       7
       9
       9
       3
       7
       9
       7
       8
       8
       7
      11
       4
      15
       9
      11
      11
      17
      15
      12
      19
      19
       8
      17
      27
      13
      17
      14
      15
      20
      14
      12
      15
      11
       6
       5
       5
       7
       6
       7
       1
       1
       4
       4
       2
       1
       0
       1
       3
       1
       0
       2
       1
       1
       0
       3
       1
       3
       1
       2
       2
       2
       2
       3
       2
       2
       3
       0
       3
       6
       2
       1
       3
       5
       2
       2
       3
       3
       4
       3
       0
       3
       1
       2
       2
       3
       2
       4
       2
       3
       8
       4
       4
       3
       6
       4
       7
       4
       3
       4
       1
       5
       4
       6
       4
       5
       5
       5
       4
       1
       6
       5
       4
       5
      10
       6
       4
      11
       6
       2
       9
       8
       7
      12
       5
      11
       7
       5
       7
      10
       6
       7
       3
       6
       7
       6
       9
       8
       6
       3
       3
       4
       6
       4
       4
       3
       2
       5
       7
       6
       5
       9
       3
       4
       8
       2
       6
       4
       4
       3
      10
      11
       2
       9
       5
       3
       3
       7
       3
       8
       6
       3
       7
       8
       5
       7
      10
       6
       6
       8
       6
       9
       6
       8
       6
       8
       7
       5
       6
       8
      10
       8
       9
      10
      12
      11
      15
       5
      11
      14
      11
      14
      14
       8
      12
      13
      17
       9
      14
      24
      15
      23
      23
      30
      30
      27
      25
      27
      45
      23
      29
      34
      29
      38
      44
      42
      61
      55
      62
      67
      82
     116
     131
     132
     160
     147
     185
     240
     291
     313
     357
     376
     437
     437
     529
     487
     540
     568
     532
     554
     526
     490
     432
     432
     377
     343
     268
     258
     215
     178
     123
     139
      85
      81
      54
      34
      30
      33
      16
      10
      17
       7
       6
       7
       5
       7
       7
       3
       1
       5
       9
       5
       8
       5
       4
       3
       9
      10
       4
       6
       3
       7
       5
       4
       7
       6
       5
      10
       7
      10
       8
       3
       8
      10
      12
      12
      12
      11
      13
       9
      10
       9
      10
      13
      20
      12
      15
      11
      16
      12
      11
      11
      14
      17
      22
      21
      16
      20
      27
      33
      30
      40
      66
      63
      80
      73
     114
     140
     158
     186
     223
     203
     217
     226
     231
     239
     225
     227
     194
     183
     148
     129
     127
     124
      89
      85
      75
      68
      64
      75
      73
      67
      77
      74
      69
      55
      71
      51
      49
      47
      54
      41
      42
      35
      29
      20
      19
      12
      11
       9
       6
       5
       3
       7
       3
       5
       3
       2
       2
       1
       1
       2
       1
       1
       3
       2
       4
       1
       0
       0
       3
       5
       2
       3
       2
       1
       5
       4
       1
       2
       2
       3
       4
       2
       2
       2
       2
       4
       2
       1
       1
       3
       1
       0
       2
       0
       0
       1
       3
       1
       3
       1
       0
       1
       3
       1
       0
       3
       1
       2
       6
       2
       4
       2
       2
       2
       2
       1
       0
       1
       3
       0
       3
       2
       3
       2
       2
       1
       4
       3
       1
       1
       4
       2
       1
       5
       1
       5
       6
       0
       1
       1
       2
       4
       1
       3
       2
       5
       5
       4
       5
       1
       1
       0
       3
       2
       5
       0
       0
       2
       3
       2
       3
       3
       1
       3
       3
       5
       6
       4
       3
       3
       1
       4
       2
       2
       3
       4
       0
       5
       6
       3
       0
       2
       5
       9
       5
       2
       1
       4
       3
       5
       2
       5
       8
       7
       3
       3
       6
       7
       8
       6
       9
       6
       3
       8
       7
       6
       6
       4
       3
       4
       7
       2
       6
       5
       8
       9
      10
       5
       6
       6
       8
       4
       3
      11
       5
       5
       9
      10
      11
       8
       7
       9
       9
      13
       8
      12
      10
       7
       9
       9
      11
      10
      13
      13
      11
      15
      11
       8
      16
      13
      21
       7
      12
      21
      13
      14
      17
      12
      16
      22
      22
      21
      12
      20
      18
      20
      11
      14
      17
      12
      22
      36
      26
      32
      21
      28
      33
      35
      30
      29
      32
      37
      25
      26
      28
      41
      31
      39
      33
      41
      49
      42
      51
      40
      61
      67
      56
      59
      52
      60
      53
      44
      59
      44
      49
      41
      54
      70
      55
      53
      67
      46
      52
      57
      56
      39
      50
      47
      56
      30
      41
      37
      39
      23
      40
      37
      37
      22
      28
      21
      28
      28
      26
      21
      32
      17
      25
      20
      21
      15
      15
      14
      17
      12
      18
      20
      10
      14
      13
      14
      19
      14
      11
      17
       9
       7
      18
       6
      16
      16
      15
      14
       6
      19
       8
      10
       9
       6
      18
      10
       5
      12
      12
      12
       4
       8
       8
      12
      11
      12
       9
       9
       8
       9
      12
       7
       5
       4
      15
      11
       6
      11
      10
       5
       9
       7
       5
       5
       6
       7
      12
       9
       8
       9
       5
       9
       7
       4
       8
       7
       7
       7
       6
       6
       7
       6
      10
       4
       3
       7
       6
       8
       7
       5
       9
       7
       7
      11
       9
       6
      16
       1
       8
       5
       7
       9
       6
       5
       4
       4
      11
       7
       4
       5
       3
       9
       6
       6
       6
       4
       9
       8
       9
       7
       4
       6
       7
       5
       4
       4
       7
       6
       5
       5
       7
       6
       7
       7
      10
       7
       8
       8
       4
       5
       6
       7
       6
       5
       4
       4
      11
       3
       6
       8
       5
       5
       3
       2
       2
       5
       5
       6
       6
       5
       7
       9
       4
       6
       5
       5
       8
       6
       3
       4
       4
       5
       2
       9
       3
      10
       4
       5
       5
       7
       7
       6
       7
       6
       6
       8
       8
       9
      14
      14
      24
      14
      18
      23
      34
      41
      62
      67
      80
      86
      63
     103
      88
      79
      82
      80
      74
      82
      64
      60
      45
      36
      26
      33
      25
      18
      15
      16
       8
      10
       3
       4
       3
       2
       1
       2
       1
       0
       0
       0
       1
       0
       0
       1
       2
       2
       2
       2
       1
       0
       1
       2
       1
       0
       2
       1
       1
       2
       1
       0
       1
       2
       3
       2
       2
       0
       1
       1
       0
       0
       1
       1
       0
       0
       1
       0
       1
       1
       1
       0
       1
       1
       0
       1
       1
       1
       0
       0
       1
       0
       0
       0
       1
       1
       1
       1
       0
       1
       1
       1
       1
       3
       0
       0
       1
       0
       0
       0
       1
       0
       0
       1
       1
       2
       2
       2
       0
       0
       0
       0
       2
       1
       0
       1
       0
       0
       1
       1
       0
       1
       2
       0
       0
       1
       2
       0
       3
       1
       3
       0
       2
       1
       1
       1
       1
       0
       0
       1
       0
       1
       1
       0
       1
       0
       2
       0
       1
       1
       1
       0
       2
       0
       1
       0
       2
       2
       1
       2
       3
       0
       0
       2
       1
       0
       2
       0
       0
       0
       0
       1
       2
       0
       1
       0
       1
       0
       2
       0
       0
       2
       1
       0
       2
       1
       1
       1
       1
       0
       0
       2
       2
       1
       2
       1
       0
       1
       0
       0
       0
       1
       1
       0
       2
       1
       1
       0
       2
       0
       0
       2
       2
       0
       0
       4
       1
       0
       0
       2
       0
       1
       2
       0
       1
       1
       0
       2
       0
       3
       2
       1
       1
       0
       2
       0
       0
       1
       0
       0
       0
       1
       1
       1
       1
       0
       0
       3
       1
       0
       0
       0
       1
       0
       0
       2
       0
       1
       2
       2
       1
       0
       0
       0
       0
       4
       0
       2
       0
       1
       3
       1
       2
       3
       1
       3
       0
       1
       4
       0
       2
       2
       3
       0
       3
       1
       1
       1
       0
       0
       2
       1
       0
       0
       1
       1
       2
       1
       0
       2
       1
       3
       3
       1
       2
       1
       5
       0
       2
       2
       4
       4
       3
       1
       2
       1
       2
       1
       0
       0
       1
       0
       0
       0
       1
       1
       2
       1
       0
       1
       1
       0
       0
       0
       2
       0
       0
       3
       3
       1
       1
       4
       1
       1
       0
       2
       1
       0
       0
       2
       3
       2
       2
       1
       3
       1
       4
       5
       6
       1
       1
       1
       5
       0
       1
       1
       2
       2
       1
       1
       1
       1
       1
       1
       3
       2
       1
       3
       2
       1
       0
       3
       1
       0
       0
       3
       0
       0
       3
       3
       2
       3
       3
       1
       0
       1
       1
       0
       1
       1
       0
       1
       0
       1
       1
       0
       0
       2
       1
       1
       0
       0
       2
       1
       1
       0
       1
       0
       0
       2
       0
       1
       0
       0
       1
       2
       0
       2
       0
       1
       0
       0
       0
       0
       0
       0
       0
       1
       0
       0
       0
       0
       0
       0
       1
       0
       1
       0
       3
       1
       4
       1
       0
       0
       1
       1
       1
       0
       0
       2
       1
       0
       1
       0
       2
       1
       0
       1
       0
       0
       0
       2
       1
       0
       0
       0
       0
       0
       1
       0
       0
       1
       1
       2
       0
       1
       1
       1
       0
       0
       3
       0
       0
       0
       1
       0
       0
       1
       2
       1
       1
       0
       1
       0
       0
       0
       0
       0
       1
       1
       1
       0
       0
       1
       0
       1
       1
       2
       0
       2
       1
       0
       0
       1
       0
       1
       0
       0
       2
       2
       0
       0
       0
       2
       1
       1
       1
       1
       0
       0
       2
       2
       2
       1
       1
       0
       1
       0
       1
       0
       0
       1
       0
       2
       2
       2
       0
       0
       0
       1
       0
       2
       0
       3
       0
       1
       1
       0
       0
       0
       1
       1
       0
       2
       1
       2
       1
       5
       0
       0
       3
       1
       0
       0
       0
       1
       3
       0
       0
       1
       1
       1
       1
       3
       1
       0
       1
       0
       1
       0
       0
       0
       1
       2
       1
       0
       0
       0
       0
       0
       1
       0
       0
       1
       3
       0
       0
       1
       1
       1
       1
       3
       1
       2
       1
       4
       0
       0
       1
       2
       1
       2
       1
       1
       3
       1
       0
       2
       3
       2
       0
       0
       0
       0
       0
       0
       0
       0
       0
       0
       0
       0
       0
       0
       0
       0
       0
       0
       0
       0
       0
       0
       0
       0
       0
       0
       0
       0
       0
       0
       0
       0
       0
       0
       0
       0
       0
       0
       0
       0
       0
       0
       0
       0
       0
       0
       0
       0
       0
       0
       0
       0
       0
       0
       0
       0
       0
       0
       0
       0
       0
       0
       0
       0
       0
$ROI:
1
763 797
$PRESETS:
Real Time
1200
0
$ENER_FIT:
0.000000 0.045181
$MCA_CAL:
3
0.000000E+000 4.518135E-002 0.000000E+000 keV
$SHAPE_CAL:
3
0.000000E+000 0.000000E+000 0.000000E+000
