$SPEC_ID:
This is sample 008.
$SPEC_REM:
DET# 3
DETDESC# JLAB-20 MCB 131
AP# Maestro Version 7.01
$DATE_MEA:
03/08/2023 16:09:38
$MEAS_TIM:
58 60
$DATA:
0 2047
       0
       0
       0
       0
       0
       0
       0
       0
       0
       0
       0
       0
       0
       0
       0
       0
       0
       0
       0
       0
       0
       0
       0
       0
       0
       0
       0
       0
       0
       0
       0
       0
       0
       0
       0
       0
       0
       0
       0
       0
       0
       0
       0
       0
       0
       0
       0
       0
       0
       0
       0
       0
       0
       0
       0
       0
       0
       0
       0
       0
       0
       0
       0
       0
       0
       0
       0
       0
       0
       0
       0
       0
       0
       0
       0
       0
       0
       0
       0
       0
       0
       0
       0
       0
       0
       0
       3
      22
      31
      17
      24
      22
      29
      22
      22
      15
      14
      18
      22
      18
      17
      26
      22
      22
      15
      21
      18
      16
      13
      21
      20
      16
      15
      22
      13
      15
      16
      14
      17
      21
      11
      16
      19
       7
      22
      20
       8
      13
      13
      19
      15
      14
      10
       9
       6
      12
      11
      13
      13
      10
      17
      16
      10
      11
      15
      14
      13
       9
      20
       9
      15
      14
      18
      14
      12
       8
      10
      13
       8
      15
      12
      10
      10
       9
      12
      12
       7
      10
      13
       8
      11
      11
      12
      10
      14
       7
      16
      15
      10
      14
      13
       9
      11
      10
       8
       9
      11
      10
       7
       6
      13
      12
       7
      15
      15
      15
      14
       8
      19
       9
       7
       7
      12
       8
       8
       8
       7
       7
       5
       3
       4
       8
       9
      11
      12
       6
       8
       6
      11
       3
       9
       8
      10
       5
      13
      14
       5
       7
      10
       2
       7
       6
       9
      12
       7
       4
       5
       7
      12
       9
       3
      11
       6
       7
      10
       5
       6
      10
       5
       3
       6
       2
       6
       7
       7
       5
      11
      16
       5
       7
       6
      13
      12
      11
      10
       6
      10
      10
       5
      11
       6
       9
      10
       4
       8
       2
       5
       4
       5
       4
      10
      10
       6
       8
       3
       5
       4
       6
       7
       8
       8
       4
       6
      12
       6
      13
       6
      10
       4
       4
       6
      12
       4
       5
       3
       5
       7
       9
       6
       7
       4
      11
       3
       3
       6
       5
       8
       5
       7
       7
       7
       4
       5
       7
       6
       6
       3
       8
      10
       6
       7
       7
       5
       8
       3
       5
       6
       4
       3
       9
       6
       5
       8
       5
       6
       3
       8
       7
       5
       3
       5
       5
       6
       6
       5
       4
       8
       3
       8
       6
       3
       6
       6
       7
       6
       4
       3
      11
       5
       6
       5
       7
       3
       2
       8
       9
       3
       2
       5
       5
       3
       4
       4
      10
       5
       3
       6
       6
       8
       6
       6
       6
      10
       6
       3
      14
      11
       5
       7
       6
       6
       2
       2
       2
       3
       6
       1
       6
       6
       6
       4
       4
       5
       4
      12
       8
       8
       2
       2
       3
       3
       1
       2
       4
       3
       4
       5
       5
       1
       4
       8
       5
       9
       5
       5
       7
       9
       3
      11
       6
       6
       5
       3
       2
       2
       6
       3
       5
       2
       7
       3
       3
       3
       6
       3
       3
       4
       8
       2
       5
       5
       5
       7
       3
       4
       2
       7
       6
       7
       3
       4
       5
       3
       4
       7
       1
       3
       7
       5
       7
       3
       5
       4
       2
       6
       3
       2
       9
       3
      10
       3
       6
       5
       4
       4
       1
       6
       4
       6
       5
       3
       6
       5
       4
       3
       4
       3
       1
       1
       3
       4
       4
       3
       8
       4
       4
       4
       8
       2
       2
       6
       7
       3
       7
       4
       3
       1
       6
       2
       4
       4
       3
       3
       7
       7
       4
       5
       2
       5
       2
       4
       3
       3
       6
       4
       7
       5
       3
       3
       3
       3
       5
       5
       4
       9
       4
       6
       8
       6
       7
       1
       8
       3
       5
       4
       7
       4
       8
       1
      12
       5
       8
       3
       3
       7
       1
       5
       7
       6
       7
       2
       8
       5
       6
       9
       6
       5
       6
       7
       0
       6
       8
       4
       5
       7
       5
       3
      11
       5
       7
       7
       6
       8
       5
      13
       7
       2
      10
       7
      13
      14
      16
      10
       6
      14
      10
       9
      10
      16
      12
      20
      17
      16
      14
      11
      13
      15
      21
      13
      22
      17
      14
      16
      13
      16
      23
      25
      13
      25
      27
      13
      37
      20
      15
      21
      24
      36
      32
      32
      43
      34
      36
      39
      44
      56
      37
      48
      52
      60
      44
      46
      57
      50
      54
      50
      64
      38
      39
      51
      50
      39
      30
      48
      35
      33
      35
      41
      29
      26
      14
      24
      16
      17
      21
      10
      13
      17
      12
       8
      10
       9
       9
       8
       2
       8
       4
       7
       2
       5
       1
       5
       3
       6
       0
       4
       5
       3
       4
       2
       6
       6
       3
       4
       3
       7
       5
       3
       4
      10
       7
       3
       4
       4
       7
       3
       5
       2
       8
       4
       4
       4
       6
       2
       6
       8
       5
       6
       4
       3
       4
       6
       5
       5
       3
       7
       5
      12
      11
      14
       5
       9
       5
      12
      10
       8
       6
       6
      11
      13
       8
      10
      11
      11
       8
      13
       7
       6
      13
      11
      10
       6
      17
      15
      12
      10
      13
       8
       7
      10
      12
      12
      17
      17
      13
      16
      22
      18
      20
      17
      13
      17
      17
      21
      23
      18
      20
      19
      18
      18
      14
      25
      20
      11
      18
      15
      14
      14
      11
      13
      16
       9
      15
      11
      17
      10
      16
      11
      13
      17
      11
      13
      17
      13
      10
      12
      13
       6
      11
       5
      14
      20
       9
      10
      13
      13
      13
       8
       9
      10
      18
       8
      12
       8
      13
      14
      16
      18
      16
      15
      22
      17
      19
      17
       9
      19
      19
      25
      19
      18
      16
      17
      16
      18
      18
      17
      26
      29
      18
      17
      10
      19
      22
      29
      17
      19
      26
      18
      29
      32
      20
      26
      24
      27
      22
      25
      23
      26
      23
      29
      32
      28
      23
      26
      26
      34
      30
      32
      30
      28
      37
      52
      34
      47
      36
      34
      58
      39
      37
      51
      49
      70
      58
      59
      61
      56
      65
      74
      80
      61
      82
      94
     135
     102
     128
     148
     160
     154
     208
     213
     247
     277
     308
     369
     407
     451
     501
     544
     611
     709
     700
     831
     862
     956
     998
    1051
    1188
    1245
    1337
    1351
    1390
    1539
    1589
    1573
    1614
    1711
    1698
    1726
    1709
    1681
    1661
    1713
    1555
    1564
    1539
    1532
    1375
    1340
    1242
    1182
    1132
    1046
     964
     888
     763
     741
     618
     551
     479
     476
     400
     318
     306
     270
     226
     196
     165
     139
     129
      75
      78
      82
      67
      58
      42
      51
      41
      33
      23
      28
      25
      22
      23
      19
      14
      19
      20
      19
      25
      16
      15
      11
      12
      20
      14
      19
      15
      18
      24
      14
      22
      16
      17
      28
      11
      16
      13
      13
      19
      18
      21
      19
      24
      30
      18
      18
      25
      33
      28
      23
      25
      21
      21
      35
      34
      30
      33
      17
      23
      37
      33
      34
      34
      38
      44
      46
      46
      64
      72
      73
      74
      90
      86
     131
     146
     152
     135
     172
     198
     234
     230
     266
     302
     325
     359
     362
     397
     448
     448
     426
     487
     461
     557
     514
     537
     551
     536
     528
     540
     514
     534
     489
     451
     471
     440
     447
     406
     365
     378
     347
     333
     298
     284
     263
     266
     254
     216
     218
     211
     234
     191
     191
     155
     183
     157
     180
     136
     157
     144
     127
     144
     112
     118
     111
      94
      86
      92
      71
      68
      57
      41
      50
      36
      39
      33
      33
      19
      16
      21
      16
      10
      12
      10
      15
       4
       3
       5
       3
       6
       3
       7
       4
       6
       4
       3
       5
       5
       5
       2
       4
       5
       3
       5
       5
       1
       1
       2
       2
       0
       3
       5
       6
       5
       3
       2
       3
       6
       7
       3
       5
       4
       1
       6
       3
       6
       4
       0
       1
       6
       2
       4
       2
       3
       1
       2
       4
       1
       6
       4
       2
       6
       3
       2
       2
       3
       1
       0
       4
       3
       3
       2
       4
       6
       3
       4
       4
       3
       6
       5
       1
       6
       1
       2
       0
       4
       2
       4
       5
       1
       2
       5
       1
       0
       7
       2
       1
       2
       1
       2
       1
       2
       6
       2
       5
       5
       5
       5
       3
       6
       3
       1
       3
       4
       3
       6
       5
       3
       5
       5
       2
       9
       4
       2
       5
       1
       2
       2
       8
       4
       7
       7
       4
       3
       4
       4
       2
       3
       5
       2
       1
       3
       4
       2
       2
       0
       3
       3
       3
       3
       2
       5
       7
       2
       5
       6
       3
       4
       8
       6
       5
       2
       7
       7
       6
       9
       9
       5
       7
       6
       4
       5
      10
       5
       6
       5
       4
       9
       7
       5
      10
       6
       9
       7
       7
       9
       7
      11
       3
       6
       7
       7
       6
      11
       5
      11
       5
       8
       6
       8
       6
      11
      16
       9
      11
       7
       8
       9
       7
       7
      10
       8
      10
       6
      11
      11
       8
      11
      11
       5
      12
      13
      14
      11
       6
      14
      13
      14
      12
      11
      13
      12
       5
      15
      14
      17
      11
       9
      13
      14
      13
      16
      14
      12
      14
      17
      17
      20
      21
      10
      25
      21
      18
      17
      17
      18
      22
      20
      16
      16
      29
      23
      24
      16
      24
      16
      38
      34
      26
      27
      23
      26
      38
      26
      30
      31
      32
      34
      29
      44
      34
      40
      40
      38
      31
      49
      37
      36
      37
      30
      43
      52
      58
      59
      42
      59
      59
      53
      58
      57
      57
      69
      51
      67
      91
      69
      72
      70
      87
      74
     100
      94
      84
      87
      63
      96
      94
     106
     100
      87
      95
     119
     105
     105
     101
      95
     102
     102
      91
     113
      95
      91
     106
      84
      95
      90
      94
      95
      98
     100
     102
      95
      98
     104
     107
      77
      77
      72
      70
      79
      70
      72
      62
      68
      82
      61
      55
      46
      52
      61
      76
      50
      49
      49
      33
      55
      52
      44
      47
      64
      42
      40
      37
      46
      26
      49
      22
      38
      43
      33
      28
      33
      35
      25
      30
      28
      29
      24
      35
      24
      26
      15
      23
      20
      31
      29
      30
      25
      29
      27
      13
      26
      19
      27
      20
      11
      23
      23
      21
      14
      18
      23
      26
      16
      20
      13
      14
      13
      17
      14
      17
      20
      18
      12
      18
      12
      20
      21
      17
      14
      20
      11
       8
      14
      13
      14
      12
      14
      18
      15
      12
      14
      13
      10
      17
       9
      11
      11
      17
      11
       9
      13
      12
      15
       7
       9
      22
      13
      13
      18
      15
       7
       8
       8
      14
       9
      10
       8
       8
       9
      12
      12
      11
       8
       6
      11
      12
      11
      15
       9
       6
       9
      13
      12
      13
      13
       5
       4
      15
      10
      16
      13
      11
      10
       8
       9
      10
       8
       3
       9
       3
       8
      13
       9
      11
       9
       6
       9
      11
       8
       7
       5
       8
       9
      11
      13
      10
       9
      10
      10
      17
       9
      10
       4
      10
      12
       7
      10
       7
       9
      13
       6
      15
       7
       9
      11
      11
       7
       9
      12
      15
      13
       8
       8
      10
       8
       4
       7
      13
      10
       6
      12
      12
       7
      15
       8
       9
       9
      14
      10
      12
       9
       8
       7
       3
      12
       8
       8
       7
       9
       4
       6
       8
      10
       7
       6
       6
       9
       7
      13
       7
       6
       8
       6
      10
       9
       9
      12
      13
       8
       8
       7
       6
      12
      15
       5
       5
       6
       7
       6
       8
       6
       9
      10
      13
       9
      14
      13
       6
      12
      18
      12
      19
      19
      21
      20
      28
      27
      28
      36
      61
      47
      48
      64
      72
      61
      76
      71
      81
      98
      84
      92
     104
      88
      99
     112
     103
     102
     118
     123
     105
     105
     114
     101
      87
      88
      68
      68
      66
      51
      51
      61
      35
      42
      39
      26
      32
      25
      22
      16
      15
      11
      14
      12
       8
       5
       9
       9
       4
       6
       5
       8
       3
       1
       1
       3
       2
       2
       3
       1
       3
       1
       3
       2
       2
       1
       1
       3
       1
       0
       1
       0
       4
       1
       0
       3
       2
       2
       1
       1
       1
       0
       2
       0
       5
       1
       1
       2
       1
       1
       2
       0
       2
       5
       1
       1
       1
       2
       0
       3
       0
       1
       0
       3
       3
       0
       0
       3
       2
       0
       1
       1
       1
       0
       3
       1
       2
       3
       2
       2
       0
       5
       0
       2
       1
       3
       1
       1
       1
       2
       1
       0
       4
       0
       2
       0
       2
       1
       1
       1
       2
       2
       1
       2
       1
       3
       2
       1
       0
       2
       2
       2
       2
       1
       1
       0
       3
       1
       0
       0
       0
       4
       0
       0
       3
       1
       0
       1
       0
       3
       1
       1
       3
       1
       0
       0
       0
       1
       2
       1
       0
       1
       2
       3
       0
       2
       1
       1
       0
       0
       1
       1
       2
       1
       0
       1
       2
       3
       2
       0
       1
       0
       5
       2
       0
       5
       2
       0
       1
       1
       1
       2
       1
       1
       2
       0
       0
       2
       0
       2
       0
       0
       1
       1
       0
       2
       0
       0
       0
       4
       2
       0
       0
       1
       0
       0
       0
       0
       0
       0
       0
       0
       0
       2
       0
       0
       0
       0
       0
       0
       0
       0
       0
       0
       0
       0
       0
       0
       0
       0
       0
       0
       0
       0
       0
       0
       0
       0
       0
       0
       0
       0
       0
       0
       0
       0
       0
       0
       0
       0
       0
       0
       0
       0
       0
       0
       0
       0
       0
       0
$ROI:
0
$PRESETS:
Real Time
1200
0
$ENER_FIT:
0.000000 0.033638
$MCA_CAL:
3
0.000000E+000 3.363775E-002 0.000000E+000 keV
$SHAPE_CAL:
3
0.000000E+000 0.000000E+000 0.000000E+000
