$SPEC_ID:
This is sample 008.
$SPEC_REM:
DET# 3
DETDESC# JLAB-20 MCB 131
AP# Maestro Version 7.01
$DATE_MEA:
03/08/2023 16:14:54
$MEAS_TIM:
131 133
$DATA:
0 2047
       0
       0
       0
       0
       0
       0
       0
       0
       0
       0
       0
       0
       0
       0
       0
       0
       0
       0
       0
       0
       0
       0
       0
       0
       0
       0
       0
       0
       0
       0
       0
       0
       0
       0
       0
       0
       0
       0
       0
       0
       0
       0
       0
       0
       0
       0
       0
       0
       0
       0
       0
       0
       0
       0
       0
       0
       0
       0
       0
       0
       0
       0
       0
       0
       0
       0
       0
       0
       0
       0
       0
       0
       0
       0
       0
       0
       0
       0
       0
       0
       0
       0
       0
       0
       0
       0
      13
      29
      35
      44
      34
      33
      30
      27
      33
      33
      43
      33
      28
      20
      20
      39
      37
      19
      21
      29
      26
      35
      31
      24
      22
      26
      28
      21
      39
      19
      24
      32
      31
      26
      21
      18
      28
      20
      19
      39
      28
      30
      23
      25
      18
      25
      21
      19
      24
      22
      18
      23
      26
      20
      24
      19
      25
      16
      17
      19
      21
      16
      13
      21
      25
      19
      20
      17
      21
      27
      21
      25
      18
      17
      17
      18
      21
      23
      19
      18
      14
      18
      23
      12
      20
      16
      14
      20
      17
      14
      22
      15
      15
      16
      15
      15
      26
      17
      16
      14
      11
      16
      15
      19
      18
      16
      18
      11
      14
      22
      22
      22
      16
      20
      17
      18
      12
      13
      11
      17
      12
      10
      14
      16
      19
      14
      13
      21
      13
       8
      15
      14
      22
      22
      11
      10
       7
      18
      13
      17
      12
      12
      13
      12
      17
      10
      18
      15
      17
      18
       9
      17
      16
      11
      19
      16
      11
      10
      25
      15
      14
      10
       8
      11
      15
       8
      16
       9
      11
      11
      14
      10
      18
      14
      14
      11
      13
      15
      11
      12
      11
      17
      11
      19
      10
      12
      14
      11
       9
      11
       7
      10
      14
      10
      14
      19
       9
       6
      11
      11
      13
      14
      13
      10
      12
       9
       7
      11
       6
      16
       7
      13
      16
      15
      17
      17
      14
      19
      13
       7
      11
       8
       7
      12
       4
       8
      10
      12
       8
       4
      12
      14
      10
      10
       9
      10
       8
      11
       8
      14
       7
      10
      12
       5
       9
      11
       6
      10
       7
      13
      12
      10
       8
      11
       7
       6
      10
       8
      12
       9
      11
       9
      11
      13
      10
      11
      12
      14
       7
       8
       6
       4
      12
       6
      10
      12
       8
       7
      10
      13
       9
       3
      14
      14
      10
      10
      15
      14
      14
       9
      16
       8
       6
       8
      15
       8
       9
       4
      11
      10
       7
      10
       8
      11
      10
       7
       7
      10
       6
       9
       7
       8
      14
       4
       7
       9
       6
       7
       6
       7
       9
       5
      11
       5
      11
      10
      11
       4
       8
       8
      15
       8
       6
       6
      12
       4
      11
      14
       6
       5
       7
       8
       6
      13
      10
       8
       8
       8
       7
       7
       5
      10
       8
       6
       6
       6
      10
       9
       7
       8
       7
       3
       4
       8
      10
       8
       8
       7
      17
      11
       5
       3
       8
       7
      12
      10
       9
       9
       5
       8
       5
       5
       6
       4
       6
       7
       6
       9
       7
       2
       8
      10
       9
       8
       7
       4
       9
       8
       7
       6
       7
       7
       7
      10
       8
       6
       6
       9
       5
       9
       7
      10
       9
       7
       4
       5
       8
       5
       6
       3
       6
      13
       7
       5
       7
       7
       4
       9
       5
       8
       6
       7
       9
       8
       4
       8
       8
       7
      16
      10
       8
       7
       9
       5
       9
       8
       9
      10
       4
       7
      11
       7
       4
       7
      14
       7
       8
       5
       8
       9
       6
       6
       4
       7
       7
       6
       9
       4
       3
      11
       5
       9
      12
       4
       9
      10
      11
       4
      13
       5
       9
      10
       9
       8
      10
       9
      10
      10
       2
       5
       8
       7
       5
       9
       8
      11
       5
       4
      11
       8
      12
       6
       8
       8
       7
      12
       9
       7
      14
       8
      10
       7
       8
       9
       8
      13
       4
      12
      10
       7
      16
      14
      12
      20
      18
      19
      23
      16
      10
      17
      13
      23
      20
      21
      20
      24
      18
      25
      22
      22
      24
      20
      21
      25
      20
      29
      27
      27
      37
      26
      19
      27
      21
      29
      28
      33
      31
      34
      24
      31
      37
      42
      45
      53
      52
      35
      64
      52
      50
      47
      65
      60
      67
      60
      67
      72
      56
      55
      44
      64
      54
      57
      50
      45
      59
      47
      29
      43
      33
      26
      30
      24
      39
      17
      27
      26
      12
      16
      23
       8
      21
       7
      15
      14
      12
       5
       9
       3
      15
       8
      11
       7
       7
       6
       8
       7
       6
       6
      12
       9
       7
       9
       9
       6
       6
       3
       5
       5
       5
       7
       7
      10
       8
      12
       7
       6
       2
       7
       8
       8
      13
       4
       5
       8
       5
      12
      12
      11
       6
      15
      15
       3
       7
      15
       9
       5
      15
       9
       6
      15
       8
      16
      14
      18
      14
      13
      18
      11
      13
      12
      12
      17
      12
      10
      18
      18
      12
      14
      14
      13
      15
      12
      16
      20
      14
      18
      22
      24
      18
      21
      18
      13
      15
      18
      28
      18
      18
      21
      31
      23
      19
      28
      34
      34
      25
      30
      25
      29
      25
      29
      28
      25
      32
      24
      20
      27
      22
      20
      22
      17
      22
      18
      18
      29
      19
      19
      23
      17
      21
      23
      17
      12
      16
      20
      12
      12
      14
      16
      17
      17
      20
      10
      21
      13
      14
      23
      11
       7
      22
      19
      14
      15
      16
      15
      19
      23
      17
      14
      20
      15
      25
      15
      18
      18
      23
      21
      18
      22
      15
      17
      13
      19
      24
      23
      25
      29
      21
      25
      17
      27
      28
      25
      35
      22
      26
      24
      42
      32
      25
      34
      27
      37
      48
      29
      33
      35
      45
      40
      36
      49
      39
      45
      49
      39
      42
      26
      45
      39
      44
      61
      58
      44
      51
      67
      53
      64
      66
      59
      62
      66
      80
      66
      75
      68
      87
      77
     110
      83
     115
     104
     121
     134
     132
     136
     151
     174
     189
     233
     219
     276
     276
     301
     322
     385
     429
     489
     478
     548
     639
     713
     735
     846
     987
     965
    1120
    1161
    1214
    1375
    1403
    1522
    1639
    1639
    1633
    1792
    1808
    1904
    1863
    1838
    1978
    2025
    1900
    1934
    1926
    1907
    1824
    1794
    1712
    1629
    1556
    1523
    1347
    1231
    1128
    1055
    1050
     898
     737
     699
     656
     543
     496
     441
     366
     322
     272
     250
     191
     173
     152
     111
     115
      79
      92
      82
      69
      62
      44
      44
      42
      39
      35
      37
      30
      32
      25
      22
      29
      19
      20
      21
      22
      19
      17
      33
      25
      25
      32
      24
      31
      22
      28
      24
      27
      27
      29
      23
      20
      37
      28
      22
      36
      29
      38
      38
      27
      21
      29
      36
      31
      48
      47
      40
      45
      33
      34
      46
      34
      50
      47
      53
      57
      47
      51
      64
      62
      79
      63
      94
     105
     101
     113
     113
     126
     152
     175
     185
     210
     237
     236
     277
     315
     366
     387
     449
     451
     473
     508
     537
     601
     636
     648
     656
     731
     685
     709
     699
     670
     743
     700
     720
     728
     654
     685
     608
     603
     594
     606
     509
     548
     456
     479
     419
     440
     370
     371
     319
     318
     310
     283
     274
     280
     228
     270
     223
     251
     240
     222
     201
     199
     190
     153
     157
     150
     156
     121
     135
     100
     101
      90
      77
      89
      59
      58
      51
      57
      38
      27
      35
      26
      24
      21
      15
      24
      13
      15
      13
      10
      12
       7
       9
       9
       5
       8
      11
       7
       2
       4
       5
      10
       6
       8
       6
       7
      10
       8
       7
      12
       3
       4
       1
       5
       7
       2
       6
       8
       8
       5
      12
       6
       6
       2
       3
       4
       3
       8
       7
       8
      10
       3
       6
       2
       5
       8
       6
      10
      12
       7
       3
       4
       1
       5
      11
      11
       5
       3
       5
       9
       8
       4
      10
       6
       5
       3
       9
       5
       5
       5
       5
       8
       4
       2
       7
       7
       6
       3
       4
       5
       7
       5
       9
       5
       5
       9
       9
       6
       9
       3
       6
       2
       6
       9
       7
       4
       5
       3
       5
       5
       7
       5
      13
      11
       6
       5
       7
       7
       6
      10
       4
       8
       5
      12
       8
       4
       5
       5
       5
       3
       9
       8
       9
       7
      10
      14
       7
      12
       5
       9
       6
       9
       8
       7
      12
      11
      14
       4
       5
       6
       7
      15
      13
      10
       2
       9
       8
      12
      13
       6
       8
      11
       9
       7
       6
      11
      11
       7
      16
       7
       7
      10
      11
       9
       8
      10
      11
       9
      12
       9
      15
       9
      11
       8
       9
      12
       5
       8
       6
      11
      18
      12
      19
      13
      23
      15
      18
      11
      13
      18
      18
      18
      22
      13
      16
      14
      20
      17
      24
      24
      19
      14
      13
      25
      20
      20
      15
      19
      15
      20
      21
      25
      23
      18
      23
      24
      20
      25
      21
      28
      32
      25
      23
      23
      21
      31
      27
      29
      17
      19
      15
      31
      28
      27
      28
      29
      31
      31
      25
      25
      32
      36
      36
      27
      21
      36
      36
      40
      43
      34
      35
      40
      35
      57
      50
      29
      39
      43
      46
      52
      36
      46
      45
      59
      65
      45
      57
      48
      62
      55
      61
      40
      61
      76
      63
      65
      71
      60
      63
      56
      69
      76
      65
      81
      72
     106
      72
     103
      82
     112
     105
     109
     114
     121
     113
      98
     117
     119
     125
     148
     148
     133
     162
     132
     146
     139
     174
     162
     150
     174
     152
     148
     152
     160
     181
     159
     167
     185
     163
     170
     174
     166
     162
     172
     175
     190
     155
     153
     163
     171
     152
     168
     138
     146
     150
     142
     156
     113
     145
     135
     105
     153
     119
     130
     133
     118
     129
     122
     101
     110
     105
      87
     110
     107
      98
      85
      86
      77
      90
      68
      65
      83
      78
      75
      77
      73
      64
      57
      55
      66
      63
      67
      52
      53
      50
      57
      64
      34
      63
      52
      51
      42
      45
      38
      49
      40
      44
      37
      35
      37
      53
      42
      30
      32
      36
      44
      36
      35
      32
      36
      38
      27
      23
      39
      43
      28
      23
      36
      24
      37
      29
      35
      30
      39
      27
      27
      28
      25
      31
      25
      23
      29
      23
      25
      20
      28
      32
      20
      17
      16
      22
      22
      18
      35
      25
      22
      22
      28
      30
      20
      19
      19
      18
      25
      26
      15
      24
      24
      17
      33
      18
      28
      21
      22
      23
      16
      26
      25
      20
      12
      19
      26
      20
      11
      14
      22
      25
      29
      15
      20
      19
      24
      17
      22
      19
      16
      15
      22
      15
      18
      19
      17
      23
      13
      21
      23
      20
      23
      23
      21
      27
      16
      25
      11
      18
      16
      13
      27
      20
      19
      17
       9
      17
      23
      19
      15
      20
      23
      16
      20
      24
      21
      21
      12
      21
      20
      16
      23
      15
      15
      21
      15
      14
      15
      21
      26
      13
      18
      20
      25
      14
      16
      17
      20
      18
      21
      15
      15
      13
      27
      17
      16
      16
      16
      25
      10
      23
      25
      16
      17
      15
      18
      12
       7
      15
      20
      20
      20
      13
      19
      20
      15
      12
      13
      18
      16
      22
      13
      13
      17
      15
      20
      14
      20
      19
      15
      18
      14
      17
      15
      14
      13
      18
      18
      17
      22
      14
      22
      21
      15
      16
      21
      11
      11
      15
      14
      17
      17
      23
      19
      21
      28
      33
      38
      31
      34
      40
      50
      63
      60
      90
      67
      98
     113
     118
     117
     124
     114
     154
     151
     139
     167
     156
     196
     178
     182
     173
     206
     197
     187
     190
     187
     180
     181
     159
     170
     134
     153
     136
     123
     104
     115
      86
      64
      94
      58
      55
      46
      45
      29
      38
      32
      21
      24
      15
      19
      17
      23
      11
       9
       5
       4
       1
       6
       6
       2
       4
       1
       2
       8
       2
       2
       1
       2
       1
       5
       2
       5
       1
       1
       3
       2
       1
       2
       1
       1
       4
       3
       3
       1
       5
       2
       2
       1
       1
       1
       2
       1
       2
       3
       0
       3
       2
       3
       0
       0
       2
       0
       2
       3
       2
       1
       1
       0
       2
       2
       1
       0
       0
       2
       2
       2
       5
       2
       0
       2
       2
       0
       3
       0
       2
       2
       0
       2
       1
       2
       0
       3
       3
       2
       0
       8
       1
       2
       1
       2
       0
       3
       1
       2
       5
       2
       2
       1
       1
       0
       2
       1
       5
       3
       4
       2
       5
       1
       0
       2
       4
       2
       4
       4
       2
       3
       0
       3
       1
       4
       1
       4
       4
       3
       3
       0
       4
       1
       0
       1
       4
       2
       2
       6
       1
       1
       3
       1
       4
       2
       3
       5
       1
       2
       1
       1
       2
       4
       2
       2
       2
       1
       1
       4
       1
       2
       1
       3
       1
       0
       1
       3
       0
       2
       0
       3
       0
       2
       3
       2
       2
       3
       3
       2
       3
       4
       2
       2
       3
       6
       2
       4
       4
       0
       1
       3
       0
       0
       3
       2
       4
       3
       5
       0
       0
       0
       0
       0
       1
       0
       3
       2
       0
       0
       0
       0
       0
       0
       0
       0
       0
       2
       0
       0
       0
       1
       0
       0
       0
       0
       0
       0
       0
       0
       0
       0
       0
       0
       0
       0
       0
       0
       0
       0
       0
       0
       0
       0
       0
       0
       0
       0
       0
       0
       0
       0
       0
       0
       0
$ROI:
0
$PRESETS:
Real Time
1200
0
$ENER_FIT:
0.000000 0.033638
$MCA_CAL:
3
0.000000E+000 3.363775E-002 0.000000E+000 keV
$SHAPE_CAL:
3
0.000000E+000 0.000000E+000 0.000000E+000
