$SPEC_ID:
This is sample 008.
$SPEC_REM:
DET# 3
DETDESC# JLAB-20 MCB 131
AP# Maestro Version 7.01
$DATE_MEA:
03/13/2023 15:33:12
$MEAS_TIM:
26 60
$DATA:
0 2047
       0
       0
       0
      85
   14090
  695036
  851855
  636355
  571926
  515209
  454549
  392460
  333474
  279116
  229247
  185752
  146851
  113464
   87442
   65684
   48652
   34859
   24902
   16926
   11296
    7635
    4972
    2945
    1913
    1179
     682
     344
     192
     126
      63
      39
      32
      17
      12
      12
       7
       4
       2
       3
       2
       6
       3
       3
       5
       4
       5
       2
       7
       5
       1
       3
       6
       2
       1
       6
       4
       3
       3
       5
       1
       5
       2
       4
       5
       1
       7
       2
       2
       2
       2
       1
       3
       4
       8
       2
       1
       5
       6
       2
       3
       1
       3
       8
       2
       1
       2
       2
       2
       3
       1
       2
       1
       4
       6
       3
       4
       4
       4
       4
       4
       2
       3
       4
       1
       2
       2
       3
       2
       0
       1
       1
       0
       3
       3
       2
       4
       4
       2
       0
       5
       3
       3
       2
       3
       3
       2
       3
       1
       3
       2
       1
       3
       1
       1
       1
       1
       3
       1
       3
       3
       3
       1
       3
       4
       3
       4
       0
       1
       1
       2
       2
       1
       0
       6
       1
       2
       7
       3
       2
       3
       1
       1
       3
       1
       2
       2
       4
       4
       4
       1
       3
       4
       0
       3
       5
       4
       1
       1
       2
       2
       0
       3
       2
       1
       1
       3
       3
       3
       3
       3
       3
       2
       1
       4
       2
       1
       2
       3
       1
       1
       3
       2
       0
       2
       2
       0
       3
       0
       1
       1
       1
       3
       2
       3
       3
       2
       3
       3
       4
       6
       3
       0
       3
       3
       2
       1
       2
       3
       3
       3
       1
       2
       4
       1
       2
       1
       0
       1
       4
       0
       2
       0
       0
       2
       2
       1
       2
       2
       0
       3
       1
       0
       2
       1
       0
       2
       2
       5
       4
       0
       1
       1
       1
       2
       2
       2
       3
       3
       2
       2
       0
       2
       2
       2
       3
       2
       3
       2
       1
       4
       1
       1
       0
       3
       0
       2
       2
       0
       2
       1
       1
       0
       0
       1
       3
       1
       0
       2
       0
       2
       0
       1
       0
       0
       1
       0
       2
       1
       1
       3
       0
       2
       3
       0
       0
       1
       2
       2
       1
       1
       2
       1
       0
       2
       0
       1
       0
       1
       1
       0
       4
       0
       1
       1
       2
       1
       1
       1
       1
       2
       1
       0
       0
       1
       1
       1
       1
       0
       1
       5
       1
       2
       2
       0
       1
       2
       1
       2
       1
       1
       1
       4
       2
       2
       2
       5
       2
       3
       0
       1
       4
       4
       1
       4
       4
       6
       7
       7
       5
       5
       9
       8
      13
      11
      12
      18
      16
      11
      11
       5
      10
      12
      12
      12
      15
       7
       8
      13
       8
       7
       7
       3
       0
       6
       4
       5
       1
       1
       3
       2
       1
       2
       1
       2
       3
       1
       3
       1
       2
       0
       6
       1
       3
       3
       1
       4
       4
       4
       5
       4
       1
       3
       5
       4
       4
       3
       2
       3
       5
       4
       2
       6
       6
       4
       3
       3
       5
       1
       3
       2
       4
       1
       3
       4
       1
       1
       2
       0
       1
       2
       2
       1
       1
       1
       2
       2
       2
       2
       0
       2
       1
       0
       0
       4
       2
       1
       1
       0
       4
       2
       1
       1
       2
       1
       1
       0
       0
       0
       0
       1
       3
       2
       1
       1
       1
       1
       3
       3
       2
       0
       2
       3
       1
       0
       2
       2
       1
       0
       0
       1
       2
       1
       2
       1
       3
       1
       0
       2
       0
       1
       0
       1
       0
       2
       1
       2
       0
       1
       1
       4
       0
       2
       2
       2
       1
       2
       2
       4
       0
       2
       0
       0
       2
       2
       1
       1
       0
       0
       1
       1
       1
       0
       2
       0
       2
       0
       0
       0
       1
       1
       0
       1
       0
       1
       0
       0
       2
       0
       0
       1
       0
       2
       0
       0
       0
       2
       1
       0
       2
       1
       1
       0
       1
       1
       0
       1
       1
       1
       0
       1
       2
       1
       0
       1
       0
       0
       0
       0
       0
       0
       0
       1
       0
       0
       2
       1
       2
       3
       1
       1
       1
       3
       1
       1
       1
       0
       0
       3
       1
       1
       1
       0
       1
       2
       1
       0
       0
       0
       0
       1
       0
       2
       0
       0
       1
       1
       2
       0
       0
       1
       0
       2
       1
       0
       0
       2
       2
       0
       1
       0
       0
       1
       2
       1
       1
       2
       1
       0
       1
       0
       1
       2
       0
       1
       1
       2
       0
       1
       2
       0
       0
       3
       0
       1
       2
       0
       0
       1
       2
       1
       0
       2
       0
       1
       1
       0
       3
       2
       0
       0
       0
       3
       1
       1
       0
       2
       0
       0
       4
       1
       1
       2
       1
       2
       0
       4
       1
       0
       1
       1
       2
       1
       1
       0
       2
       0
       0
       0
       0
       1
       1
       2
       0
       0
       3
       0
       1
       2
       2
       1
       0
       0
       2
       1
       2
       1
       0
       2
       0
       3
       1
       1
       0
       2
       2
       2
       0
       0
       2
       1
       1
       1
       1
       0
       0
       0
       1
       1
       0
       1
       2
       1
       2
       2
       0
       2
       2
       1
       1
       2
       0
       1
       0
       2
       0
       1
       0
       0
       1
       2
       1
       1
       0
       1
       1
       0
       1
       0
       1
       1
       2
       0
       1
       1
       1
       1
       2
       3
       1
       0
       4
       2
       0
       1
       2
       2
       2
       1
       1
       1
       1
       1
       1
       2
       3
       1
       1
       2
       1
       2
       0
       2
       0
       0
       3
       0
       3
       1
       2
       1
       3
       1
       1
       2
       1
       3
       1
       2
       1
       1
       3
       2
       2
       2
       1
       1
       0
       1
       2
       0
       3
       2
       1
       2
       1
       4
       2
       2
       1
       1
       0
       1
       1
       2
       0
       1
       1
       1
       1
       1
       3
       3
       3
       1
       0
       0
       2
       2
       2
       0
       0
       2
       3
       2
       2
       1
       2
       1
       4
       3
       4
       0
       2
       6
       2
       5
       1
       2
       2
       3
       0
       3
       3
       0
       1
       4
       6
       2
       2
       3
       2
       0
       4
       0
       3
       2
       3
       4
       2
       2
       2
       1
       1
       2
       4
       0
       5
       6
       1
       1
       2
       4
       2
       1
       1
       2
       1
       2
       1
       2
       6
       3
       2
       3
       4
       5
       2
       2
       3
       1
       5
       2
       1
       2
       5
       6
       1
       1
       3
       2
       3
       6
       5
       5
       1
       3
       5
       1
       1
       2
       3
       4
       5
       5
       5
       1
       3
       1
       4
       1
       2
       1
       3
       5
       4
       3
       3
       4
       1
       3
       2
       8
       1
       4
       2
       6
       3
       5
       5
       7
       1
       4
       1
       6
       6
       3
       3
       3
       3
       5
       9
       2
       3
       7
       5
       4
       3
       6
       6
       8
       6
       6
       7
       8
       8
       5
      10
       6
       9
       9
       8
       8
      12
      10
       9
       6
       8
       5
       8
      10
       6
      14
       7
       8
      12
       9
       8
       8
       7
       7
       8
      18
       6
      13
      11
       9
       6
      17
      16
       9
       9
      16
      17
      10
      18
      14
      18
      16
      14
      15
      10
      15
      15
      26
      16
      14
      12
      15
      20
      22
      18
      23
      18
      18
      24
      36
      13
      20
      23
      26
      17
      29
      30
      29
      26
      22
      35
      50
      32
      32
      38
      35
      49
      51
      36
      41
      42
      43
      54
      43
      44
      45
      47
      40
      39
      53
      36
      38
      53
      40
      34
      36
      53
      44
      35
      40
      33
      39
      25
      43
      27
      27
      27
      27
      33
      22
      31
      32
      30
      31
      28
      20
      22
      21
      18
      21
      24
      17
      20
      16
      16
      15
      20
      23
      21
      18
      11
      12
      15
      19
      14
      20
      11
      13
      14
      19
      20
      10
      24
      16
      16
      15
       9
      17
      13
      14
      12
      14
      10
      14
      14
       8
      18
      14
      12
      16
      15
      11
      11
      12
       9
       6
      11
       6
       7
      10
      14
      11
      12
       6
       6
       4
       7
       9
      11
       8
      14
      11
      11
       7
       7
       7
       7
      10
      19
      16
       6
      11
       5
      10
       8
       7
       7
       5
       8
       6
       5
      10
      10
       7
       7
       8
       9
      10
       8
       6
       3
       4
       9
       6
       8
       7
      10
      13
       5
       8
       6
       9
       6
      10
      10
       8
       6
      11
       8
       6
      14
       8
       7
       6
      10
      13
      11
      10
      14
       8
      11
       6
      12
       5
       8
       8
       4
       9
       7
       5
       9
       9
       3
      10
      10
       5
       8
       2
       4
      10
       8
      12
      10
      10
       8
       8
       8
       3
       9
      11
       6
       5
       8
       5
       8
       5
       4
       5
       5
      11
       2
       8
       7
       7
       6
       4
       3
       1
       2
       4
       6
       4
       4
       9
       9
      14
      10
      16
       6
      10
      14
      14
      24
      32
      29
      46
      47
      41
      56
      58
      57
      73
      94
      76
      91
      89
      99
      80
     102
      71
      73
     100
      82
      74
      68
      61
      67
      39
      43
      40
      45
      23
      19
      13
      13
      12
       6
       3
       4
       2
       8
       2
       3
       0
       1
       0
       0
       0
       0
       0
       0
       1
       1
       0
       1
       0
       2
       0
       0
       1
       0
       1
       0
       0
       1
       1
       2
       2
       0
       1
       0
       0
       0
       0
       0
       2
       0
       1
       1
       1
       1
       1
       0
       0
       2
       0
       3
       0
       0
       1
       1
       1
       0
       0
       0
       0
       2
       0
       0
       0
       1
       0
       0
       0
       1
       0
       0
       0
       0
       1
       1
       1
       1
       1
       1
       1
       1
       0
       0
       1
       0
       1
       2
       0
       0
       2
       2
       0
       1
       1
       0
       3
       0
       1
       1
       0
       0
       1
       0
       0
       2
       0
       0
       0
       1
       0
       1
       1
       2
       1
       0
       0
       1
       1
       0
       0
       1
       1
       1
       0
       1
       1
       0
       0
       0
       1
       0
       1
       0
       1
       0
       0
       0
       0
       2
       0
       0
       0
       1
       1
       1
       1
       1
       1
       2
       1
       2
       1
       2
       3
       0
       0
       1
       1
       0
       1
       1
       0
       1
       0
       0
       1
       0
       0
       1
       0
       0
       0
       1
       1
       1
       1
       1
       1
       2
       1
       1
       1
       2
       2
       2
       0
       0
       2
       1
       0
       2
       1
       1
       0
       0
       1
       1
       1
       0
       0
       0
       0
       1
       2
       2
       1
       0
       1
       2
       1
       2
       0
       0
       0
       3
       0
       1
       0
       0
       2
       0
       0
       1
       0
       2
       1
       2
       0
       1
       0
       0
       0
       0
       1
       0
       1
       2
       1
       2
       0
       1
       0
       0
       2
       1
       0
       1
       0
       3
       0
       2
       0
       0
       1
       1
       0
       1
       0
       1
       1
       0
       1
       0
       0
       1
       0
       1
       0
       3
       1
       0
       3
       3
       0
       0
       3
       1
       1
       1
       0
       3
       3
       1
       3
       0
       2
       1
       2
       0
       3
       1
       3
       4
       1
       0
       1
       2
       2
       2
       2
       1
       0
       2
       2
       1
       0
       0
       1
       1
       0
       1
       1
       0
       1
       4
       1
       2
       1
       0
       1
       1
       2
       0
       1
       0
       0
       0
       2
       2
       4
       3
       0
       2
       3
       2
       1
       2
       3
       0
       5
       1
       3
       2
       2
       2
       1
       0
       0
       1
       3
       1
       0
       1
       0
       1
       1
       0
       1
       0
       2
       0
       1
       2
       0
       1
       1
       0
       2
       1
       1
       1
       1
       1
       0
       1
       0
       1
       0
       0
       1
       0
       1
       1
       1
       0
       1
       0
       2
       0
       1
       0
       0
       3
       4
       2
       0
       0
       1
       1
       1
       1
       1
       0
       2
       0
       0
       0
       0
       0
       2
       1
       0
       0
       0
       2
       0
       1
       2
       0
       0
       1
       1
       1
       1
       2
       0
       0
       1
       1
       0
       0
       0
       0
       0
       0
       0
       0
       0
       2
       0
       0
       1
       0
       1
       5
       0
       4
       0
       1
       0
       0
       0
       2
       0
       0
       0
       0
       0
       0
       0
       1
       0
       1
       0
       1
       0
       0
       0
       1
       2
       2
       1
       2
       0
       0
       0
       0
       0
       0
       1
       1
       1
       0
       2
       1
       2
       1
       1
       2
       2
       0
       0
       1
       0
       2
       1
       1
       0
       2
       0
       0
       0
       1
       0
       0
       0
       0
       0
       1
       0
       1
       0
       0
       1
       2
       0
       0
       1
       1
       0
       2
       0
       3
       1
       1
       1
       1
       1
       3
       0
       0
       1
       2
       2
       0
       1
       0
       2
       1
       1
       1
       4
       2
       1
       2
       3
       4
       1
       1
       4
       2
       2
       0
       3
       1
       3
       1
       1
       1
       0
       2
       2
       1
       4
       4
       0
       1
       0
       1
       1
       2
       0
       0
       0
       1
       1
       2
       4
       2
       2
       2
       2
       1
       3
       1
       0
       0
       0
       1
       2
       0
       0
       1
       0
       0
       1
       5
       1
       1
       2
       1
       0
       0
       3
       0
       1
       3
       1
       2
       1
       0
       4
       1
       1
       2
       0
       0
       0
       0
       0
       0
       0
       0
       0
       0
       0
       0
       0
       0
       0
       0
       0
       0
       0
       0
       0
       0
       0
       0
       0
       0
       0
       0
       0
       0
       0
       0
       0
       0
       0
       0
       0
       0
       0
       0
       0
       0
       0
       0
       0
       0
       0
       0
       0
       0
       0
       0
       0
       0
       0
       0
       0
       0
       0
       0
       0
       0
       0
       0
       0
       0
$ROI:
1
763 797
$PRESETS:
Real Time
1200
0
$ENER_FIT:
0.000000 0.045181
$MCA_CAL:
3
0.000000E+000 4.518135E-002 0.000000E+000 keV
$SHAPE_CAL:
3
0.000000E+000 0.000000E+000 0.000000E+000
