$SPEC_ID:
This is sample 008.
$SPEC_REM:
DET# 3
DETDESC# JLAB-20 MCB 131
AP# Maestro Version 7.01
$DATE_MEA:
03/13/2023 15:30:43
$MEAS_TIM:
27 59
$DATA:
0 2047
       0
       0
       0
      62
   14032
  694930
  853623
  632462
  570376
  513041
  451457
  390330
  330454
  275156
  225519
  182454
  144419
  112223
   86181
   64564
   47700
   33957
   24150
   16431
   11233
    7337
    4709
    2932
    1799
    1107
     676
     286
     161
     114
      71
      46
      25
      28
      23
      12
      11
       7
       9
       6
       2
       5
       1
       3
       2
       4
       3
       5
       4
       1
      10
       5
       4
       3
       5
       5
       1
       6
       2
       2
       3
       2
       3
       5
       3
       3
       5
       1
       1
       4
       4
       3
       0
       8
       1
       4
       2
       5
       4
       6
       0
       1
       7
       3
       4
       3
       2
       4
       4
       2
       1
       2
       3
       0
       3
       4
       1
       4
       2
       3
       2
       2
       3
       2
       3
       2
       4
       6
       3
       3
       4
       1
       3
       4
       1
       1
       1
       3
       5
       1
       2
       1
       0
       2
       1
       6
       3
       2
       5
       5
       2
       2
       0
       3
       2
       2
       3
       0
       5
       4
       1
       4
       1
       4
       1
       2
       3
       2
       5
       3
       2
       1
       2
       4
       4
       4
       4
       3
       1
       3
       4
       2
       2
       5
       5
       2
       3
       3
       3
       6
       3
       1
       7
       5
       3
       2
       1
       2
       1
       4
       1
       2
       2
       0
       3
       1
       3
       2
       3
       2
       3
       1
       2
       7
       2
       2
       1
       1
       0
       3
       1
       4
       3
       0
       3
       2
       3
       3
       3
       2
       4
       0
       3
       3
       4
       3
       3
       7
       4
       3
       1
       4
       2
       4
       6
       5
       5
       1
       1
       0
       0
       3
       4
       2
       2
       2
       1
       1
       3
       0
       2
       2
       2
       1
       0
       2
       0
       1
       1
       3
       0
       0
       0
       2
       1
       1
       3
       1
       0
       2
       1
       1
       1
       0
       1
       1
       2
       2
       3
       1
       1
       1
       2
       2
       2
       2
       4
       1
       0
       0
       2
       0
       1
       4
       1
       2
       0
       3
       2
       4
       1
       0
       1
       1
       1
       2
       2
       2
       0
       2
       0
       1
       3
       1
       1
       2
       1
       1
       1
       2
       1
       0
       1
       2
       1
       3
       1
       1
       2
       0
       2
       0
       1
       1
       0
       0
       1
       1
       4
       3
       1
       3
       0
       2
       0
       0
       2
       4
       1
       2
       2
       1
       2
       1
       2
       0
       0
       1
       3
       1
       0
       1
       1
       1
       1
       4
       0
       1
       0
       1
       1
       2
       2
       4
       3
       2
       3
       4
       3
       3
       5
       2
       2
       4
       3
       7
       6
      12
       8
      10
      13
       8
      18
       9
      15
      10
      22
      23
      19
      22
      25
      14
      17
      15
      21
      22
      22
      15
      15
      10
      10
       7
      10
      13
       4
       6
       7
       3
       3
       1
       3
       5
       6
       0
       1
       2
       2
       2
       1
       2
       4
       4
       8
       6
       5
       6
      10
      10
       7
      11
      11
       6
       9
      11
      10
      19
      19
      16
      26
      12
      16
      21
      13
      12
      12
      12
       9
      10
       8
      10
      15
       9
       5
       4
       7
       6
       4
       5
       2
       1
       1
       1
       0
       1
       1
       1
       5
       0
       0
       3
       0
       1
       1
       1
       1
       1
       1
       1
       0
       4
       3
       3
       2
       3
       0
       0
       2
       0
       3
       0
       0
       1
       2
       0
       1
       0
       1
       3
       1
       1
       1
       0
       0
       2
       1
       2
       1
       1
       1
       0
       0
       0
       3
       2
       0
       0
       1
       2
       1
       2
       2
       1
       0
       2
       1
       1
       0
       3
       0
       1
       2
       1
       1
       2
       0
       0
       0
       2
       1
       0
       2
       1
       0
       2
       2
       2
       2
       1
       1
       3
       0
       1
       1
       3
       3
       0
       3
       0
       2
       1
       1
       0
       1
       1
       1
       0
       2
       0
       0
       0
       0
       0
       1
       4
       1
       1
       1
       0
       4
       1
       1
       0
       1
       0
       0
       2
       1
       0
       0
       1
       0
       0
       2
       1
       1
       2
       0
       0
       0
       1
       0
       0
       0
       1
       1
       1
       3
       1
       0
       0
       3
       1
       1
       0
       2
       0
       1
       0
       1
       2
       1
       0
       0
       1
       2
       1
       2
       1
       1
       1
       0
       1
       4
       0
       0
       0
       0
       2
       0
       2
       0
       1
       2
       0
       1
       0
       2
       1
       1
       1
       2
       3
       1
       1
       2
       1
       1
       3
       1
       0
       0
       1
       2
       4
       0
       0
       1
       0
       2
       1
       1
       1
       1
       1
       1
       0
       1
       0
       0
       0
       1
       0
       2
       0
       1
       0
       1
       3
       1
       0
       1
       1
       0
       0
       1
       2
       0
       0
       0
       0
       2
       1
       0
       0
       1
       0
       0
       0
       0
       1
       1
       0
       0
       0
       1
       2
       1
       4
       1
       2
       1
       1
       0
       0
       2
       1
       2
       1
       1
       0
       0
       1
       2
       3
       6
       2
       2
       0
       1
       1
       1
       1
       1
       1
       1
       1
       0
       0
       1
       1
       1
       1
       1
       0
       0
       0
       0
       0
       3
       1
       0
       2
       0
       0
       0
       0
       0
       0
       2
       1
       4
       1
       0
       0
       0
       2
       0
       0
       2
       1
       0
       0
       3
       3
       0
       1
       1
       0
       0
       0
       1
       3
       1
       0
       1
       1
       1
       2
       0
       1
       2
       1
       1
       3
       1
       2
       2
       2
       1
       0
       4
       1
       2
       1
       2
       3
       0
       2
       2
       1
       1
       3
       1
       1
       0
       0
       0
       2
       3
       3
       0
       0
       0
       0
       1
       3
       0
       2
       2
       2
       2
       1
       2
       2
       3
       1
       2
       1
       3
       2
       2
       5
       3
       2
       0
       1
       2
       2
       3
       0
       0
       0
       1
       4
       1
       2
       1
       0
       2
       2
       0
       1
       1
       5
       1
       3
       4
       1
       1
       1
       3
       0
       2
       2
       4
       3
       2
       1
       2
       2
       2
       1
       2
       4
       2
       3
       1
       1
       2
       3
       2
       3
       2
       4
       3
       3
       1
       1
       2
       1
       2
       3
       4
       0
       0
       3
       1
       5
       0
       3
       3
       3
       1
       7
       2
       4
       7
       5
       1
       3
       0
       4
       3
       2
       0
       5
       5
       5
       3
       1
       2
       0
       1
       3
       1
       1
       6
       3
       4
       2
       0
       5
       2
       3
       1
       3
       2
       1
       1
       4
       3
       5
       6
       3
       1
       5
       2
       4
       4
       6
       2
       6
       4
       4
       4
       4
       1
       4
       8
       3
       2
       3
       4
       3
       5
       7
       5
       4
       1
       6
       9
       8
       3
       4
       6
       6
       4
       8
       7
      12
       6
       4
       8
       4
       3
       5
       4
      11
      11
       9
       3
       7
       7
       4
       6
       5
      10
       7
       7
       6
       9
       4
      13
       5
       9
       7
      13
      10
       8
      14
       6
       9
      14
       6
       9
      16
      14
      16
      16
      18
      16
      15
      16
      10
      16
      13
      12
      14
      17
      10
      13
      19
      18
      16
      13
      17
      12
      15
      20
      12
      18
      23
      10
      17
      20
      18
      21
      17
      18
      12
      26
      16
      12
      24
      21
      23
      24
      35
      28
      27
      23
      32
      28
      32
      30
      28
      34
      44
      41
      41
      40
      43
      39
      44
      54
      53
      43
      50
      43
      45
      50
      55
      52
      56
      50
      52
      60
      57
      55
      50
      48
      73
      58
      52
      65
      66
      52
      49
      56
      46
      45
      54
      33
      50
      52
      30
      55
      38
      35
      46
      44
      29
      35
      48
      39
      40
      27
      20
      24
      29
      24
      28
      26
      26
      26
      23
      27
      29
      29
      19
      18
      21
      21
      20
      18
      16
      12
      22
      23
      25
      19
      24
      19
      18
      14
      16
      18
       9
      15
      16
      10
      16
      13
      19
       6
      16
      12
      12
      11
      20
      21
      10
      16
      15
      12
      20
       5
      21
      15
      12
      13
      14
      15
      12
      14
      13
      15
      12
      13
      18
      14
       9
      10
      12
      17
      15
      12
      13
      10
       9
      12
      19
       4
       8
      12
       7
      13
      11
      14
       7
      10
      12
      10
      11
      12
       9
       8
       6
      12
      11
      13
      18
      14
      17
      11
      10
      12
       7
      14
       9
      14
      16
      11
       9
       7
       7
       5
      13
      14
       7
      13
      12
       3
      10
       9
      11
      13
       8
       8
      11
      12
       8
       4
      14
      14
      15
      17
       9
      18
      11
       7
       9
       8
      12
       9
      10
      11
      10
       5
       9
       4
       3
       5
       9
       7
       9
       6
       8
       9
       6
       4
       4
       5
       1
       4
       5
      11
       3
      13
       7
       3
       8
       7
       6
       9
       4
       9
       6
       7
      10
      15
      13
      14
      11
       8
       9
      11
      12
      19
      17
      15
      25
      24
      33
      29
      33
      46
      46
      36
      47
      71
      48
      57
      63
      66
      82
      86
      81
      90
      82
      78
      79
      97
      93
      96
      80
      89
      71
      71
      68
      70
      55
      56
      40
      41
      33
      33
      27
      16
      12
       9
      12
      12
      10
       6
       2
       4
       0
       0
       1
       2
       2
       2
       1
       0
       2
       1
       0
       0
       1
       1
       0
       0
       1
       0
       1
       1
       0
       2
       1
       0
       0
       1
       1
       0
       0
       0
       0
       0
       2
       1
       0
       3
       0
       2
       0
       1
       0
       1
       2
       1
       2
       1
       1
       1
       1
       1
       1
       1
       0
       1
       0
       2
       1
       0
       0
       0
       0
       1
       0
       0
       1
       3
       0
       1
       0
       1
       1
       0
       0
       0
       1
       0
       1
       0
       0
       1
       1
       0
       2
       1
       1
       1
       0
       0
       1
       1
       0
       0
       2
       3
       0
       1
       3
       0
       0
       0
       0
       2
       1
       4
       0
       4
       0
       1
       0
       1
       1
       1
       0
       0
       1
       2
       0
       0
       2
       0
       1
       1
       0
       0
       0
       0
       2
       0
       2
       0
       1
       2
       1
       2
       0
       0
       1
       0
       1
       0
       1
       0
       3
       1
       2
       4
       1
       1
       0
       0
       0
       1
       1
       1
       3
       0
       2
       1
       0
       0
       0
       0
       0
       1
       1
       1
       1
       0
       1
       0
       0
       1
       1
       1
       1
       1
       0
       1
       0
       0
       4
       0
       1
       1
       2
       0
       1
       2
       1
       0
       1
       0
       0
       0
       0
       3
       1
       0
       2
       2
       0
       3
       1
       1
       0
       0
       2
       0
       0
       1
       0
       2
       1
       1
       1
       3
       0
       1
       2
       2
       1
       2
       1
       2
       1
       1
       0
       0
       1
       0
       1
       2
       3
       2
       0
       1
       1
       2
       0
       1
       0
       1
       2
       1
       1
       0
       0
       0
       1
       2
       1
       1
       2
       0
       2
       1
       1
       1
       1
       0
       1
       2
       1
       0
       4
       1
       1
       0
       1
       2
       2
       0
       3
       1
       2
       2
       1
       2
       3
       3
       4
       1
       0
       2
       3
       2
       1
       0
       4
       1
       1
       2
       1
       3
       2
       1
       1
       2
       4
       1
       0
       1
       0
       1
       4
       2
       1
       1
       1
       0
       2
       4
       4
       3
       1
       0
       3
       1
       0
       1
       2
       3
       2
       3
       3
       0
       3
       1
       3
       1
       3
       3
       3
       3
       2
       0
       1
       4
       2
       1
       0
       2
       0
       2
       3
       0
       0
       1
       1
       1
       1
       2
       0
       0
       1
       1
       1
       1
       3
       0
       1
       0
       2
       0
       1
       1
       2
       1
       0
       1
       0
       0
       1
       1
       2
       1
       3
       0
       1
       0
       0
       2
       0
       0
       2
       0
       2
       1
       1
       0
       1
       4
       1
       1
       0
       1
       0
       1
       1
       1
       2
       2
       3
       0
       3
       0
       4
       2
       1
       1
       0
       2
       1
       1
       1
       1
       0
       0
       1
       0
       0
       1
       2
       1
       0
       3
       1
       1
       1
       0
       4
       2
       0
       0
       1
       1
       0
       0
       0
       0
       0
       1
       2
       3
       1
       3
       0
       1
       1
       0
       0
       1
       0
       2
       3
       2
       1
       1
       1
       1
       1
       2
       0
       1
       0
       1
       0
       4
       2
       2
       1
       1
       2
       1
       1
       1
       1
       0
       1
       1
       3
       3
       1
       1
       3
       1
       1
       0
       0
       2
       1
       0
       3
       0
       1
       0
       0
       1
       2
       1
       1
       1
       3
       1
       1
       0
       1
       2
       0
       2
       1
       3
       0
       2
       1
       1
       1
       1
       1
       1
       0
       1
       0
       0
       1
       1
       1
       2
       1
       2
       0
       2
       2
       1
       0
       2
       0
       0
       0
       2
       1
       1
       0
       1
       2
       3
       1
       0
       0
       1
       0
       1
       1
       1
       2
       1
       2
       0
       0
       1
       1
       0
       4
       0
       0
       3
       2
       0
       0
       1
       3
       1
       0
       0
       0
       2
       0
       0
       1
       2
       2
       0
       0
       1
       0
       0
       3
       0
       2
       2
       1
       0
       1
       0
       1
       1
       0
       0
       2
       2
       2
       0
       2
       2
       2
       0
       2
       6
       0
       2
       1
       1
       0
       0
       0
       0
       0
       0
       0
       0
       0
       0
       0
       0
       0
       0
       0
       0
       0
       0
       0
       0
       0
       0
       0
       0
       0
       0
       0
       0
       0
       0
       0
       0
       0
       0
       0
       0
       0
       0
       0
       0
       0
       0
       0
       0
       0
       0
       0
       0
       0
       0
       0
       0
       0
       0
       0
       0
       0
       0
       0
       0
       0
       0
       0
       0
       0
$ROI:
1
763 797
$PRESETS:
Real Time
1200
0
$ENER_FIT:
0.000000 0.045181
$MCA_CAL:
3
0.000000E+000 4.518135E-002 0.000000E+000 keV
$SHAPE_CAL:
3
0.000000E+000 0.000000E+000 0.000000E+000
