$SPEC_ID:
This is sample 008.
$SPEC_REM:
DET# 3
DETDESC# JLAB-20 MCB 131
AP# Maestro Version 7.01
$DATE_MEA:
03/13/2023 15:58:51
$MEAS_TIM:
31 59
$DATA:
0 2047
       0
       0
       0
      80
   18798
  919121
 1037845
  712280
  585887
  474542
  374426
  288579
  216162
  157392
  110796
   76127
   50950
   32544
   20482
   13017
    7814
    4843
    2988
    2010
    1003
     623
     429
     258
     196
     141
      92
      57
      53
      38
      30
      29
      22
      26
      28
      19
      26
      24
      18
      22
      28
      20
      14
      16
      17
      21
      24
      17
      16
      23
      18
      14
      14
      21
      18
      19
      15
      15
      24
      20
      20
      16
      14
      15
      19
      21
      16
      16
      11
      21
      16
      28
      18
       8
      12
      24
      11
      19
      20
      14
      14
      20
      14
      16
      14
      17
      14
       8
      13
      17
      14
       9
      11
      12
      13
      16
      18
      11
      13
      10
       9
      17
      14
      11
       8
      24
      17
      22
      13
      15
      18
      15
      15
      15
      12
      17
      25
      11
      11
      16
      20
      13
      16
      11
      12
      11
      11
      18
      12
      17
       9
       7
      20
       9
       8
      15
      11
      10
       9
      20
      16
      10
      13
      10
       8
      12
       4
       9
      15
       9
      12
       9
      13
      15
      11
      10
      14
      14
      16
       8
      11
      13
      10
       8
      11
      11
      14
      10
       6
      15
      11
      12
      10
       9
      15
       9
       5
      11
      13
       7
      14
       6
       7
      12
       6
       6
       5
       9
      10
       6
       6
       0
       4
       5
       9
      11
       6
       6
       9
       5
       6
       8
       9
       6
       8
       5
       3
      11
       9
       9
      11
       7
       4
       6
       7
      14
       3
       7
       9
       7
       4
       4
       7
       5
      12
       7
      10
       7
       4
       6
       8
       5
      12
       7
       6
       9
       5
       7
       5
       6
       6
       6
       8
       8
       4
       4
      10
       7
       5
       9
       4
       9
      10
      10
       8
      10
       9
       5
       7
       6
       4
      10
       9
       9
       8
       7
       7
       8
      13
       1
      10
       5
       5
       4
       6
       1
      10
      12
      10
       4
       5
       3
       4
       4
      10
       7
       6
       5
       7
       6
       7
       3
       9
      11
       7
       2
       6
       5
      12
       9
       5
       5
       5
       7
       9
       4
       6
       4
       6
       6
       3
       4
       7
       2
       4
       7
       8
       5
       4
       7
       4
       3
       8
      10
       1
      13
       4
       5
      10
       6
       2
       4
       6
       4
       7
       4
       6
       2
       4
       4
       6
       6
       7
       5
       6
       8
       7
       3
       4
       5
       6
       6
       6
       4
       9
       7
       8
       6
       3
       2
       4
      13
       9
       4
       3
       5
       3
       3
       8
       4
       3
       5
       6
       7
       3
       7
       8
       3
       4
      10
       2
       5
       8
       4
       3
       7
       3
       4
       4
       5
       5
       6
       3
       6
       4
       4
       3
       6
       5
       6
       5
       8
       4
       2
       8
       4
       4
       8
       6
       4
       3
       2
       4
       1
       4
       4
       3
       4
       5
       4
       3
       4
       6
       4
       2
       2
       4
       4
       4
       6
       4
       4
       5
       4
       3
       4
       8
       7
       5
       7
       5
       2
       7
       3
       4
       2
       3
       6
       2
       3
       3
       2
       6
       4
       1
       6
       5
       5
       6
       5
       5
       2
       5
       3
       3
       5
       2
       4
       4
       4
       3
       3
       2
       4
       5
       7
       6
       5
       7
       4
       7
       2
       4
       6
       2
       6
       5
       3
       4
       4
       5
       6
       5
       6
       7
       2
       1
       7
       3
      10
       7
       3
       6
       4
       3
       3
       3
       3
       3
       4
       0
       3
       5
       1
       2
       4
       2
       3
       6
       2
       8
       5
       3
       5
       4
       1
       4
       3
       2
       5
       0
       1
       3
       8
       0
       5
       8
       3
       7
       1
       4
       4
       2
       4
       1
       3
       7
       4
       4
       3
       7
       3
       2
       6
       3
       9
       2
       2
       3
       6
       4
       2
       4
       3
       2
       4
       2
       2
       4
       3
       3
       4
       5
       5
       5
       2
       6
       3
       6
       5
       4
       4
       1
       4
       7
       3
       1
       2
       4
       6
       3
       6
       6
       5
       4
       2
       5
       4
       2
       5
       2
       1
       7
       0
       0
       1
       4
       7
       4
       7
       4
       5
       5
       3
       3
       4
       3
       2
       3
       1
       8
       6
       2
       3
       4
       2
       5
       4
       2
       1
       9
       2
       2
       2
       7
       5
       2
       5
       1
       3
       6
       6
       3
       2
       3
       4
       3
       4
       6
       5
       4
       5
       3
       4
       6
       2
       0
       5
       3
       4
       3
       3
       0
       2
       1
       3
       5
       6
       1
       3
       3
       4
       5
       6
       0
       5
       3
       3
       6
       3
       5
       4
       5
       5
       3
       3
       5
       1
       4
       6
       5
       2
       4
       7
       9
       1
       6
       5
       8
       5
       5
       2
       3
       4
       7
      11
       6
      13
       5
       7
       5
      10
       6
      11
       2
       8
      14
      12
       8
       5
       9
       7
       7
       8
      11
       7
      12
       5
       7
      10
       4
       9
      10
      13
       4
       6
      10
      15
      10
      12
      13
      12
      10
      11
      11
       5
      15
       9
      11
      13
      15
      17
      13
      17
      19
      22
      24
      21
      14
      17
      22
      23
      14
      26
      27
      25
      20
      23
      28
      23
      22
      24
      20
      23
      27
      30
      32
      23
      26
      43
      24
      32
      23
      28
      27
      32
      27
      22
      19
      18
      19
      18
      12
      11
      12
      12
      16
      12
      15
       9
      19
      16
       9
       3
       7
      12
       5
      13
      11
      11
      14
      19
      10
      16
      15
      12
       7
      20
       9
      18
      12
      21
      14
       9
      21
      19
      18
       8
      12
       6
      11
      12
       9
      21
      14
      16
      19
      11
      12
      14
      13
      11
      11
      17
      12
      15
      15
      12
      15
      16
      24
      12
       7
      18
      14
      15
      17
      20
      16
      13
      23
      19
      20
      12
      15
      21
      24
      24
      18
      18
      28
      21
      21
      18
      21
      22
      17
      19
      35
      16
      35
      20
      26
      31
      14
      28
      17
      26
      22
      16
      22
      24
      30
      23
      18
      19
      23
      28
      16
      25
      29
      23
      26
      30
      20
      34
      26
      38
      30
      20
      39
      36
      34
      36
      37
      41
      39
      39
      34
      44
      38
      36
      50
      52
      52
      41
      36
      58
      50
      41
      48
      57
      53
      36
      43
      53
      62
      67
      43
      52
      46
      62
      63
      64
      58
      67
      55
      67
      78
      62
      57
      82
      72
      93
      83
      81
      84
      82
      96
     108
      91
      96
     105
     101
     108
     103
     109
     119
     142
     130
     166
     177
     210
     229
     285
     343
     373
     442
     545
     642
     691
     817
     920
     927
    1067
    1134
    1147
    1133
    1184
    1153
    1142
    1150
    1138
    1209
    1200
    1257
    1408
    1478
    1635
    1688
    1862
    1811
    1924
    1900
    1850
    1822
    1699
    1551
    1326
    1174
    1034
     860
     743
     597
     451
     418
     306
     230
     185
     144
     121
      80
      52
      46
      46
      28
      32
      28
      23
      28
      20
      31
      21
      19
      12
      23
      19
      23
      24
      17
      18
      20
      18
      22
      21
      28
      23
      27
      29
      21
      30
      35
      25
      32
      28
      22
      31
      25
      21
      28
      26
      22
      25
      31
      31
      33
      35
      31
      26
      35
      33
      36
      43
      43
      39
      35
      32
      37
      37
      44
      42
      49
      50
      55
      59
      38
      60
      56
      50
      79
      67
      63
      50
      75
      66
      71
      64
      69
      70
      89
      79
      90
      78
      77
      87
      99
      81
      67
      79
      95
      91
      85
      97
      85
      78
      84
     100
     117
     125
     119
     134
     165
     165
     227
     225
     300
     376
     372
     448
     527
     600
     648
     753
     791
     771
     767
     841
     783
     726
     717
     706
     629
     537
     433
     405
     348
     273
     250
     188
     168
     131
     110
      82
     105
      88
     109
      90
     110
     129
     129
     148
     188
     162
     180
     189
     214
     215
     216
     244
     224
     202
     175
     162
     141
     117
     108
      91
      76
      73
      59
      35
      38
      29
      26
      19
      17
      14
      10
      16
       7
      11
       8
       7
       2
       8
       6
       6
       9
       5
       3
       4
       6
       9
       6
       5
       5
       6
       7
       6
       4
       3
       6
       3
       5
       6
       8
       6
       3
       5
       6
       5
       4
       6
       3
       5
       4
       7
       7
       3
       3
       4
       2
       5
       3
       8
       4
       1
       7
       7
       4
       5
       4
       6
       2
       3
      10
       4
       8
       6
       1
       4
       6
       4
       6
       5
       6
       8
       3
       7
       5
       4
       5
       5
       1
       5
       7
       7
       3
       4
       8
       6
       7
       4
       6
       7
       4
       6
       4
       3
       6
       1
       5
       7
       2
       6
       4
       3
       2
       8
       3
       5
       7
       2
       5
       5
       8
       3
       4
       9
       8
       8
       4
       4
       2
       3
       2
       2
       7
       6
       5
       5
       5
       5
       6
       3
       6
       3
       6
       7
       3
       6
       4
       4
       7
       1
       6
       8
       8
      13
       9
      13
      14
      19
      22
      24
      29
      36
      55
      63
      53
      68
      80
      66
      66
      73
      80
      66
      65
      58
      65
      56
      41
      36
      22
      31
      19
      14
      12
       8
       9
       7
       2
       8
       4
       0
       6
       3
       0
       1
       0
       0
       0
       0
       1
       2
       0
       1
       1
       0
       0
       1
       0
       1
       1
       1
       1
       2
       2
       0
       1
       0
       0
       2
       1
       1
       1
       1
       1
       0
       1
       0
       1
       2
       0
       0
       3
       1
       0
       0
       2
       0
       2
       0
       1
       0
       0
       1
       0
       1
       0
       0
       0
       2
       1
       1
       1
       1
       1
       1
       1
       0
       0
       3
       2
       0
       0
       2
       1
       3
       0
       3
       0
       0
       1
       2
       0
       1
       2
       1
       2
       0
       2
       1
       1
       1
       1
       0
       1
       0
       2
       0
       2
       1
       0
       1
       1
       1
       0
       0
       1
       0
       0
       2
       2
       0
       0
       3
       1
       0
       2
       0
       1
       0
       1
       0
       0
       1
       2
       2
       3
       0
       3
       0
       3
       1
       0
       1
       0
       1
       0
       0
       2
       1
       0
       1
       1
       2
       1
       2
       3
       1
       2
       3
       0
       1
       2
       1
       0
       2
       2
       1
       2
       2
       0
       0
       0
       1
       0
       3
       0
       2
       1
       2
       1
       0
       1
       0
       0
       1
       3
       0
       3
       1
       1
       1
       0
       2
       2
       2
       0
       0
       1
       2
       1
       0
       3
       2
       2
       1
       0
       3
       1
       0
       1
       1
       1
       0
       1
       2
       0
       1
       1
       1
       1
       1
       3
       0
       0
       2
       1
       1
       1
       0
       1
       0
       0
       0
       1
       0
       1
       4
       1
       3
       0
       2
       2
       1
       2
       0
       4
       1
       0
       2
       0
       1
       0
       0
       2
       2
       1
       2
       1
       1
       2
       0
       1
       4
       4
       0
       0
       3
       0
       3
       1
       2
       0
       1
       1
       3
       1
       2
       1
       1
       1
       1
       3
       4
       0
       1
       2
       3
       4
       0
       6
       2
       0
       0
       2
       1
       0
       1
       1
       1
       1
       2
       2
       2
       1
       2
       1
       2
       1
       1
       1
       1
       0
       2
       2
       0
       0
       3
       3
       2
       1
       1
       0
       2
       0
       3
       2
       0
       2
       4
       3
       1
       2
       6
       5
       3
       3
       4
       4
       1
       1
       4
       4
       4
       3
       3
       1
       5
       0
       2
       5
       0
       2
       2
       0
       0
       1
       0
       1
       0
       1
       0
       1
       0
       2
       3
       0
       1
       2
       0
       1
       0
       2
       0
       1
       1
       0
       0
       1
       2
       2
       1
       0
       0
       2
       2
       0
       2
       0
       0
       1
       1
       3
       1
       1
       1
       3
       1
       0
       1
       0
       0
       1
       1
       0
       2
       1
       1
       2
       2
       1
       0
       2
       0
       1
       1
       1
       0
       0
       0
       1
       2
       3
       0
       2
       0
       1
       0
       1
       2
       1
       0
       1
       0
       2
       1
       1
       0
       1
       1
       0
       2
       0
       1
       2
       0
       1
       1
       0
       0
       0
       1
       0
       1
       0
       0
       0
       2
       0
       1
       1
       2
       1
       1
       0
       1
       1
       2
       3
       3
       0
       1
       1
       2
       0
       1
       0
       0
       0
       2
       1
       0
       0
       2
       0
       1
       2
       0
       4
       0
       4
       2
       1
       0
       2
       0
       0
       0
       0
       1
       2
       3
       0
       0
       1
       1
       3
       2
       0
       1
       1
       1
       1
       1
       0
       1
       0
       2
       2
       1
       2
       4
       2
       1
       1
       1
       0
       1
       0
       3
       4
       1
       0
       4
       2
       0
       1
       2
       0
       3
       2
       1
       3
       0
       0
       3
       0
       0
       0
       1
       2
       2
       1
       1
       2
       4
       1
       1
       1
       2
       3
       0
       3
       3
       2
       0
       4
       0
       3
       0
       3
       1
       4
       1
       3
       0
       3
       4
       3
       1
       1
       1
       3
       1
       5
       3
       2
       1
       1
       2
       3
       1
       1
       0
       0
       1
       3
       3
       0
       0
       0
       1
       0
       2
       1
       1
       2
       4
       4
       1
       0
       1
       1
       1
       1
       0
       2
       1
       0
       1
       2
       1
       1
       1
       2
       1
       0
       2
       0
       0
       0
       1
       0
       0
       0
       0
       0
       0
       0
       0
       0
       0
       0
       0
       0
       0
       0
       0
       0
       0
       0
       0
       0
       0
       0
       0
       0
       0
       0
       0
       0
       0
       0
       0
       0
       0
       0
       0
       0
       0
       0
       0
       0
       0
       0
       0
       0
       0
       0
       0
       0
       0
       0
       0
       0
       0
       0
       0
       0
       0
       0
$ROI:
1
763 797
$PRESETS:
Real Time
1200
0
$ENER_FIT:
0.000000 0.045181
$MCA_CAL:
3
0.000000E+000 4.518135E-002 0.000000E+000 keV
$SHAPE_CAL:
3
0.000000E+000 0.000000E+000 0.000000E+000
