$SPEC_ID:
This is sample 008.
$SPEC_REM:
DET# 3
DETDESC# JLAB-20 MCB 131
AP# Maestro Version 7.01
$DATE_MEA:
03/08/2023 16:34:19
$MEAS_TIM:
57 60
$DATA:
0 2047
       0
       0
       0
       0
       0
       0
       0
       0
       0
       0
       0
       0
       0
       0
       0
       0
       0
       0
       0
       0
       0
       0
       0
       0
       0
       0
       0
       0
       0
       0
       0
       0
       0
       0
       0
       0
       0
       0
       0
       0
       0
       0
       0
       0
       0
       0
       0
       0
       0
       0
       0
       0
       0
       0
       0
       0
       0
       0
       0
       0
       0
       0
       0
       0
       0
       0
       0
       0
       0
       0
       0
       0
       0
       0
       0
       0
       0
       0
       0
       0
       0
       0
       0
       0
       0
       0
       4
      28
      31
      37
      26
      21
      18
      32
      23
      24
      28
      27
      30
      30
      30
      20
      22
      25
      18
      21
      21
      32
      25
      29
      27
      22
      31
      22
      28
      24
      27
      32
      28
      32
      32
      37
      22
      29
      22
      27
      21
      23
      23
      31
      26
      29
      21
      26
      20
      31
      28
      25
      23
      26
      21
      27
      17
      22
      21
      17
      21
      23
      24
      26
      28
      26
      24
      21
      28
      21
      17
      17
      20
      15
      26
      19
      30
      12
      24
      15
      24
      18
      20
      20
      22
      26
      16
      28
      22
      25
      19
      19
      27
      20
      17
      21
      17
      24
      23
      18
      20
      19
      25
      23
       8
      13
      26
      22
      19
      20
      16
      22
      24
      26
      25
      24
      24
      28
      20
      24
      24
      17
      10
      24
      17
      21
      26
       9
      20
      10
      27
      21
      20
      14
      21
      12
      23
      19
      16
      14
      16
      18
      30
      20
      15
      17
      17
      23
      23
      11
      15
      30
      23
      25
      21
      19
      17
      17
      19
      13
      13
      14
      22
      14
      12
      11
      18
      15
      16
      11
      20
      16
      10
      14
       7
      17
      17
      14
      19
      16
      13
      16
      14
       6
       5
      14
      14
       9
      14
      12
       7
      15
      14
      18
      12
      18
      16
      16
      16
       8
      10
      10
       7
      13
       7
      16
       6
      11
      11
       9
      14
      16
      10
      13
      13
      10
      16
      13
       8
      15
      14
       5
       8
      16
      18
       7
      16
       9
      19
       7
      12
       8
      12
      18
      13
      14
      11
      14
      12
      19
      11
      15
      14
      14
      19
      11
      12
       9
       9
       7
      18
      16
      14
      10
      11
      11
      12
       8
      15
       6
      10
      13
       8
       6
      11
       7
       8
       9
      18
      12
       7
      10
      13
      12
      13
      15
      12
      14
      10
      13
       7
      12
      11
       5
       4
      13
       6
      12
      12
       8
       9
      11
      10
       5
      10
       8
      10
      10
       4
       8
      13
      14
      14
       9
      15
      11
       7
       4
       6
      13
       9
       7
      13
      11
      17
      10
      14
      10
      10
      11
      10
      11
       7
      12
       5
      16
      11
       9
       6
       9
       7
       9
      17
      16
       7
       8
      15
       8
       8
       8
      10
       9
      11
      11
      10
       6
       8
       3
      13
      10
      12
       9
      10
       7
       7
      11
      13
      12
       8
       5
      12
       8
       7
       9
       9
       8
      18
       8
       5
       9
      13
      14
       5
      10
       4
      10
       8
       3
      10
      14
      11
       3
       7
       5
       6
       9
       9
       7
       9
      11
       8
       9
       7
       6
      11
       6
      11
       8
       5
       8
       8
       8
       8
      10
       9
       8
       9
       6
      10
       8
       8
       6
       8
      13
       7
       8
       6
       8
       5
       5
      12
       8
      10
       7
       8
       9
       6
       9
      10
      12
       6
       5
       4
       9
       6
      11
      11
       5
      11
       6
       5
       5
       8
      10
      14
       7
       9
      15
       5
       6
      10
      10
       5
       8
       8
       8
       8
       9
       6
       9
      15
       9
      11
       4
       9
       4
       3
      11
      13
       5
       3
       6
      11
       7
       9
      13
       6
       6
       8
      11
       9
       4
       7
       6
       6
       5
       5
       7
       8
       7
       4
       6
       8
       2
       6
      11
       9
       6
       8
       7
       8
       1
       4
       3
       9
       4
      10
       5
       4
       4
       5
       6
       5
       5
       6
       8
       4
      13
       6
       7
       8
      12
       7
       7
      10
       9
      13
      11
       9
       7
       4
       6
       7
       4
       7
       7
       4
       6
       6
       3
       5
      10
       4
       5
      13
       7
       8
       9
       7
       5
      10
       3
      10
       2
       6
       6
       8
       7
       9
       9
       6
       8
       8
       6
       3
       7
       8
       6
       3
       7
      10
      11
       9
       7
       7
       9
       9
       8
       2
       5
       8
       9
       7
       4
       4
       8
       8
       6
       4
       1
       3
       8
       5
       5
       8
       6
       8
       4
       8
       4
       7
       4
       8
       7
       3
       4
       1
       3
       5
      10
      12
       3
       6
       7
       7
       5
       8
      11
       5
       4
       7
       5
       6
       9
       7
       8
       4
       6
       6
       9
       3
       6
      10
       9
       6
      10
       2
       8
       7
       7
       6
       6
       3
       7
       3
       6
       9
       5
       5
      11
       7
       3
       6
      10
       5
       4
       8
       6
       5
       6
       8
       7
       3
      11
       9
       7
       9
      10
      12
       6
       7
       7
       6
       9
       8
       4
       8
       5
      11
       5
       2
       5
      12
       3
      12
       7
       5
      10
       6
       5
      10
       3
       9
       4
       7
      10
      11
       5
       8
       5
      11
       9
      10
       7
       0
       6
       2
      10
       3
       5
       6
       8
       2
       4
       3
       9
       6
       7
       5
       7
       2
       6
       6
       7
       7
       3
       9
       3
       6
       6
       4
      10
       5
       4
       5
       8
       4
      11
       5
       4
       7
       4
       3
       9
       3
       4
       9
       6
       6
       8
       8
       5
       3
       5
       8
       4
       3
       5
       3
       7
       8
      10
       4
       2
       6
       4
       4
       7
       5
       5
       7
       4
       8
       9
       5
       6
      10
       8
       9
       5
      11
       5
       2
       7
       7
       9
       9
       8
       9
       5
       7
       6
       7
       8
       6
       8
       7
       9
       5
       8
       5
       8
       8
      10
       3
       5
       7
      10
       5
      12
       4
       5
       7
       6
       9
       6
       6
       9
       9
       9
       4
       9
       6
       9
       8
       4
      10
       8
       6
       5
      11
       7
      13
      12
       7
       6
       4
       9
       7
       8
      11
       5
       7
      10
      10
      14
      11
       4
       8
       7
      10
       7
      15
      11
       9
      13
      15
       9
       9
      20
       9
      16
       5
      13
      13
      12
       9
      14
      18
      20
      14
      15
      14
      14
      16
      15
      21
      21
      11
      10
      15
      15
      18
      11
      16
      15
      21
      14
      16
      15
      16
       9
      22
      17
      21
      28
      23
      27
      19
      27
      13
      16
      30
      27
      25
      28
      29
      32
      33
      26
      40
      37
      46
      47
      42
      38
      43
      41
      51
      45
      47
      56
      54
      31
      45
      43
      46
      42
      50
      36
      48
      48
      51
      41
      54
      50
      43
      37
      53
      50
      61
      51
      52
      51
      48
      33
      40
      51
      39
      42
      39
      38
      38
      35
      33
      52
      37
      33
      27
      31
      17
      27
      31
      24
      29
      20
      20
      27
      15
      16
      16
      13
      23
      14
      20
      13
      21
      21
      22
      11
      19
      16
      30
      13
      23
      15
      19
      24
      13
      17
      16
      17
      22
      23
      20
      14
      11
      19
      20
      17
      15
      34
      16
      29
      23
      10
      27
      21
      22
      19
      16
      20
      21
      27
      19
      27
      18
      25
      30
      24
      25
      20
      19
      22
      21
      24
      23
      20
      26
      17
      34
      26
      24
      31
      21
      22
      18
      25
      34
      34
      27
      24
      33
      22
      22
      28
      29
      38
      35
      34
      37
      36
      35
      32
      43
      35
      47
      46
      41
      34
      27
      38
      30
      32
      30
      34
      37
      33
      25
      57
      36
      46
      32
      41
      34
      45
      40
      46
      41
      44
      39
      44
      39
      40
      35
      44
      44
      46
      41
      41
      37
      44
      41
      49
      36
      62
      49
      50
      40
      37
      54
      44
      57
      54
      38
      44
      52
      48
      66
      56
      41
      56
      52
      51
      48
      63
      69
      61
      65
      50
      61
      74
      68
      66
      48
      52
      47
      69
      76
      66
      75
      65
      71
      67
      67
      64
      79
      73
      82
      68
      72
      90
      83
      88
      96
      78
      72
      80
      88
      95
      80
     100
      79
      90
      95
      96
      96
      87
      89
     118
     103
     101
     125
      98
     118
     124
     112
     125
     120
     124
     138
     137
     159
     134
     133
     149
     146
     166
     187
     162
     188
     211
     198
     221
     221
     236
     264
     302
     309
     354
     391
     432
     459
     520
     597
     659
     711
     713
     829
     901
     945
    1078
    1172
    1250
    1305
    1400
    1565
    1542
    1668
    1798
    1890
    1913
    1987
    2122
    2194
    2226
    2284
    2384
    2518
    2467
    2560
    2699
    2764
    2767
    2930
    2992
    3058
    3110
    3139
    3153
    3176
    3219
    3209
    3304
    3171
    3211
    3180
    3073
    3077
    3049
    2935
    2834
    2638
    2483
    2359
    2228
    2127
    2043
    1786
    1753
    1652
    1448
    1341
    1154
    1127
     970
     875
     785
     736
     655
     583
     516
     463
     392
     375
     346
     281
     271
     256
     199
     201
     159
     156
     126
     116
      99
      94
     105
      85
      83
      84
      75
      62
      61
      47
      60
      45
      50
      44
      54
      42
      35
      44
      49
      50
      44
      40
      49
      47
      43
      42
      40
      44
      31
      53
      35
      44
      50
      48
      48
      52
      61
      52
      52
      50
      52
      44
      56
      63
      51
      50
      59
      57
      43
      65
      66
      66
      65
      60
      66
      62
      68
      64
      80
      81
      79
      69
      86
      79
      79
      69
      83
      75
      84
      94
      97
      91
      99
      98
      93
      99
     102
     113
     104
      99
     123
     128
     112
     115
     110
     118
     108
     115
     108
     139
     119
     129
     140
     143
     162
     134
     144
     164
     139
     145
     159
     162
     177
     193
     171
     186
     177
     229
     229
     261
     263
     273
     309
     370
     390
     413
     419
     499
     531
     575
     622
     597
     699
     735
     856
     850
     881
     935
     966
     987
    1016
    1031
    1044
    1084
    1120
    1133
    1091
    1066
    1065
     995
     987
     918
     934
     937
     813
     839
     778
     758
     682
     689
     620
     624
     528
     534
     477
     469
     442
     422
     365
     366
     368
     332
     352
     324
     354
     334
     342
     323
     334
     354
     326
     321
     321
     317
     334
     327
     344
     293
     314
     280
     279
     321
     322
     256
     261
     254
     220
     233
     197
     209
     157
     183
     156
     139
     128
     126
     106
     112
      91
      74
      77
      58
      50
      54
      49
      51
      40
      36
      28
      25
      20
      23
      26
      18
      13
      15
      23
      25
      19
      14
      16
      10
      18
      15
       9
      14
      14
      11
       7
      10
      11
       5
       7
       6
      10
      16
      13
       8
       5
       9
       7
       7
       6
      12
      12
      11
       9
       5
       5
       7
       7
       6
      10
       9
       8
       6
       6
       7
       8
       6
       8
      11
       2
       9
       9
       1
       8
       7
       7
       8
      15
       5
       7
       9
       5
      11
       7
       3
       7
       5
       6
       7
       6
       4
       8
      12
       7
       7
       4
       6
       9
       3
       9
      11
       5
       9
      11
       7
       2
       3
       9
       7
      10
       7
       4
       2
       4
      11
       9
       7
       4
       9
      12
      10
       7
       4
       8
      16
      10
       9
      12
      11
      10
       9
       4
       6
       7
      10
       6
      15
      10
       5
       7
       8
       3
      10
       3
       8
      10
       7
       5
       9
       8
       5
      11
      11
       6
       9
      10
       5
      10
       9
       6
       6
       7
       6
       8
       7
       3
       5
       8
      10
       8
       5
       4
      11
       8
       8
       7
       5
       3
       5
       9
       8
       5
       9
       9
      15
      11
      11
      11
      10
      15
      11
      16
      18
      28
      23
      20
      32
      21
      35
      36
      33
      42
      57
      49
      54
      73
      66
      70
      74
      71
      68
      76
      84
      78
      97
      79
      88
      97
      90
      99
      68
      86
      85
      67
      75
      68
      58
      47
      42
      42
      34
      46
      37
      30
      23
      31
      26
      23
      16
      17
      16
      12
      19
       7
       6
      10
       7
       5
      15
       6
       2
       6
       5
       6
       3
       5
       1
       3
       3
       1
       1
       4
       1
       2
       1
      10
       1
       1
       2
       2
       3
       0
       2
       3
       2
       0
       2
       2
       2
       0
       2
       2
       1
       2
       1
       1
       1
       3
       1
       3
       1
       2
       4
       1
       2
       3
       0
       0
       2
       1
       2
       3
       0
       1
       1
       0
       4
       0
       2
       4
       2
       0
       1
       0
       1
       4
       2
       1
       3
       4
       1
       1
       1
       3
       3
       3
       3
       1
       3
       4
       1
       3
       0
       3
       1
       1
       5
       2
       2
       2
       1
       1
       2
       2
       0
       3
       3
       4
       1
       1
       3
       0
       3
       4
       2
       1
       0
       2
       2
       3
       2
       1
       4
       3
       2
       2
       2
       3
       1
       0
       4
       3
       1
       0
       1
       2
       2
       2
       2
       1
       0
       2
       6
       2
       0
       2
       3
       3
       1
       1
       2
       1
       1
       2
       0
       3
       1
       2
       2
       4
       3
       2
       2
       3
       1
       4
       3
       2
       1
       0
       1
       1
       3
       1
       2
       1
       3
       2
       1
       3
       3
       2
       2
       3
       2
       1
       3
       4
       2
       2
       1
       1
       3
       1
       2
       2
       1
       1
       2
       0
       4
       3
       0
       0
       1
       1
       1
       1
       1
       0
       1
       1
       1
       2
       1
       5
       0
       1
       1
       0
       0
       0
       0
       0
       0
       0
       0
       0
       0
       0
       0
       0
       0
       0
       0
       0
       0
       0
       0
       0
       0
       0
       0
       0
       0
       0
       0
       0
       0
       0
       0
       0
       0
       0
$ROI:
0
$PRESETS:
Real Time
1200
0
$ENER_FIT:
0.000000 0.033638
$MCA_CAL:
3
0.000000E+000 3.363775E-002 0.000000E+000 keV
$SHAPE_CAL:
3
0.000000E+000 0.000000E+000 0.000000E+000
