$SPEC_ID:
This is sample 008.
$SPEC_REM:
DET# 3
DETDESC# JLAB-20 MCB 131
AP# Maestro Version 7.01
$DATE_MEA:
03/08/2023 16:38:20
$MEAS_TIM:
58 60
$DATA:
0 2047
       0
       0
       0
       0
       0
       0
       0
       0
       0
       0
       0
       0
       0
       0
       0
       0
       0
       0
       0
       0
       0
       0
       0
       0
       0
       0
       0
       0
       0
       0
       0
       0
       0
       0
       0
       0
       0
       0
       0
       0
       0
       0
       0
       0
       0
       0
       0
       0
       0
       0
       0
       0
       0
       0
       0
       0
       0
       0
       0
       0
       0
       0
       0
       0
       0
       0
       0
       0
       0
       0
       0
       0
       0
       0
       0
       0
       0
       0
       0
       0
       0
       0
       0
       0
       0
       0
       3
      30
      32
      28
      18
      26
      21
      29
      24
      22
      22
      22
      16
      20
      20
      22
      18
      22
      26
      24
      23
      21
      21
      15
      17
      17
      26
      14
      16
      17
      17
      23
      20
      19
      23
      17
      19
      20
      30
      19
      17
      19
      22
      24
      15
      20
      21
      22
      14
      16
      19
      14
      21
      23
      22
       7
      22
      15
      18
      20
      27
      19
      28
      11
      16
      22
      21
      20
      23
      19
      16
      20
      27
      17
      23
      12
      24
      21
      22
      20
      16
      16
      14
      26
      21
      12
      23
      19
      25
      12
      15
      16
      20
      14
      10
      14
      15
      20
      17
      18
      15
      21
      18
      16
      21
      20
      15
      21
      20
      24
      22
      12
      17
      14
      18
      16
      19
      19
      12
      12
      14
      16
      18
      11
      23
      14
      13
      10
       9
      17
      21
      18
      14
      13
      16
      16
      17
      10
      17
      11
      17
      10
      11
      12
      15
      22
      13
      13
      13
      15
      11
      17
      14
      17
      19
      17
      14
       7
      16
      11
      15
      12
      14
      16
      10
      10
      16
      14
      10
      11
       9
       8
      11
      14
       9
       7
      14
      15
       8
      17
       5
      11
       9
       7
       9
      16
      13
      11
      16
      14
      10
      12
       9
      13
      14
      10
      11
       9
      16
       9
      11
      11
      12
       7
      12
      17
       9
      13
      17
      14
       8
      15
      13
       9
       7
       7
      17
      11
       9
      10
       7
       7
       8
       7
       4
       8
      13
      16
       9
      10
      10
      13
      17
       8
       9
      14
       4
       7
      12
       6
       8
       8
       8
      10
      10
      10
       9
       7
       4
      14
      14
       7
       7
      10
      11
       7
       7
      14
      10
       6
      11
       4
      11
       8
       7
       8
       8
       9
      15
       3
      13
       4
       4
      13
       4
      12
       9
      10
       9
       9
       7
       6
       5
      13
       9
       7
       9
       4
      14
       7
       6
       4
      11
       3
       6
       7
       6
       9
       6
      18
       5
       7
      10
       8
       8
       9
      12
      10
      18
      12
       6
       9
       5
       5
       4
      12
       8
       5
      11
      11
      14
       9
       7
      16
       5
       7
      11
       5
       9
      17
      11
       8
      12
       6
       7
      10
       8
       3
      13
       5
       7
       6
       3
      14
      11
      11
       8
       6
       6
       6
       9
       4
       3
       6
      13
       8
      10
       6
      11
      16
      10
       9
       6
       6
       8
       5
       7
       6
       6
       9
       8
       5
      10
       7
       4
       3
       1
       8
       6
       6
      10
       9
       4
       7
       8
       8
      10
       5
       3
       6
       5
       7
       8
      13
      11
       7
       2
       7
      11
       8
       5
       7
       4
       7
       8
       9
       5
       3
       3
       4
       9
       5
       9
       6
       3
       3
       4
       9
       4
       7
      12
       4
       8
       7
       3
       4
       8
       5
       8
      16
       7
       4
       3
       8
       6
       4
      10
       8
       5
       8
      12
       6
      10
       7
       6
       6
      10
       7
       6
       5
       7
      10
      10
      15
       7
      10
       8
       7
       9
       4
       9
       5
      10
       9
      10
       4
       5
       8
       3
       9
       9
       4
       6
       7
       7
       7
      10
       2
       7
       7
       5
       7
       5
       7
       6
       6
       7
       7
       8
       4
       5
       8
       1
       5
       8
       6
       5
       5
       1
       5
       9
       4
       6
       9
       8
       8
       4
      11
      11
       7
       7
       4
       6
       9
       6
      10
       7
       5
       5
       6
       5
       6
       5
       7
       5
       3
       7
      12
       1
       5
       8
      10
       6
       9
       2
       8
       5
       8
       3
       8
       6
       7
      13
       4
       4
       4
       7
       5
       5
       6
       2
       7
       5
       2
       7
       6
       7
       9
       4
       5
       2
       3
       4
       5
       5
       7
       5
       7
       3
      10
       5
       5
      13
       5
       9
       7
       7
       5
       9
       5
       9
       2
       9
       3
       2
       4
      10
       4
       2
       5
       9
       1
       8
       5
       4
       2
       7
       3
       4
       4
       4
       5
       9
       6
       3
       5
       7
       6
       4
       3
       8
      10
       3
       4
       4
       4
       6
       6
       5
       3
       7
       6
       6
       7
       5
       8
       9
       8
       5
       6
       7
       2
       8
       7
      11
       6
      10
       5
       4
       6
       4
       7
       9
       1
       8
       4
       4
       8
       5
       6
       5
       9
       6
       7
       5
       4
      13
       5
       4
       3
       5
       3
       9
       7
       8
       5
       2
      12
       3
       6
       5
      10
      12
      11
       7
       8
       8
       5
       4
       6
       1
       5
       6
      10
       2
      12
       3
       3
       4
       1
       6
       5
       9
       6
       6
       4
       6
       3
       5
       5
       4
       7
       5
       7
       4
       5
       6
       8
       6
       2
       4
       2
      11
       6
       9
       5
       5
       6
       5
       9
       4
       6
       5
       6
       5
       4
       3
       8
       7
       1
       6
       2
       4
       0
       5
       7
       7
       7
       6
       6
       2
       2
       4
       4
       8
       4
       6
       7
       5
       9
       5
      10
       5
       5
       3
       4
       9
       7
       6
       7
       5
       9
       5
       4
       7
       4
       7
       5
       3
       9
       9
      11
       1
       7
       6
       7
      11
       7
       5
       4
       4
       5
       0
       6
       6
       1
       7
       4
      10
       6
       5
       5
       2
       4
       4
       4
       8
       5
       6
       5
       7
       5
       9
       7
       4
       8
      10
       4
       7
      10
       4
       5
       6
       5
       4
       8
       7
       9
       2
       3
       7
       6
       7
      10
       3
       9
       4
       6
      10
       3
       7
      10
       2
       3
       8
       8
       7
       7
       7
       9
       5
       5
       6
       7
       8
      10
       5
       6
       9
       9
       7
       5
       9
       9
       8
       5
       9
       9
       7
       9
      11
      11
      11
       4
      10
      10
       9
       7
       9
      17
      16
       9
      13
       9
       9
      23
      16
      11
      12
      13
      13
      14
      10
      16
      11
      11
      21
      14
       8
      15
      21
      16
      14
      15
      15
      18
      20
      13
      17
      18
      22
      16
      19
      13
      23
      10
      21
      30
      19
      24
      26
      31
      29
      27
      27
      32
      29
      25
      33
      31
      30
      43
      47
      36
      34
      45
      35
      40
      39
      33
      33
      38
      36
      37
      31
      36
      30
      34
      41
      42
      41
      55
      44
      45
      24
      35
      41
      26
      42
      33
      29
      32
      29
      38
      22
      27
      32
      25
      23
      26
      31
      27
      21
      22
      23
      22
      17
      27
      18
      19
      14
      18
      18
      16
      15
      16
      16
      11
      19
      23
      18
      15
      14
      22
      13
      12
      29
      15
      17
      16
      12
      16
      18
      17
      16
      17
      14
      12
      17
      15
      19
      11
      15
      14
      19
      13
      16
      19
      19
      11
      14
      17
      14
      10
      26
      17
      14
      17
      14
      20
      22
      20
      18
      20
      17
      17
      25
      20
      18
      28
      26
      17
      17
      18
      21
      19
      18
      22
      20
      21
      28
      22
      19
      17
      23
      31
      35
      22
      24
      24
      29
      26
      18
      29
      25
      22
      25
      19
      23
      23
      30
      29
      35
      28
      34
      27
      27
      23
      27
      26
      30
      28
      25
      20
      35
      22
      32
      28
      32
      34
      25
      33
      29
      30
      37
      34
      39
      31
      35
      34
      34
      29
      31
      35
      37
      37
      44
      47
      41
      39
      41
      40
      36
      43
      32
      51
      46
      52
      44
      37
      54
      53
      38
      52
      36
      47
      51
      46
      66
      56
      60
      47
      56
      60
      60
      70
      51
      52
      83
      56
      56
      59
      54
      45
      51
      68
      57
      63
      57
      78
      63
      59
      59
      71
      62
      77
      69
      74
      68
      72
      70
      94
      83
      81
      89
      74
      83
      66
      86
     106
     101
     118
      95
      97
      94
     104
     101
     116
     101
     119
     110
     122
     116
     111
     128
     128
     145
     119
     131
     170
     178
     167
     186
     172
     166
     202
     207
     244
     225
     265
     295
     307
     315
     376
     384
     461
     476
     509
     556
     641
     682
     756
     839
     852
     952
    1014
    1035
    1118
    1140
    1289
    1228
    1378
    1477
    1521
    1529
    1690
    1747
    1694
    1749
    1746
    1807
    1941
    2007
    2022
    2049
    2016
    2242
    2153
    2252
    2236
    2311
    2418
    2383
    2364
    2254
    2288
    2382
    2213
    2275
    2180
    2170
    2024
    1945
    1963
    1865
    1694
    1591
    1540
    1341
    1335
    1177
    1160
    1056
     927
     815
     731
     700
     593
     586
     471
     444
     372
     345
     285
     271
     203
     206
     164
     153
     160
     119
     110
      87
      93
      88
      81
      75
      78
      71
      62
      53
      53
      37
      50
      39
      40
      57
      32
      37
      44
      38
      48
      37
      37
      41
      38
      30
      50
      46
      38
      30
      31
      27
      34
      34
      41
      39
      51
      39
      48
      44
      45
      39
      33
      42
      48
      39
      46
      49
      49
      40
      47
      45
      42
      60
      54
      46
      48
      52
      46
      53
      51
      46
      46
      61
      55
      71
      73
      70
      66
      65
      61
      59
      78
      70
      78
      83
      74
      82
     100
      89
      91
      85
      94
      67
     108
      73
      89
     111
      97
     100
      97
      97
      94
     112
      98
     112
     131
     100
     116
     117
     107
     118
     118
     111
     106
     138
     137
     161
     154
     149
     167
     164
     177
     183
     196
     224
     224
     267
     280
     295
     327
     359
     386
     438
     516
     489
     503
     585
     635
     631
     665
     707
     745
     756
     751
     837
     773
     874
     844
     854
     842
     823
     847
     830
     832
     799
     776
     702
     692
     636
     634
     632
     580
     513
     512
     473
     409
     400
     334
     354
     318
     334
     320
     308
     271
     253
     221
     245
     239
     203
     233
     239
     240
     249
     245
     242
     275
     268
     266
     257
     256
     268
     218
     207
     217
     238
     243
     238
     234
     219
     178
     188
     153
     163
     147
     132
     129
     122
      87
     100
      78
      78
      66
      65
      61
      69
      45
      39
      36
      31
      26
      32
      23
      21
      22
      24
      24
      18
      15
      21
      16
      13
      15
      11
      15
       6
       9
       9
       7
       6
       6
       6
       9
       9
      11
       7
       5
       7
       8
       6
       7
       5
       5
       7
       8
       7
       8
       5
       5
       5
       8
       6
       5
       3
       6
      10
       1
       9
       8
       5
       4
      10
      11
       6
       3
       7
       6
       8
       6
       7
       5
      12
       6
       9
      12
       2
       5
       5
       5
       3
       4
       8
       3
       3
       4
       3
       2
       6
      13
       5
       9
       6
       5
      15
      10
       7
       5
       3
       2
       5
       3
       2
       5
       9
       3
       7
      13
       6
       6
       7
       7
       7
       5
       8
       9
       6
       3
       6
       6
       9
      12
       6
       5
       8
       7
       9
       9
       7
       9
       5
       8
       7
       8
       4
       7
       6
       9
       4
       7
       3
       6
       7
       7
       6
      11
       5
       9
       8
       7
       8
       8
       8
       2
       0
       3
       6
       3
       4
       7
       8
       7
       9
       5
       5
       3
       4
       8
       7
       5
       4
       5
       4
       6
      17
       7
       8
      12
       6
       5
       8
       3
       9
       9
       7
      16
      13
      15
      13
       8
      16
      17
      22
      17
      16
      20
      24
      27
      22
      42
      31
      46
      36
      47
      63
      58
      63
      57
      74
      64
      63
      72
      75
      89
      80
      65
      78
      60
      68
      76
      61
      53
      63
      64
      61
      42
      38
      42
      39
      33
      30
      24
      29
      23
      18
      13
      18
      13
       9
      14
       9
      11
      12
       8
       2
       5
       5
       1
       3
       4
       1
       2
       1
       6
       0
       4
       4
       3
       2
       1
       2
       2
       0
       1
       1
       4
       1
       2
       1
       1
       4
       2
       2
       0
       1
       0
       3
       2
       2
       0
       1
       0
       2
       2
       2
       1
       2
       2
       2
       2
       1
       3
       3
       1
       0
       1
       1
       2
       2
       0
       1
       3
       0
       3
       1
       3
       2
       1
       1
       1
       2
       2
       3
       1
       3
       2
       1
       0
       2
       3
       1
       0
       2
       0
       3
       2
       3
       3
       1
       0
       1
       4
       3
       0
       1
       1
       1
       2
       0
       0
       1
       1
       0
       0
       0
       2
       1
       0
       1
       0
       2
       0
       1
       3
       2
       2
       1
       1
       0
       1
       2
       0
       0
       2
       3
       2
       1
       2
       0
       0
       2
       1
       1
       0
       3
       0
       0
       0
       2
       1
       2
       2
       2
       6
       0
       3
       1
       0
       2
       3
       2
       0
       0
       4
       1
       3
       0
       0
       1
       0
       0
       2
       0
       2
       1
       0
       1
       1
       0
       4
       2
       1
       1
       3
       1
       4
       0
       2
       2
       0
       1
       2
       1
       1
       1
       4
       0
       2
       0
       1
       2
       2
       1
       1
       0
       5
       1
       1
       2
       1
       1
       1
       0
       1
       3
       3
       1
       0
       3
       2
       0
       1
       1
       0
       1
       1
       0
       0
       0
       0
       0
       0
       0
       0
       0
       0
       0
       0
       0
       0
       0
       0
       0
       0
       0
       0
       0
       0
       0
       0
       0
       0
       0
       0
       0
       0
       0
       0
       0
       0
       0
       0
$ROI:
0
$PRESETS:
Real Time
1200
0
$ENER_FIT:
0.000000 0.033638
$MCA_CAL:
3
0.000000E+000 3.363775E-002 0.000000E+000 keV
$SHAPE_CAL:
3
0.000000E+000 0.000000E+000 0.000000E+000
