$SPEC_ID:
This is sample 008.
$SPEC_REM:
DET# 3
DETDESC# JLAB-20 MCB 131
AP# Maestro Version 7.01
$DATE_MEA:
03/08/2023 16:06:32
$MEAS_TIM:
58 59
$DATA:
0 2047
       0
       0
       0
       0
       0
       0
       0
       0
       0
       0
       0
       0
       0
       0
       0
       0
       0
       0
       0
       0
       0
       0
       0
       0
       0
       0
       0
       0
       0
       0
       0
       0
       0
       0
       0
       0
       0
       0
       0
       0
       0
       0
       0
       0
       0
       0
       0
       0
       0
       0
       0
       0
       0
       0
       0
       0
       0
       0
       0
       0
       0
       0
       0
       0
       0
       0
       0
       0
       0
       0
       0
       0
       0
       0
       0
       0
       0
       0
       0
       0
       0
       0
       0
       0
       0
       0
       6
      26
      44
      41
      42
      22
      34
      22
      35
      32
      38
      30
      22
      22
      39
      22
      33
      25
      30
      23
      22
      25
      17
      29
      18
      26
      30
      25
      26
      25
      24
      30
      18
      20
      16
      17
      27
      16
      19
      27
      16
      29
      26
      18
      18
      15
      23
      28
      18
      21
      21
      26
      16
      13
      18
      20
      30
      23
      11
      13
      18
      17
      13
      16
      14
      22
      14
      19
      18
      18
      15
      13
      17
      12
      26
      16
      13
      23
      23
      13
      17
      16
      24
      16
      17
      17
      15
      14
      15
      14
      14
      13
      12
      12
      13
      14
      11
      19
      22
      10
      14
       8
      18
      15
      12
      18
      10
      21
      13
      17
      14
      14
      13
      13
      11
      12
      19
      11
      13
       9
      13
      13
      16
      21
      18
      13
      10
      12
      16
      12
      15
      14
      11
      13
      11
       8
      16
      17
      14
       9
       7
      10
       9
       7
      22
      11
       5
      15
      17
      14
      11
      11
      10
       8
      17
      11
      16
      17
      20
      19
       9
       6
       8
      13
      14
      14
      14
       9
      15
      11
      12
      16
      13
       8
      15
       7
       9
      12
       8
      12
       8
      10
      12
       5
      16
      10
      13
      15
       7
      13
      13
      12
       8
       7
      11
      11
      12
      13
      14
      14
       7
      10
       9
      10
       9
       5
       6
       9
      15
      10
      10
      16
       4
       7
       9
      10
      16
      12
       6
      17
      15
      13
      13
       8
      14
       4
      11
      16
      14
       6
      15
       8
       9
       8
       7
      10
       4
       9
       9
      10
       8
      15
      13
      15
      12
      10
       8
      10
       5
       7
      13
       9
      11
       7
       5
       6
      10
       7
       8
       8
      10
       8
      11
      11
       8
      11
       4
       4
       9
      10
       5
       7
      14
       6
       6
       7
      10
      14
      10
      12
       9
       5
      11
      11
       9
      12
       9
      17
      12
       6
       7
      10
       9
      12
       7
      12
       8
      11
      13
       5
       8
      12
       7
      14
       6
      11
       8
       3
       7
      10
       7
      10
       9
       9
       7
       6
      11
       7
      14
       7
      13
      10
      11
       7
       8
       9
      10
      11
       9
      10
      12
      11
      10
      13
      12
       9
      11
       6
       7
       5
      11
       5
      12
       9
       8
      13
      13
       9
       6
       5
      14
       2
      11
       8
      10
       5
       8
       2
       6
       8
       4
       4
      14
       8
      12
       6
      14
       5
       4
       8
       6
       5
       8
      10
       8
       8
      10
       6
      10
      10
       4
      10
       3
       8
       5
      10
       5
      10
       8
       2
       7
      11
       5
       8
      15
       4
      10
       6
       7
       5
      10
       3
       6
      13
       7
       3
       6
       5
       8
       7
       8
       7
       8
       5
       5
       9
       4
      14
       8
       3
       5
       9
       7
       9
       6
      10
       2
       9
       5
      11
      11
       6
       9
       6
       6
      11
       9
       7
       6
       4
       8
      13
       3
       4
       9
       8
       6
       4
      11
       5
       8
       6
       5
      11
       7
       7
       6
      12
       3
       7
       7
       7
       9
       7
       5
       9
      10
       5
       2
       4
       8
       9
       9
       7
       5
       6
      10
       4
       4
      10
      10
       8
       8
       3
       6
       4
      10
       4
       5
       7
       2
       8
      10
       9
       6
       9
      10
      10
       8
      12
       8
       5
       5
      13
       7
      14
       8
       6
       9
      15
       6
       9
       4
       6
       6
      14
       5
      10
      16
       9
      11
      10
      12
      20
      14
      13
      13
      14
      19
      22
      21
      21
      23
      19
      14
      27
      22
      26
      28
      20
      28
      32
      29
      33
      40
      38
      31
      41
      29
      43
      31
      36
      36
      42
      39
      50
      60
      40
      60
      57
      66
      77
      71
      71
      75
      97
      92
      87
      89
      98
      82
      95
      99
      85
      86
     111
     105
      97
      95
      81
      63
     100
     100
      82
      79
      75
      77
      80
      59
      63
      53
      48
      48
      42
      46
      46
      31
      30
      14
      24
      24
      14
      17
      13
      20
      13
       5
      15
      16
      14
      12
      11
      12
      10
       5
      10
       8
       8
      10
       5
       7
       4
       9
       3
       9
       8
       9
       5
       6
      12
       1
      14
       7
       8
       8
      11
       9
       7
      13
       8
       9
       9
       7
       4
       9
      11
       9
       3
       7
       8
       7
      12
      10
       7
      10
       8
      13
      10
      12
      15
       7
      13
      18
      15
      14
      16
      13
      16
      16
      13
      13
      14
      19
      14
      16
      17
      13
      19
      13
      18
      16
      22
      12
      21
      17
      21
      19
      16
      14
      27
      22
      19
      19
      21
      23
      29
      28
      28
      21
      28
      26
      28
      24
      33
      32
      29
      36
      28
      26
      28
      33
      17
      31
      28
      33
      23
      17
      18
      21
      26
      19
      18
      26
      24
      22
      29
      24
      20
      17
      23
      20
      12
      17
      27
      12
      18
      21
      18
      24
       9
      24
      11
      19
      31
      20
      25
      25
      21
      11
      25
      23
      26
      24
      19
      21
      27
      25
      21
      27
      26
      27
      24
      30
      30
      21
      28
      25
      28
      26
      30
      32
      29
      36
      35
      33
      47
      26
      33
      32
      36
      31
      44
      37
      37
      33
      28
      32
      43
      47
      43
      36
      30
      37
      40
      49
      59
      45
      42
      53
      44
      42
      46
      47
      49
      46
      50
      51
      52
      52
      47
      70
      67
      58
      50
      62
      57
      77
      71
      65
      80
      89
      78
      89
      86
      93
      83
      99
     112
     114
     124
     120
     142
     143
     143
     189
     217
     233
     233
     269
     308
     355
     416
     430
     539
     583
     661
     752
     832
     952
    1091
    1146
    1292
    1374
    1556
    1694
    1893
    1956
    2185
    2343
    2417
    2519
    2690
    2786
    2915
    3076
    3104
    3293
    3394
    3297
    3362
    3411
    3420
    3454
    3340
    3225
    3133
    3082
    3019
    2921
    2728
    2512
    2483
    2266
    2144
    2066
    1803
    1684
    1417
    1337
    1242
    1061
     954
     883
     796
     698
     576
     503
     449
     382
     331
     292
     276
     196
     156
     156
     125
     124
     108
     113
      77
      71
      59
      52
      46
      56
      55
      50
      37
      27
      23
      36
      30
      36
      29
      29
      16
      27
      24
      17
      19
      26
      23
      31
      25
      39
      26
      27
      22
      18
      30
      30
      32
      18
      21
      33
      30
      36
      26
      43
      25
      21
      25
      40
      28
      37
      43
      37
      41
      41
      40
      41
      49
      46
      51
      60
      54
      54
      70
      78
      68
      86
      89
     130
     143
     162
     172
     199
     252
     224
     286
     295
     312
     379
     435
     472
     516
     559
     603
     607
     674
     748
     732
     727
     769
     773
     832
     840
     847
     853
     877
     849
     842
     821
     809
     735
     723
     753
     700
     681
     653
     642
     536
     559
     552
     456
     448
     419
     417
     397
     370
     359
     311
     352
     312
     330
     292
     242
     255
     247
     230
     256
     225
     209
     191
     185
     167
     182
     156
     138
     129
     115
     103
      83
      87
      70
      72
      57
      47
      40
      37
      28
      27
      22
      23
      16
      23
      19
       9
       8
       6
      12
      12
       4
       4
       6
       3
       5
       6
       4
       6
       7
       2
       5
       7
       1
       4
       3
       0
       4
       5
       4
       5
       4
       2
       7
       7
       1
       7
       9
       3
       3
       5
       4
       6
       2
       7
       2
       4
       4
       2
       4
       1
       1
       4
       3
       5
       3
       2
       3
       4
       3
       1
       8
       7
       5
       3
       5
       0
       4
       2
       2
       4
       3
       0
       2
       5
       4
       3
       3
       6
       3
       3
       5
       3
       0
       7
       3
       1
       5
       2
       3
       2
       2
       4
       2
       3
       5
       1
       4
       2
       2
       3
       2
       1
       5
       1
       3
       2
       6
       2
       7
       2
       5
       3
       1
       5
       7
       4
       2
       5
       3
       3
       3
       7
       2
       7
       8
       2
       6
       5
       2
       1
       7
       4
       3
       4
       7
       5
       3
       3
       7
       5
       4
      10
       2
       6
       7
       8
       3
       2
       6
      11
      11
      11
       5
       8
       4
       3
      10
       9
       5
       8
       6
       9
       8
      11
       7
       8
      14
       5
      10
       5
       8
       5
      12
      12
       6
       6
       6
       6
       5
       7
       6
      10
       8
       6
      14
      10
       8
       9
       4
       8
       6
      14
      10
       7
       9
      12
       3
       8
      12
      17
      11
       7
      12
      10
      11
       9
      17
       5
      10
      16
      11
       8
      12
      12
      13
      11
       9
      19
      17
      13
      12
      16
      17
      18
      16
      17
       9
      26
      15
      13
      17
      13
      19
      22
      18
      16
      21
      13
      15
      18
      20
      19
      17
      17
      18
      26
      23
      19
      26
      25
      20
      18
      16
      21
      20
      31
      17
      23
      31
      30
      39
      15
      28
      28
      24
      30
      26
      32
      37
      41
      28
      25
      35
      37
      44
      38
      35
      41
      41
      45
      48
      61
      47
      39
      50
      50
      48
      46
      56
      53
      72
      50
      61
      67
      77
      64
      69
      71
      78
      61
      88
      84
      77
     100
      88
     120
      94
     107
     101
     104
     108
     105
     108
     106
     111
     108
     113
     122
     108
     114
     107
     114
     112
     135
     132
     126
     127
     131
     140
     133
     139
     130
     126
     113
     128
     128
     126
     110
     103
      85
     113
     122
     102
     120
     108
     109
     108
      94
      98
      94
      91
      75
      86
      97
      80
      66
      84
      80
      63
      69
      86
      72
      66
      54
      62
      66
      76
      60
      62
      57
      51
      51
      56
      40
      44
      45
      45
      55
      44
      38
      54
      44
      44
      36
      43
      24
      24
      35
      39
      36
      33
      29
      34
      29
      36
      44
      25
      28
      19
      28
      23
      26
      23
      28
      21
      34
      28
      34
      13
      20
      22
      21
      25
      20
      14
      29
      15
      21
      21
      22
      17
      20
      23
      16
      22
      24
      24
      20
      14
      19
      19
      15
      20
      16
      16
      12
      13
      15
      22
      22
      12
      18
      11
      21
      18
      19
      12
      18
      17
      11
       6
      11
       6
      15
      19
      13
      20
      18
      13
      13
      13
      15
      11
       8
      15
      14
      16
      13
      13
       7
      10
      13
      13
      16
      16
      12
      10
      16
      12
      12
      13
      10
      15
      17
      13
       8
      10
      17
      13
       9
      13
      13
      10
      15
      10
       7
      12
      13
      12
      20
      14
      16
      13
      15
      16
      15
       9
      16
      15
       5
      16
      13
      12
      10
      11
      11
      16
      13
      11
      11
      15
       9
      15
      18
      14
      11
      12
      13
      14
      10
      16
      13
       9
      15
      10
      10
       9
      10
      11
       9
      14
      14
      12
      10
      13
      17
      12
       6
      16
       9
       7
      12
      13
      10
      15
      12
      14
      19
      16
      11
      12
       7
      13
       9
      14
      13
       8
       9
       9
      14
      11
      12
       7
       9
      13
       9
      13
       9
       7
       9
      10
      12
      13
       6
      14
      10
      13
      11
      11
      11
      11
      14
      10
      14
      11
       8
      10
       6
      10
      11
      13
      13
      17
      11
      11
      12
       8
      17
      16
      18
      24
      23
      19
      36
      30
      33
      36
      44
      40
      53
      42
      65
      65
      67
      77
      77
      94
     116
     105
     103
     106
     117
     126
     113
     114
     116
     135
     125
     127
     113
     121
     121
     104
     115
      77
      86
      82
      82
      79
      72
      58
      63
      40
      48
      38
      47
      42
      34
      28
      23
      16
      19
      14
      12
      11
      16
       7
       4
       6
       9
       5
       3
       3
       3
       1
       4
       4
       3
       2
       5
       3
       2
       5
       3
       3
       1
       6
       2
       2
       3
       2
       2
       1
       1
       4
       4
       2
       4
       0
       2
       0
       0
       3
       5
       3
       2
       8
       3
       1
       3
       1
       2
       0
       3
       0
       3
       2
       1
       2
       3
       3
       2
       4
       2
       2
       0
       4
       2
       1
       1
       0
       4
       2
       3
       5
       1
       3
       2
       3
       2
       3
       4
       2
       1
       4
       1
       1
       5
       2
       4
       0
       3
       3
       1
       4
       4
       3
       1
       0
       1
       4
       2
       5
       1
       2
       2
       4
       4
       2
       5
       4
       3
       1
       5
       1
       0
       4
       2
       2
       0
       4
       3
       5
       5
       2
       2
       5
       1
       0
       2
       1
       1
       1
       1
       1
       1
       0
       3
       1
       2
       1
       2
       1
       4
       2
       2
       2
       3
       0
       2
       0
       4
       0
       2
       1
       2
       2
       1
       0
       3
       2
       0
       2
       2
       1
       2
       1
       2
       4
       0
       3
       1
       2
       1
       1
       1
       2
       1
       0
       3
       3
       3
       4
       2
       2
       1
       1
       2
       2
       1
       1
       1
       3
       2
       0
       0
       0
       0
       1
       0
       0
       1
       0
       0
       0
       0
       0
       0
       0
       0
       0
       0
       1
       0
       0
       0
       0
       0
       0
       0
       0
       0
       0
       0
       0
       0
       0
       0
       0
       0
       0
       0
       0
       0
       0
       0
       0
       0
       0
       0
       0
       0
       0
       0
       0
       0
       0
       0
       0
       0
$ROI:
0
$PRESETS:
Real Time
1200
0
$ENER_FIT:
0.000000 0.033638
$MCA_CAL:
3
0.000000E+000 3.363775E-002 0.000000E+000 keV
$SHAPE_CAL:
3
0.000000E+000 0.000000E+000 0.000000E+000
