$SPEC_ID:
This is sample 008.
$SPEC_REM:
DET# 3
DETDESC# JLAB-20 MCB 131
AP# Maestro Version 7.01
$DATE_MEA:
03/08/2023 15:47:57
$MEAS_TIM:
59 59
$DATA:
0 2047
       0
       0
       0
       0
       0
       0
       0
       0
       0
       0
       0
       0
       0
       0
       0
       0
       0
       0
       0
       0
       0
       0
       0
       0
       0
       0
       0
       0
       0
       0
       0
       0
       0
       0
       0
       0
       0
       0
       0
       0
       0
       0
       0
       0
       0
       0
       0
       0
       0
       0
       0
       0
       0
       0
       0
       0
       0
       0
       0
       0
       0
       0
       0
       0
       0
       0
       0
       0
       0
       0
       0
       0
       0
       0
       0
       0
       0
       0
       0
       0
       0
       0
       0
       0
       0
       0
       0
       4
      13
      10
       3
      10
       6
       2
       3
       3
       5
       4
       2
       1
       2
       2
       1
       3
       2
       1
       3
       1
       2
       2
       2
       1
       1
       1
       1
       4
       1
       1
       3
       2
       1
       0
       1
       0
       2
       4
       3
       2
       5
       2
       3
       1
       2
       3
       2
       1
       2
       2
       2
       1
       2
       1
       3
       4
       0
       2
       2
       4
       0
       3
       3
       1
       0
       3
       1
       2
       4
       2
       0
       2
       1
       0
       0
       0
       2
       2
       2
       1
       3
       3
       2
       1
       2
       3
       1
       0
       2
       5
       2
       2
       5
       2
       1
       0
       1
       4
       1
       0
       0
       2
       0
       0
       2
       0
       1
       3
       0
       1
       1
       2
       2
       0
       0
       4
       1
       1
       2
       1
       1
       0
       1
       4
       2
       1
       3
       5
       1
       1
       1
       1
       3
       2
       1
       2
       3
       1
       0
       4
       1
       1
       2
       0
       2
       1
       1
       0
       2
       1
       1
       4
       0
       2
       0
       1
       0
       3
       1
       0
       1
       0
       1
       4
       1
       0
       1
       0
       0
       0
       0
       3
       2
       1
       0
       1
       0
       2
       2
       0
       0
       1
       0
       1
       2
       1
       1
       2
       4
       2
       3
       0
       2
       0
       0
       0
       2
       2
       0
       0
       1
       1
       1
       1
       1
       0
       0
       2
       1
       2
       1
       1
       0
       2
       0
       0
       2
       2
       0
       0
       2
       2
       0
       1
       3
       0
       1
       3
       0
       2
       2
       3
       1
       0
       2
       0
       2
       2
       2
       0
       4
       1
       0
       2
       1
       1
       2
       3
       3
       0
       4
       3
       1
       3
       3
       3
       2
       0
       2
       5
       2
       0
       3
       2
       2
       1
       3
       4
       6
       3
       2
       3
       1
       0
       2
       0
       0
       1
       3
       1
       3
       1
       2
       0
       3
       1
       1
       2
       0
       0
       0
       1
       0
       3
       2
       3
       1
       0
       0
       0
       4
       1
       2
       0
       2
       0
       2
       1
       2
       1
       1
       2
       1
       1
       0
       2
       1
       0
       2
       0
       2
       1
       0
       3
       2
       0
       1
       2
       1
       2
       1
       0
       0
       1
       1
       1
       1
       0
       0
       1
       0
       1
       2
       0
       0
       1
       2
       1
       0
       3
       1
       2
       0
       1
       0
       2
       2
       0
       1
       0
       1
       2
       2
       1
       2
       4
       0
       1
       3
       2
       4
       3
       0
       1
       2
       1
       0
       0
       0
       1
       2
       1
       4
       1
       0
       1
       0
       0
       1
       1
       1
       1
       1
       1
       1
       1
       0
       1
       1
       2
       0
       2
       1
       1
       0
       1
       0
       0
       1
       1
       1
       1
       1
       1
       1
       2
       4
       0
       3
       2
       0
       1
       1
       0
       2
       0
       1
       1
       1
       0
       0
       1
       1
       0
       2
       2
       0
       2
       1
       3
       0
       0
       1
       1
       1
       1
       2
       1
       3
       2
       1
       1
       1
       3
       1
       0
       1
       1
       1
       0
       0
       1
       1
       0
       1
       1
       2
       2
       2
       1
       2
       0
       1
       0
       1
       2
       1
       4
       4
       1
       3
       0
       1
       0
       2
       1
       2
       4
       3
       1
       0
       3
       1
       1
       1
       0
       4
       0
       0
       3
       3
       2
       3
       3
       1
       2
       1
       1
       1
       3
       4
       2
       2
       3
       2
       4
       2
       1
       5
       0
       3
       3
       0
       3
       1
       4
       5
       3
       7
       1
       5
       2
       3
       4
       4
       5
       1
       3
       6
      10
       5
       5
       6
       7
       9
       7
      10
      11
      11
      11
      13
       6
       4
       9
      14
      14
      10
      10
      10
       7
      14
      13
      11
       9
      14
      10
      13
      18
      12
      15
       7
      11
       7
      11
      11
      10
       8
       7
       8
       8
       9
       6
       9
       6
       3
       3
       4
       2
       3
       8
       5
       2
       2
       3
       1
       2
       4
       1
       0
       1
       1
       4
       2
       0
       2
       2
       1
       2
       1
       1
       1
       0
       2
       0
       1
       2
       1
       3
       2
       2
       3
       1
       1
       2
       2
       5
       2
       0
       2
       2
       3
       2
       1
       2
       3
       5
       3
       4
       2
       4
       6
       3
       5
       3
       6
       2
       7
       7
       2
       2
       4
       3
       3
       6
       3
       4
       3
       6
       3
       3
       6
       1
       2
       2
       3
       3
       3
       2
       1
       3
       3
       3
       2
       4
       1
       4
       4
       2
       1
       3
       2
       1
       0
       2
       0
       2
       1
       0
       1
       1
       0
       1
       0
       0
       0
       0
       1
       1
       1
       2
       0
       0
       2
       0
       3
       0
       3
       0
       5
       0
       0
       0
       1
       1
       2
       0
       1
       1
       2
       0
       1
       0
       2
       1
       0
       0
       1
       0
       0
       2
       3
       0
       1
       0
       1
       0
       2
       0
       1
       0
       1
       0
       2
       0
       0
       2
       1
       0
       1
       1
       1
       1
       1
       0
       0
       2
       2
       0
       0
       2
       0
       1
       1
       0
       1
       2
       1
       2
       0
       2
       1
       1
       1
       2
       1
       1
       2
       1
       0
       0
       0
       1
       0
       0
       1
       0
       2
       1
       0
       0
       0
       0
       0
       0
       0
       1
       0
       1
       1
       0
       0
       1
       0
       1
       3
       0
       1
       0
       2
       1
       1
       0
       0
       0
       0
       0
       0
       2
       0
       0
       1
       0
       0
       1
       0
       0
       3
       0
       1
       2
       1
       2
       1
       0
       0
       2
       0
       2
       0
       0
       0
       1
       0
       0
       1
       0
       0
       0
       3
       0
       0
       3
       2
       4
       0
       0
       2
       2
       0
       1
       1
       0
       1
       3
       0
       1
       0
       0
       1
       1
       0
       1
       1
       1
       1
       0
       0
       0
       2
       0
       1
       0
       0
       0
       0
       0
       0
       0
       3
       1
       1
       1
       2
       0
       0
       0
       0
       0
       0
       2
       1
       1
       2
       1
       2
       0
       0
       0
       0
       1
       0
       0
       0
       0
       0
       1
       1
       2
       2
       0
       1
       2
       1
       1
       0
       1
       1
       2
       2
       1
       1
       0
       3
       1
       1
       1
       1
       2
       2
       0
       1
       0
       1
       0
       1
       3
       0
       1
       3
       2
       4
       0
       1
       2
       1
       1
       1
       0
       1
       1
       0
       0
       0
       0
       2
       1
       2
       0
       0
       0
       0
       2
       0
       2
       0
       0
       0
       1
       0
       1
       2
       0
       2
       0
       0
       0
       2
       2
       0
       0
       1
       1
       0
       0
       1
       3
       1
       2
       0
       1
       2
       1
       2
       2
       0
       2
       1
       0
       1
       1
       1
       1
       1
       0
       0
       2
       2
       1
       0
       1
       0
       3
       1
       1
       2
       1
       1
       2
       1
       0
       0
       1
       1
       0
       1
       0
       0
       3
       1
       2
       1
       0
       2
       2
       1
       0
       0
       1
       1
       1
       1
       2
       1
       2
       2
       1
       2
       0
       1
       0
       1
       1
       1
       0
       1
       0
       1
       0
       1
       1
       2
       0
       1
       3
       1
       4
       2
       0
       3
       0
       1
       2
       1
       0
       0
       2
       2
       1
       0
       1
       0
       0
       2
       0
       3
       0
       1
       0
       1
       1
       5
       2
       0
       2
       1
       0
       0
       0
       4
       0
       0
       3
       0
       0
       0
       0
       2
       2
       2
       2
       0
       0
       2
       1
       0
       1
       0
       2
       2
       1
       0
       1
       0
       0
       0
       2
       1
       0
       1
       0
       1
       2
       1
       1
       1
       2
       0
       1
       2
       0
       1
       0
       0
       0
       0
       2
       1
       0
       1
       0
       1
       1
       1
       1
       0
       2
       2
       2
       0
       0
       2
       1
       0
       1
       1
       0
       2
       1
       2
       1
       1
       0
       0
       1
       0
       1
       0
       2
       1
       4
       3
       0
       0
       1
       1
       2
       1
       0
       2
       1
       1
       2
       2
       0
       2
       1
       1
       0
       1
       0
       1
       2
       1
       2
       0
       2
       2
       0
       2
       0
       1
       0
       0
       2
       1
       1
       3
       1
       1
       2
       4
       1
       3
       4
       4
       1
       3
       1
       0
       0
       1
       2
       0
       0
       2
       2
       0
       2
       1
       1
       2
       4
       0
       2
       2
       0
       3
       0
       4
       0
       1
       3
       3
       2
       3
       1
       0
       3
       2
       3
       1
       3
       1
       1
       5
       0
       2
       0
       0
       3
       1
       2
       1
       3
       2
       1
       2
       3
       2
       1
       2
       3
       1
       3
       2
       3
       2
       2
       2
       2
       1
       2
       1
       2
       2
       1
       1
       3
       2
       2
       3
       2
       1
       2
       0
       0
       3
       2
       2
       3
       3
       2
       4
       1
       1
       0
       3
       3
       1
       0
       3
       1
       0
       1
       0
       2
       3
       1
       1
       3
       2
       1
       2
       3
       5
       2
       3
       1
       2
       3
       3
       2
       3
       2
       2
       2
       4
       2
       4
       0
       5
       3
       3
       3
       4
       2
       0
       2
       2
       6
       4
       2
       5
       2
       0
       5
       2
       3
       4
       1
       5
       5
       2
       3
       3
       2
       3
       4
       1
       1
       3
       4
       4
       1
       3
       2
       2
       3
       4
       1
       3
       1
       3
       3
       2
       1
       3
       3
       4
       1
       1
       3
       2
       6
       2
       6
       2
       2
       2
       1
       0
       0
       5
       3
       4
       3
       3
       1
       2
       1
       7
       2
       2
       2
       0
       3
       2
       3
       2
       1
       0
       1
       0
       2
       1
       1
       0
       1
       4
       3
       3
       1
       1
       2
       2
       2
       2
       5
       1
       2
       2
       0
       3
       3
       0
       5
       1
       2
       4
       0
       0
       1
       5
       2
       1
       1
       5
       0
       1
       5
       2
       4
       1
       1
       3
       1
       1
       0
       1
       2
       2
       0
       1
       3
       2
       3
       0
       1
       0
       2
       6
       3
       0
       1
       1
       4
       3
       4
       1
       3
       4
       1
       4
       3
       3
       6
       4
       0
       3
       4
       3
       2
       2
       1
       3
       7
       0
       3
       1
       0
       2
       2
       4
       3
       1
       4
       1
       1
       0
       1
       3
       1
       2
       1
       1
       1
       2
       3
       6
       2
       1
       1
       1
       2
       3
       1
       0
       2
       1
       2
       4
       2
       3
       2
       3
       1
       4
       1
       2
       1
       2
       3
       3
       1
       2
       3
       1
       0
       4
       1
       0
       0
       4
       2
       2
       3
       2
       2
       4
       2
       1
       1
       3
       4
       3
       3
       2
       2
       4
       0
       2
       0
       1
       1
       2
       2
       0
       1
       3
       2
       2
       0
       1
       5
       2
       0
       2
       1
       4
       3
       4
       4
       2
       2
       2
       3
       0
       1
       3
       2
       2
       3
       1
       2
       3
       3
       4
       1
       2
       1
       1
       4
       1
       1
       3
       0
       4
       0
       2
       3
       0
       2
       1
       2
       2
       2
       3
       2
       2
       4
       3
       3
       5
       4
       3
       3
       9
       4
       7
       9
      10
      14
      11
       8
       8
      11
      13
      14
      13
      19
      12
      21
       9
      11
      17
      12
      16
       8
      12
       8
      12
      15
      14
      14
       8
       9
       6
      13
      11
       8
      10
       5
       7
       4
       7
       3
       3
       2
       2
       5
       1
       3
       1
       2
       1
       0
       1
       3
       1
       0
       3
       2
       4
       1
       0
       2
       0
       1
       1
       0
       0
       1
       0
       0
       0
       0
       2
       0
       0
       1
       0
       0
       0
       2
       0
       0
       1
       0
       0
       0
       1
       1
       1
       1
       0
       0
       0
       2
       0
       1
       2
       0
       0
       1
       1
       0
       1
       1
       0
       0
       0
       0
       1
       0
       1
       2
       0
       2
       1
       1
       1
       0
       0
       0
       1
       1
       1
       1
       0
       0
       1
       0
       0
       2
       0
       0
       0
       1
       2
       1
       0
       0
       1
       0
       0
       0
       1
       0
       1
       2
       1
       0
       1
       2
       0
       2
       1
       1
       0
       0
       2
       0
       1
       1
       1
       2
       0
       1
       2
       0
       0
       0
       0
       0
       0
       1
       2
       2
       1
       0
       1
       0
       0
       1
       2
       3
       0
       1
       0
       0
       0
       0
       0
       0
       0
       1
       2
       1
       0
       0
       1
       1
       2
       0
       1
       1
       1
       0
       0
       0
       1
       0
       2
       0
       0
       0
       0
       2
       1
       0
       2
       0
       2
       0
       1
       0
       0
       1
       1
       1
       0
       1
       1
       0
       1
       3
       0
       0
       0
       2
       0
       0
       2
       0
       0
       0
       0
       0
       0
       0
       0
       0
       0
       0
       0
       0
       0
       0
       0
       0
       0
       0
       0
       0
       0
       0
       0
       0
       0
       0
       0
       0
       0
       0
       0
       0
       0
       0
       0
       0
       0
       0
       0
       0
       0
       0
       0
       0
       0
       0
       0
       0
       0
       0
       0
       0
       0
       0
       0
       0
$ROI:
0
$PRESETS:
Real Time
1200
0
$ENER_FIT:
0.000000 0.033638
$MCA_CAL:
3
0.000000E+000 3.363775E-002 0.000000E+000 keV
$SHAPE_CAL:
3
0.000000E+000 0.000000E+000 0.000000E+000
