$SPEC_ID:
This is sample 008.
$SPEC_REM:
DET# 3
DETDESC# JLAB-20 MCB 131
AP# Maestro Version 7.01
$DATE_MEA:
03/08/2023 16:26:42
$MEAS_TIM:
59 60
$DATA:
0 2047
       0
       0
       0
       0
       0
       0
       0
       0
       0
       0
       0
       0
       0
       0
       0
       0
       0
       0
       0
       0
       0
       0
       0
       0
       0
       0
       0
       0
       0
       0
       0
       0
       0
       0
       0
       0
       0
       0
       0
       0
       0
       0
       0
       0
       0
       0
       0
       0
       0
       0
       0
       0
       0
       0
       0
       0
       0
       0
       0
       0
       0
       0
       0
       0
       0
       0
       0
       0
       0
       0
       0
       0
       0
       0
       0
       0
       0
       0
       0
       0
       0
       0
       0
       0
       0
       0
       0
       8
      11
       6
       7
       6
       5
       6
       6
       5
       3
       6
       8
       9
       5
       3
       4
       0
      10
       5
       4
       5
       4
       1
       3
       2
       2
       2
       3
       4
       2
       3
       3
       3
       3
       3
       1
       5
       6
       7
       1
       4
       8
       6
       5
       2
       7
       1
       4
       1
       3
       3
       4
       5
       3
       4
       3
       3
       1
       3
       4
       2
       5
       4
       3
       1
       6
       4
       2
       0
       5
       5
       4
       3
      11
       4
       2
       0
       2
       2
       3
       3
       1
       1
       3
       7
       0
       2
       1
       3
       2
       5
       5
       0
       4
       2
       3
       7
       1
       1
       5
       3
       0
       1
       5
       2
       4
       3
       3
       3
       2
       4
       3
       3
       3
       0
       5
       2
       0
       4
       6
       4
       4
       3
       1
       4
       2
       3
       1
       3
       2
       1
       3
       2
       2
       2
       3
       1
       5
       3
       3
       1
       2
       1
       5
       2
       2
       1
       2
       1
       1
       4
       0
       2
       1
       1
       7
       4
       2
       2
       7
       1
       1
       3
       1
       1
       2
       1
       3
       1
       2
       3
       1
       1
       3
       5
       3
       5
       2
       0
       3
       3
       1
       1
       2
       1
       0
       3
       1
       2
       1
       3
       2
       2
       0
       1
       5
       2
       3
       0
       3
       2
       4
       0
       6
       1
       2
       6
       1
       2
       2
       3
       2
       0
       3
       2
       1
       5
       2
       3
       2
       3
       1
       1
       1
       4
       2
       2
       1
       3
       2
       2
       5
       1
       3
       3
       3
       3
       2
       2
       3
       2
       3
       0
       4
       1
       4
       2
       2
       0
       4
       1
       4
       4
       1
       1
       3
       3
       2
       4
       2
       4
       6
       4
       3
       9
       3
       6
       2
       4
       4
       2
       2
       4
       2
       7
       6
      10
       4
       3
       4
       4
       4
       6
       5
       5
       7
       5
       3
       1
       2
       3
       3
       3
       3
       0
       2
       2
       3
       3
       3
       3
       3
       0
       2
       2
       2
       0
       1
       4
       2
       1
       1
       0
       1
       1
       1
       1
       2
       2
       1
       0
       0
       2
       3
       1
       3
       2
       3
       3
       2
       2
       2
       2
       4
       1
       1
       1
       1
       0
       1
       2
       2
       5
       1
       2
       2
       2
       4
       3
       3
       2
       3
       3
       3
       3
       4
       1
       2
       1
       1
       1
       2
       7
       3
       0
       2
       0
       0
       2
       2
       1
       3
       1
       3
       2
       0
       7
       1
       1
       2
       4
       4
       1
       3
       4
       1
       2
       3
       1
       4
       2
       1
       2
       2
       2
       1
       2
       4
       0
       1
       4
       0
       5
       2
       0
       2
       3
       1
       3
       2
       0
       0
       3
       2
       1
       0
       3
       1
       0
       0
       3
       0
       1
       0
       1
       1
       5
       3
       1
       2
       1
       3
       2
       2
       2
       1
       2
       1
       1
       1
       1
       0
       1
       3
       1
       1
       2
       1
       1
       5
       1
       2
       2
       3
       0
       2
       1
       1
       2
       0
       3
       0
       1
       2
       2
       1
       1
       3
       1
       1
       2
       1
       1
       0
       1
       4
       2
       1
       3
       1
       3
       0
       2
       1
       2
       1
       1
       3
       1
       4
       2
       4
       3
       1
       3
       4
       3
       2
       2
       3
       1
       2
       1
       2
       2
       2
       4
       3
       1
       2
       2
       1
       2
       1
       1
       5
       3
       1
       2
       4
       1
       2
       6
       2
       4
       2
       5
       4
       1
       1
       4
       7
       7
       2
       4
       3
       4
       5
       5
       5
       9
      10
      13
       8
      13
       7
      14
       9
      21
      20
      18
      19
      21
      28
      25
      30
      31
      34
      40
      26
      33
      49
      41
      45
      55
      50
      50
      49
      51
      49
      51
      50
      59
      79
      54
      54
      49
      50
      67
      37
      40
      45
      26
      43
      34
      33
      31
      20
      19
      12
      13
      15
      11
       6
       9
       8
       5
       8
      10
       6
       1
       3
       1
       4
       2
       6
       2
       4
       2
       2
       2
       5
       1
       3
       2
       1
       0
       2
       4
       1
       1
       2
       8
       4
       3
       4
       1
       5
       3
       5
       7
       5
       8
       7
       8
       6
       6
      14
      11
      20
      14
      11
      11
      11
      17
      16
      21
      25
      25
      24
      20
      18
      18
      29
      30
      26
      35
      24
      23
      18
      21
      33
      22
      31
      18
      22
      17
      13
      15
      21
      13
      13
      20
      14
      10
       5
       9
       8
       5
       9
       6
       5
       4
       2
       3
       1
       4
       5
       1
       1
       3
       7
       0
       1
       2
       1
       2
       1
       1
       2
       3
       0
       0
       1
       2
       0
       2
       3
       2
       0
       1
       1
       1
       1
       2
       0
       1
       0
       2
       1
       1
       0
       1
       2
       1
       2
       1
       2
       1
       1
       3
       0
       1
       0
       2
       0
       4
       0
       0
       1
       0
       2
       2
       0
       2
       1
       0
       2
       1
       0
       0
       1
       1
       0
       2
       0
       2
       1
       2
       2
       1
       1
       1
       1
       2
       1
       2
       1
       0
       0
       0
       3
       3
       1
       1
       0
       2
       1
       1
       3
       1
       0
       2
       0
       2
       1
       2
       1
       1
       3
       1
       0
       1
       1
       2
       1
       3
       0
       0
       0
       0
       1
       0
       1
       0
       0
       2
       0
       0
       0
       3
       1
       2
       1
       1
       0
       2
       1
       4
       1
       1
       0
       1
       2
       0
       0
       1
       0
       1
       0
       1
       0
       3
       3
       2
       4
       2
       0
       0
       3
       2
       3
       2
       1
       0
       0
       1
       2
       0
       1
       2
       0
       0
       0
       0
       1
       1
       1
       0
       3
       0
       0
       2
       2
       1
       2
       0
       1
       1
       1
       1
       1
       2
       3
       1
       2
       0
       1
       2
       0
       0
       1
       1
       1
       1
       0
       1
       2
       0
       1
       0
       1
       1
       1
       1
       0
       0
       1
       1
       1
       1
       1
       0
       0
       0
       1
       0
       1
       0
       0
       3
       1
       0
       1
       1
       2
       0
       2
       1
       1
       1
       1
       1
       2
       0
       2
       0
       2
       0
       2
       2
       0
       2
       2
       1
       2
       0
       1
       0
       3
       1
       2
       2
       0
       1
       1
       2
       1
       1
       0
       1
       1
       1
       1
       1
       0
       1
       1
       0
       0
       2
       3
       1
       0
       0
       0
       0
       1
       3
       0
       2
       2
       0
       0
       0
       2
       1
       2
       0
       1
       0
       0
       0
       1
       2
       4
       2
       1
       0
       2
       0
       1
       0
       1
       0
       1
       0
       2
       2
       0
       1
       0
       2
       4
       1
       0
       0
       1
       1
       2
       0
       0
       1
       0
       1
       2
       2
       0
       0
       1
       4
       0
       2
       3
       1
       1
       1
       4
       3
       0
       3
       2
       0
       0
       0
       3
       1
       1
       2
       3
       1
       4
       1
       0
       3
       2
       0
       3
       3
       1
       0
       3
       2
       2
       1
       2
       1
       1
       0
       4
       0
       0
       2
       0
       1
       0
       0
       1
       1
       3
       1
       1
       0
       2
       3
       0
       1
       2
       2
       3
       1
       3
       0
       1
       3
       1
       2
       0
       0
       3
       3
       1
       1
       2
       1
       2
       1
       1
       1
       3
       1
       1
       3
       3
       5
       0
       3
       0
       0
       2
       2
       1
       1
       2
       0
       0
       0
       2
       0
       3
       1
       1
       1
       0
       4
       0
       2
       3
       5
       2
       1
       2
       4
       0
       0
       4
       0
       2
       3
       4
       0
       0
       1
       1
       0
       2
       2
       2
       1
       2
       0
       5
       2
       2
       2
       3
       2
       4
       3
       1
       2
       2
       2
       2
       0
       3
       2
       1
       2
       6
       0
       1
       3
       3
       2
       4
       4
       5
       3
       1
       3
       2
       3
       1
       3
       2
       3
       1
       1
       3
       3
       4
       4
       1
       2
       1
       2
       6
       1
       3
       5
       2
       5
       0
       5
       5
       2
       2
       2
       2
       2
       3
       4
       0
       4
       1
       4
       5
       2
       2
       3
       3
       1
       3
       4
       2
       2
       5
       5
       5
       7
       5
       2
       3
       1
       1
       5
       5
       4
       1
       2
       2
       5
       7
       3
       4
       1
       7
       4
       5
       2
       7
      10
       6
       2
       9
       2
      10
       5
       7
       6
       1
       6
       6
       3
       5
       6
       1
       4
       2
       3
       6
       6
       8
       8
       8
      10
       3
       4
       5
       6
       7
       4
       3
       9
       7
       6
       6
      10
       4
       8
       8
       8
       8
      10
       6
       5
       8
       9
      11
       8
       8
       4
      10
      11
       5
      10
       6
       8
      11
      11
      12
      11
      10
      10
      13
      17
      15
       4
      14
       9
      10
      14
       5
      14
      10
      11
      13
      19
      10
      12
      16
      11
      16
      17
      12
      12
      15
      18
      17
      22
      15
      21
      16
      12
      22
      17
      13
      26
      18
      19
      21
      20
      22
      19
      22
      19
      29
      18
      25
      27
      25
      31
      27
      32
      25
      29
      36
      32
      38
      24
      26
      24
      30
      24
      21
      34
      34
      33
      38
      28
      27
      39
      40
      24
      28
      29
      37
      24
      30
      33
      30
      27
      29
      33
      37
      31
      31
      31
      25
      42
      30
      31
      34
      23
      29
      15
      20
      18
      18
      31
      31
      21
      35
      20
      16
      11
      19
      17
      21
      18
      18
      15
      13
      23
      26
      19
      19
      12
      24
      13
      18
      11
      14
      11
      15
      11
      13
      16
       8
       7
      14
      15
      14
      11
       8
      17
      14
      15
      17
      16
      11
      13
       7
      16
       5
      15
      12
      12
      10
       8
       8
      12
      12
       7
      10
      10
       9
       4
       9
      12
      11
      13
       8
       8
       5
       8
       8
      10
      11
      11
      10
      10
      14
      10
      11
      12
      10
      14
      11
       4
       4
       9
       7
       7
       8
      11
      12
      13
       9
       6
       8
      13
       8
      10
       9
       8
       5
      13
       9
       9
       7
       5
       6
       8
      14
       9
       8
      10
       6
      11
       7
      11
      10
       9
      10
       5
       9
       8
       9
       8
       2
       6
      10
       7
       6
       7
       7
       3
       9
       5
      10
       9
       5
      11
      11
       7
       4
       4
       9
       6
       9
       9
       6
       8
       6
      11
       9
       8
      10
      12
       9
       2
       6
       8
       6
       7
       7
      17
      10
       6
      11
      13
      10
       7
       6
      11
       8
       5
       7
       7
       8
      10
       5
       8
       8
       7
       8
      12
       3
       5
       8
      11
       6
      12
       5
       5
      11
       7
       6
       6
       8
       8
      11
       6
      10
       6
       5
       7
       8
       6
       5
       7
       8
       7
       3
       4
       4
       9
       7
       3
       2
       4
       9
       2
       5
       7
      11
      10
       6
       8
       6
       7
      12
       7
      10
       4
       6
       8
       8
       5
       9
       8
       4
       5
       8
      10
       9
      10
       8
       7
       7
       5
       7
      12
       7
      10
      14
      10
      11
      18
      20
      27
      28
      16
      37
      41
      51
      47
      58
      70
      58
      57
      68
      85
      77
      57
      93
      79
      90
      91
      89
      88
      91
     106
      79
      94
      78
     104
      84
      93
      73
      70
      77
      60
      60
      52
      49
      42
      39
      40
      33
      32
      31
      27
      15
      17
       9
       7
      10
       9
       2
       1
       5
       8
       3
       3
       2
       2
       2
       3
       2
       3
       1
       0
       2
       0
       0
       1
       0
       1
       0
       4
       0
       2
       0
       1
       0
       1
       1
       1
       0
       2
       0
       1
       0
       0
       1
       0
       4
       0
       1
       1
       0
       1
       1
       3
       1
       0
       0
       1
       0
       1
       0
       0
       0
       0
       0
       1
       1
       0
       1
       1
       0
       0
       1
       3
       0
       0
       3
       3
       0
       0
       1
       2
       0
       3
       1
       0
       0
       1
       0
       0
       0
       0
       2
       0
       0
       2
       3
       0
       1
       1
       2
       1
       1
       1
       1
       1
       1
       0
       0
       2
       1
       1
       1
       0
       1
       0
       1
       4
       2
       0
       2
       1
       2
       0
       0
       0
       2
       0
       1
       0
       0
       0
       0
       2
       2
       2
       1
       1
       1
       1
       0
       1
       2
       1
       2
       1
       1
       0
       5
       0
       1
       1
       1
       2
       0
       0
       1
       1
       1
       0
       1
       0
       0
       0
       0
       0
       0
       1
       1
       1
       1
       0
       1
       0
       2
       1
       3
       0
       0
       0
       1
       0
       0
       0
       1
       0
       0
       2
       0
       3
       0
       1
       2
       2
       0
       0
       4
       0
       0
       1
       0
       1
       0
       0
       0
       0
       0
       0
       0
       0
       0
       0
       0
       0
       1
       0
       0
       0
       0
       0
       0
       0
       0
       0
       0
       0
       0
       0
       0
       0
       0
       0
       0
       0
       0
       0
       0
       0
       0
       0
       0
       0
       0
       0
       0
       0
       0
       0
       0
       0
       0
       0
       0
       0
       0
       0
       0
       0
$ROI:
0
$PRESETS:
Real Time
1200
0
$ENER_FIT:
0.000000 0.033638
$MCA_CAL:
3
0.000000E+000 3.363775E-002 0.000000E+000 keV
$SHAPE_CAL:
3
0.000000E+000 0.000000E+000 0.000000E+000
