$SPEC_ID:
This is sample 008.
$SPEC_REM:
DET# 3
DETDESC# JLAB-20 MCB 131
AP# Maestro Version 7.01
$DATE_MEA:
03/13/2023 16:19:15
$MEAS_TIM:
30 60
$DATA:
0 2047
       0
       0
       0
      69
   19091
 1004430
 1161168
  803081
  660951
  539516
  427849
  329285
  246304
  179022
  125792
   84202
   54954
   34494
   20613
   11792
    6783
    3866
    1844
     819
     480
     233
     137
     101
      54
      33
      22
      19
      13
      13
      15
       8
      15
       5
      13
       8
       9
       7
       7
       6
       8
      10
       9
       9
       4
       4
       9
       9
       5
      10
       1
       5
       6
       9
       4
       3
      11
       5
       6
       2
      11
       7
       3
      10
       8
       8
       5
       6
       4
       2
       2
      11
       8
       8
       6
       4
       3
       3
       7
       7
       2
       2
       2
       3
       5
       3
       3
       4
       4
       6
       3
       7
       5
       3
       6
       3
       5
       3
       4
       7
       5
       5
       1
       1
       4
       3
       5
       3
       5
       4
       1
       3
       4
       6
       2
       4
       2
       4
       0
       3
       4
       4
       6
       3
       2
       3
       8
       4
       3
       4
       3
       4
       4
       1
       1
       3
       2
       3
       4
       5
       5
       3
       1
       5
       4
       4
       2
       3
       3
       1
       4
       4
       1
       2
       5
       2
       4
       4
       1
       4
       2
       3
       1
       5
       6
       3
       2
       1
       2
       1
       1
       1
       6
       2
       1
       0
       3
       1
       3
       3
       3
       3
       5
       1
       3
       5
       2
       0
       1
       0
       2
       4
       2
       2
       2
       3
       2
       2
       5
       2
       2
       1
       3
       1
       3
       0
       5
       3
       5
       0
       4
       0
       4
       3
       4
       1
       2
       2
       4
       2
       3
       4
       2
       2
       1
       3
       4
       2
       2
       3
       4
       0
       3
       2
       4
       3
       3
       0
       5
       4
       3
       5
       3
       6
       4
       5
       4
       4
       4
       6
       8
       5
       6
       3
       1
       4
       6
       7
       3
       3
       5
       4
       7
      10
      10
      11
      19
      10
      22
      16
      17
      27
      21
      16
      24
      15
      17
      16
      14
      10
      11
      10
       5
       6
      10
       4
       5
       3
       2
       4
       0
       3
       1
       1
       1
       3
       1
       3
       2
       1
       1
       4
       3
       2
       2
       2
       5
       4
       5
       5
       4
       0
       6
       2
       4
       3
       2
       2
       3
       3
       3
       2
       3
       4
       8
       4
       2
       2
       1
       1
       6
       5
       9
       7
       8
       9
       5
       8
       8
       5
       5
       9
       6
       8
       2
      13
       7
       8
       2
       5
       3
       2
       3
       1
       1
       1
       0
       2
       2
       1
       2
       2
       0
       1
       0
       1
       3
       0
       3
       0
       0
       2
       4
       3
       2
       1
       0
       2
       2
       1
       2
       2
       3
       1
       0
       2
       1
       1
       1
       1
       1
       2
       3
       2
       2
       1
       2
       1
       2
       0
       0
       1
       3
       3
       1
       1
       3
       1
       3
       1
       1
       2
       4
       2
       1
       2
       1
       1
       1
       0
       1
       2
       3
       1
       1
       0
       5
       3
       3
       3
       1
       1
       2
       1
       5
       1
       4
       2
       4
       0
       3
       1
       1
       5
       2
       1
       0
       1
       4
       0
       3
       3
       5
       2
       3
       1
       5
       3
       4
       2
       5
       5
       7
       1
       3
       5
       2
       4
       4
       6
       4
       7
       9
      15
       6
       6
      13
      11
      12
      18
      10
      18
      24
      31
      38
      56
      80
      89
      89
     108
     153
     176
     223
     249
     233
     250
     268
     278
     301
     266
     223
     208
     187
     160
     149
     136
     101
      87
      68
      55
      53
      28
      21
      23
      13
      13
       5
      11
       2
       4
       3
       3
       1
       3
       3
       2
       1
       1
       2
       4
       2
       1
       3
       3
       4
      10
       5
       5
       7
      10
       5
       5
       3
       5
       8
      12
      18
      11
      18
      21
      32
      54
      40
      53
      73
      90
     104
     127
     102
     113
     147
     136
     141
     128
     130
     113
      96
     113
      89
      79
      76
      65
      51
      52
      41
      41
      27
      34
      25
      18
      19
      10
       7
       9
       6
       4
       2
       7
       4
       1
       0
       1
       2
       1
       3
       1
       3
       1
       1
       0
       0
       0
       2
       1
       1
       3
       3
       2
       0
       1
       0
       2
       2
       0
       1
       1
       1
       2
       1
       1
       1
       0
       0
       0
       0
       1
       1
       2
       3
       2
       2
       4
       0
       1
       2
       0
       1
       1
       0
       2
       1
       0
       0
       1
       2
       0
       3
       0
       0
       1
       0
       0
       1
       0
       0
       1
       2
       0
       1
       1
       1
       1
       2
       1
       5
       1
       2
       1
       2
       0
       2
       1
       0
       0
       4
       0
       1
       1
       2
       2
       2
       0
       2
       0
       0
       0
       1
       1
       1
       0
       0
       0
       3
       0
       2
       0
       0
       1
       3
       0
       0
       0
       0
       1
       2
       2
       1
       1
       2
       1
       0
       0
       1
       0
       0
       3
       0
       1
       1
       0
       2
       2
       0
       0
       0
       1
       0
       1
       0
       0
       1
       3
       1
       2
       1
       2
       0
       0
       0
       0
       0
       1
       0
       2
       1
       1
       0
       0
       2
       0
       1
       0
       1
       1
       1
       0
       1
       2
       0
       2
       1
       0
       2
       0
       0
       1
       4
       2
       0
       0
       1
       1
       0
       2
       1
       5
       2
       1
       1
       0
       2
       1
       3
       3
       1
       2
       1
       2
       1
       1
       2
       0
       0
       3
       0
       0
       2
       1
       1
       1
       0
       0
       0
       1
       1
       0
       2
       1
       1
       1
       2
       3
       3
       1
       4
       1
       0
       1
       2
       2
       0
       0
       2
       0
       0
       0
       3
       0
       1
       1
       0
       1
       2
       2
       4
       1
       0
       2
       0
       1
       1
       2
       1
       2
       1
       0
       0
       1
       2
       0
       4
       0
       2
       1
       2
       1
       1
       1
       3
       3
       1
       1
       2
       0
       1
       1
       2
       2
       2
       1
       1
       0
       0
       1
       1
       0
       0
       3
       3
       0
       3
       0
       1
       1
       1
       1
       1
       1
       4
       1
       1
       5
       3
       1
       0
       2
       5
       1
       2
       2
       2
       1
       3
       0
       1
       5
       5
       2
       1
       1
       2
       1
       1
       1
       3
       3
       2
       1
       1
       4
       2
       0
       4
       0
       2
       3
       1
       1
       4
       0
       3
       0
       1
       2
       6
       2
       4
       3
       3
       1
       2
       3
       3
       3
       1
       1
       4
       0
       3
       0
       0
       4
       2
       1
       3
       4
       6
       2
       2
       2
       2
       3
       3
       1
       3
       0
       1
       3
       7
       5
       2
       4
       0
       3
       7
       1
       5
       2
       2
       2
       2
       2
       2
       1
       4
       2
       2
       2
       2
       6
       4
       3
       5
       9
       6
       5
       7
       3
       4
       3
       6
       5
       6
       2
       1
       4
       3
       5
       7
       5
       4
       4
       5
       5
       6
       8
       5
       4
      11
       1
       6
       9
       3
      11
       8
       4
       8
       8
       4
       6
       8
       6
       2
       8
       3
       9
       8
      11
      13
       8
       6
       7
       4
       4
       4
      12
       5
      10
       9
      11
       9
      14
      14
      16
       5
       9
       6
      14
       6
      14
       9
      12
      10
      13
      10
       9
      12
      14
      10
      10
      13
      16
      14
      12
      12
      11
      29
      20
      15
      17
      16
      17
      15
      26
      18
      21
      29
      35
      22
      21
      25
      22
      21
      33
      37
      27
      32
      32
      24
      32
      31
      31
      46
      41
      39
      29
      37
      43
      44
      38
      34
      28
      34
      32
      48
      45
      51
      36
      46
      47
      31
      35
      45
      34
      37
      47
      40
      33
      35
      29
      22
      32
      31
      35
      38
      33
      28
      15
      29
      24
      22
      21
      21
      21
      31
      20
      20
      14
      20
      17
      20
      11
      19
      15
      23
      14
      18
      17
      19
      20
       9
      10
      13
      10
      18
      11
      12
      17
       8
      11
      17
      15
       8
      10
      11
      10
      12
      13
      15
       2
       6
      11
       7
       8
      12
       8
      11
       7
       7
      11
       5
      11
       9
      12
      12
       9
       8
       9
      13
      12
      10
       7
      18
       9
      11
      12
       6
       7
       6
      14
       4
       9
      10
      11
       9
      12
       7
      11
       9
       9
       7
       5
       5
      16
      11
      11
      10
       7
       6
       7
      16
       4
       9
      10
      10
       6
       7
       7
      10
       7
       7
       8
       7
      10
       8
      12
       8
       5
      16
       8
       8
       9
       9
      10
       8
       6
      10
       6
       6
      11
      15
       7
       6
      11
       8
       5
       9
      14
      13
      10
       9
       8
       5
       7
       7
       8
       8
       2
       8
       5
       8
       7
       7
       7
       5
       8
       7
       4
       7
       7
       3
       6
       8
       5
       3
       6
       8
       2
       3
       5
       4
      11
       7
       2
       8
       8
       7
       5
       5
       5
       1
       4
       7
       5
       9
       5
       6
       6
       8
       8
       8
       7
      14
       4
       7
       6
       8
       9
      10
      10
      15
      21
      36
      32
      48
      55
      80
      76
      90
     111
     112
     129
     145
     150
     151
     129
     144
     146
     103
      98
     102
      84
      58
      63
      58
      38
      25
      25
      11
      10
       7
       8
       2
       2
       1
       3
       1
       0
       1
       0
       1
       2
       0
       1
       0
       0
       0
       0
       2
       0
       1
       1
       1
       2
       1
       1
       2
       0
       0
       0
       2
       0
       0
       0
       1
       1
       1
       0
       0
       2
       0
       0
       0
       1
       1
       1
       2
       1
       0
       2
       0
       0
       0
       0
       0
       1
       0
       0
       0
       0
       1
       1
       0
       1
       1
       1
       1
       1
       0
       0
       0
       0
       0
       1
       1
       1
       5
       1
       0
       0
       0
       0
       1
       0
       0
       2
       0
       0
       1
       3
       1
       1
       0
       0
       1
       1
       0
       0
       0
       2
       0
       0
       0
       1
       1
       1
       0
       1
       0
       1
       1
       0
       1
       1
       0
       0
       2
       1
       1
       1
       0
       3
       1
       0
       1
       0
       2
       1
       2
       0
       1
       2
       2
       1
       2
       1
       0
       1
       3
       0
       2
       0
       0
       1
       2
       2
       1
       1
       0
       0
       3
       1
       3
       1
       2
       3
       3
       0
       0
       1
       0
       0
       1
       0
       1
       0
       1
       1
       0
       2
       2
       2
       2
       3
       2
       1
       3
       1
       0
       3
       1
       1
       0
       0
       0
       2
       2
       1
       0
       0
       2
       0
       4
       2
       0
       2
       1
       1
       2
       4
       1
       1
       1
       1
       0
       1
       0
       2
       1
       1
       0
       1
       1
       0
       0
       1
       1
       0
       1
       1
       1
       1
       2
       0
       1
       2
       0
       1
       2
       0
       1
       0
       1
       2
       0
       0
       0
       1
       1
       1
       2
       2
       1
       1
       0
       0
       1
       1
       2
       0
       1
       0
       3
       1
       1
       1
       0
       1
       1
       0
       3
       2
       0
       0
       0
       1
       1
       1
       1
       0
       2
       0
       2
       2
       0
       0
       0
       0
       2
       1
       0
       2
       0
       0
       3
       2
       2
       1
       0
       3
       1
       1
       0
       2
       1
       2
       1
       2
       2
       1
       2
       0
       0
       0
       1
       3
       1
       1
       1
       1
       1
       0
       0
       0
       0
       1
       1
       0
       0
       0
       1
       4
       4
       0
       1
       1
       1
       2
       1
       4
       0
       1
       2
       2
       3
       3
       3
       2
       1
       4
       3
       2
       3
       3
       2
       0
       1
       0
       1
       0
       4
       2
       0
       0
       2
       3
       0
       0
       0
       1
       4
       0
       1
       2
       2
       1
       1
       1
       0
       1
       2
       2
       1
       2
       1
       0
       2
       1
       1
       0
       1
       1
       3
       0
       1
       0
       1
       2
       0
       0
       0
       2
       1
       0
       1
       1
       1
       1
       1
       1
       2
       0
       0
       2
       0
       0
       1
       0
       0
       0
       0
       2
       0
       0
       1
       5
       2
       0
       0
       1
       0
       0
       1
       0
       0
       1
       0
       0
       0
       0
       0
       0
       1
       0
       0
       1
       1
       1
       1
       0
       2
       1
       1
       1
       1
       1
       1
       0
       1
       0
       0
       0
       1
       1
       1
       0
       1
       1
       1
       3
       1
       0
       0
       1
       0
       1
       1
       1
       1
       1
       1
       2
       1
       0
       1
       1
       2
       2
       1
       2
       1
       0
       0
       1
       0
       1
       0
       2
       0
       0
       1
       0
       0
       2
       3
       1
       1
       1
       0
       2
       0
       2
       3
       2
       0
       0
       1
       0
       0
       2
       1
       0
       2
       0
       0
       2
       2
       1
       1
       1
       2
       1
       2
       0
       2
       0
       2
       2
       1
       0
       0
       2
       1
       0
       2
       0
       0
       0
       1
       2
       2
       1
       0
       2
       0
       2
       1
       1
       0
       3
       1
       0
       2
       0
       1
       4
       2
       1
       3
       0
       0
       1
       2
       1
       1
       1
       0
       0
       1
       1
       1
       0
       3
       1
       1
       1
       3
       0
       3
       2
       0
       3
       2
       2
       1
       1
       1
       0
       0
       1
       1
       0
       0
       0
       0
       1
       2
       0
       2
       0
       1
       1
       0
       3
       1
       0
       0
       1
       1
       1
       1
       0
       0
       2
       4
       0
       2
       0
       3
       0
       0
       0
       0
       0
       0
       0
       0
       0
       0
       0
       0
       0
       0
       0
       0
       0
       0
       0
       0
       0
       0
       0
       0
       0
       0
       0
       0
       0
       0
       0
       0
       0
       0
       0
       0
       0
       0
       0
       0
       0
       0
       0
       0
       0
       0
       0
       0
       0
       0
       0
       0
       0
       0
       0
       0
       0
       0
       0
       0
       0
       0
       0
       0
       0
$ROI:
1
763 797
$PRESETS:
Real Time
1200
0
$ENER_FIT:
0.000000 0.045181
$MCA_CAL:
3
0.000000E+000 4.518135E-002 0.000000E+000 keV
$SHAPE_CAL:
3
0.000000E+000 0.000000E+000 0.000000E+000
