$SPEC_ID:
This is sample 008.
$SPEC_REM:
DET# 3
DETDESC# JLAB-20 MCB 131
AP# Maestro Version 7.01
$DATE_MEA:
03/08/2023 16:22:36
$MEAS_TIM:
59 59
$DATA:
0 2047
       0
       0
       0
       0
       0
       0
       0
       0
       0
       0
       0
       0
       0
       0
       0
       0
       0
       0
       0
       0
       0
       0
       0
       0
       0
       0
       0
       0
       0
       0
       0
       0
       0
       0
       0
       0
       0
       0
       0
       0
       0
       0
       0
       0
       0
       0
       0
       0
       0
       0
       0
       0
       0
       0
       0
       0
       0
       0
       0
       0
       0
       0
       0
       0
       0
       0
       0
       0
       0
       0
       0
       0
       0
       0
       0
       0
       0
       0
       0
       0
       0
       0
       0
       0
       0
       0
       0
       5
      12
      13
      11
      17
      13
      11
      11
      10
      17
      11
      16
      10
       6
       6
       6
      11
       8
       5
       7
       8
      12
      10
       8
       5
       9
       6
       6
      12
       7
       8
       9
       9
       7
       4
      11
      15
       6
       5
       7
      15
       9
      11
       5
      13
       5
       8
      12
       9
       7
       5
       8
       6
       4
       6
       9
       6
       5
       9
       7
       6
      11
       3
       4
       4
       8
       9
       4
      13
       6
       6
       6
       7
       4
       7
       2
      12
       5
       5
       5
       4
       5
       6
       8
      11
       5
       4
       4
       7
       8
       4
       4
       8
       4
       8
       7
       8
       1
       5
       3
       3
       3
       6
       2
       7
       4
       5
       4
       5
       2
       4
       5
       4
       3
       9
       3
       2
       2
       4
       3
       7
       3
       1
      11
       4
       5
       8
       4
       3
       1
       5
       2
       5
       5
       5
       6
       6
       3
       4
       7
       6
       8
       8
       5
       4
       3
       4
       5
       5
       5
       3
       3
       6
       5
       5
       5
       2
       5
       4
       6
       7
       7
       6
       3
       7
       5
       7
       6
       5
       8
       6
       2
       6
       3
       5
       7
       5
       5
       4
       5
       9
       4
       4
       2
       3
       4
       2
       4
       4
       5
       6
       4
       4
       3
       1
       7
       1
       1
       4
       1
       4
       2
       2
       7
       8
      10
       2
       4
       3
       3
       6
       3
       4
       6
       4
       3
       2
       1
       2
       2
       3
       2
       3
       4
      10
       5
       1
       3
       2
       4
       1
       5
       0
       1
       4
       6
       4
       5
       3
       3
       6
       5
       5
       3
       1
       1
       3
       4
       3
       4
       2
       2
       2
       2
       4
       0
       3
       4
       4
       4
       5
       4
       3
       3
       3
       2
       2
       2
       3
       5
       2
       1
       4
       4
       5
       3
       2
       4
       3
       2
       3
       6
       3
       7
       2
       5
       1
       2
       2
       3
       2
       6
       2
       5
       2
       2
       0
       4
       2
       3
       4
       1
       2
       5
       4
       4
       1
       1
       5
       1
       5
       1
       2
       5
       3
       1
       4
       3
       8
       2
       4
       2
       6
       0
       4
       3
       3
       4
       3
       2
       3
       3
       0
       3
       6
       0
       4
       0
       1
       1
       3
       3
       5
       4
       3
       1
       3
       1
       1
       5
       5
       2
       3
       1
       1
       2
       3
       1
       4
       3
       2
       2
       1
       2
       2
       0
       2
       2
       1
       4
       2
       4
       3
       1
       3
       2
       2
       3
       3
       1
       0
       2
       1
       0
       1
       2
       0
       3
       3
       0
       1
       3
       2
       3
       4
       2
       2
       3
       1
       3
       5
       2
       3
       1
       2
       3
       2
       2
       4
       3
       2
       4
       5
       1
       2
       1
       3
       2
       4
       1
       3
       1
       3
       4
       3
       6
       3
       2
       0
       1
       2
       2
       1
       4
       4
       4
       1
       2
       3
       1
       2
       1
       5
       1
       0
       2
       4
       4
       1
       1
       3
       5
       2
       2
       2
       1
       3
       2
       1
       3
       3
       2
       0
       2
       4
       1
       5
       3
       4
       3
       1
       5
       4
       2
       5
       4
       3
       1
       6
       3
       2
       4
       4
       3
       4
       5
       4
       3
       2
       5
       2
       3
       5
       3
       1
       2
       0
       3
       4
       3
       3
       3
       3
       4
       3
       3
       4
       0
       7
       5
       3
       5
       4
       3
       4
       4
       3
       1
       1
       3
       5
       3
       4
       5
       2
       2
       5
       7
       5
       4
       4
       3
       4
       5
       5
       6
      10
       9
      10
       5
       6
       4
       1
      10
      11
       5
      15
      10
       5
       7
      14
       7
      10
       6
       7
      11
      12
      12
      18
      19
      12
      16
      24
      20
      23
      15
      20
      26
      13
      27
      26
      20
      30
      20
      14
      16
      24
      23
      23
      18
      23
      13
      13
      20
      17
      16
      10
      14
      19
      14
      15
       8
      14
       8
       7
       7
       3
       9
      11
       4
       6
       4
       7
       4
       5
       3
       1
       3
       3
       1
       2
       2
       2
       3
       1
       3
       2
       1
       1
       2
       2
       2
       2
       2
       3
       1
       2
       2
       1
       0
       3
       2
       2
       1
       1
       3
       3
       3
       3
       2
       3
       2
       1
       2
       4
       3
       0
       4
       5
       4
       7
       1
       2
       5
       1
       2
       4
       4
       3
       3
       2
       5
       2
       2
       3
       1
       4
       1
       5
       5
       3
       7
       3
       4
       6
       3
       2
       3
       4
       4
       7
       3
       5
       6
       5
       6
       7
       7
       3
       8
       9
       7
       7
       6
       9
       8
       4
      13
      10
      15
       9
       7
       6
      19
       5
       5
       6
      13
      11
      10
      11
       7
      10
       9
      10
       6
       8
       7
       9
       5
       9
       3
       4
       7
       6
       7
       6
       7
       9
       5
       9
       8
       3
       6
       0
       7
       6
       5
       6
       9
       5
       6
       5
       4
       5
       5
      10
       6
      12
       1
       3
       3
       9
       5
       8
       8
       6
       3
       5
       8
       0
       8
       8
       7
       3
       5
       4
       9
       3
       5
       6
       8
      11
       7
       7
      10
       6
      12
      11
       1
       5
       6
       3
       7
       8
       5
       6
      14
      10
      11
      18
      11
       8
       6
       9
       9
      14
      17
       9
      11
      10
      15
      10
       7
      17
       8
      15
      18
      17
      14
      23
      15
      18
      24
      19
      21
      13
      22
      21
      15
      18
      21
      24
      30
      30
      29
      40
      32
      25
      32
      40
      31
      38
      37
      41
      55
      50
      52
      80
      88
      92
     116
     135
     131
     149
     146
     158
     187
     207
     246
     241
     307
     340
     384
     379
     425
     441
     499
     464
     578
     569
     649
     654
     677
     654
     721
     737
     655
     715
     734
     736
     751
     713
     688
     692
     649
     653
     625
     623
     527
     541
     495
     458
     410
     393
     314
     320
     223
     250
     221
     187
     158
     151
     129
     125
      97
      76
      61
      49
      46
      44
      31
      32
      31
      34
      13
      14
      12
      12
      16
      11
       7
      12
      14
      11
       9
      12
      13
       7
       6
      11
       6
       7
      12
      10
      10
       4
       7
       7
      15
      11
       8
       4
      14
      15
       4
       8
       6
      10
      13
       9
       5
       6
       8
      13
      12
      14
      10
      12
      13
      14
      16
      16
      15
      18
      12
      11
      10
      12
      13
      20
      16
      23
      21
      20
      21
      19
      26
      26
      33
      44
      35
      53
      64
      59
      71
      82
      87
      99
     122
     124
     164
     142
     170
     175
     207
     230
     202
     231
     263
     274
     248
     279
     286
     319
     303
     300
     307
     327
     323
     286
     270
     266
     279
     267
     232
     216
     248
     213
     208
     220
     184
     149
     144
     140
     146
     137
     127
     136
     136
     124
     102
     123
      95
     106
      82
     100
      90
      72
      92
     107
      77
      91
      64
      56
      46
      54
      36
      43
      37
      38
      33
      21
      23
      26
      28
      14
      17
      10
      12
       5
       5
       5
       6
       3
       9
       4
       2
       1
       3
       3
       4
       4
       1
       3
       2
       3
       4
       5
       3
       3
       3
       4
       4
       1
       2
       0
       2
       4
       4
       3
       2
       5
       2
       0
       1
       2
       1
       2
       0
       3
       2
       2
       1
       2
       3
       5
       2
       1
       2
       0
       2
       2
       3
       2
       3
       2
       4
       5
       4
       8
       1
       5
       3
       0
       3
       0
       3
       3
       2
       2
       1
       2
       2
       0
       4
       0
       3
       3
       1
       5
       1
       1
       1
       5
       1
       3
       2
       2
       2
       3
       1
       1
       2
       3
       1
       0
       2
       5
       2
       0
       2
       2
       1
       3
       3
       1
       1
       0
       1
       2
       7
       6
       2
       6
       3
       5
       3
       3
       2
       2
       5
       6
       2
       0
       4
       2
       3
       3
       1
       4
       1
       1
       5
       2
       3
       3
       3
       3
       2
       1
       3
       3
       4
       3
       2
       5
       1
       4
       3
       3
       4
       4
       6
       4
       5
       4
       0
       3
       3
       6
       4
       5
       6
       5
       4
       3
       5
       4
       5
       6
       7
       6
       6
       6
       5
       9
       4
       6
       7
       5
       6
       4
       5
       5
       2
       6
       6
       3
      11
       5
       5
       5
       5
       3
       6
       7
       4
       6
       4
      12
       1
       8
       4
       5
       8
       6
       7
       8
      10
       4
       9
      10
       6
       7
       8
       6
       4
       9
       8
      12
       7
      13
      11
      11
      10
      11
       8
       9
       8
      13
      10
       9
       9
      11
      17
      16
       5
      10
       7
      14
      10
      14
      12
      16
      16
      16
      10
      16
      17
       8
      13
      12
      10
      11
      24
      16
      20
      23
      17
      21
      26
      11
      19
      21
      19
      20
      22
      14
      24
      27
      18
      25
      28
      20
      19
      28
      26
      28
      30
      16
      33
      27
      25
      30
      32
      35
      33
      32
      36
      39
      38
      29
      44
      46
      45
      45
      45
      56
      51
      52
      44
      60
      47
      52
      60
      66
      61
      79
      56
      63
      69
      75
      62
      60
      89
      75
      79
      89
      67
      76
      78
      77
     103
      85
      95
      79
      77
      87
      74
      80
      86
      82
      81
      81
      63
      87
      74
      84
      68
      65
      64
      75
      80
      67
      67
      59
      82
      75
      54
      50
      58
      59
      69
      45
      49
      46
      45
      46
      42
      37
      46
      49
      43
      43
      41
      48
      44
      53
      36
      39
      34
      40
      25
      37
      31
      32
      33
      21
      32
      22
      23
      25
      30
      24
      29
      27
      30
      27
      18
      22
      28
      24
      15
      18
      14
      19
      15
      24
      17
      18
      13
      14
      16
      13
      15
      18
      18
      23
      17
      15
      14
      13
      19
      19
      15
      14
      17
      16
      13
      14
      20
      10
       8
      21
      13
       7
      16
      13
      18
       8
       9
      15
      11
      16
       9
       5
      10
      10
       9
      16
       8
      12
      10
      11
       7
       7
       9
       9
      12
       7
      16
      11
      10
       6
       8
       6
      22
      11
       8
      12
      14
       5
      12
       8
      11
       7
       6
       1
       7
      13
      15
      12
      14
      11
       9
      12
      11
      10
      15
       6
       8
      13
       7
       5
      10
      15
       2
       5
       9
       4
      11
       7
      12
       7
      10
       6
      10
       5
      11
       7
       9
       8
       6
       9
       9
       9
       9
       3
       7
       2
       7
      12
       6
      10
       8
       6
       7
       9
      11
      10
       6
       9
      11
       7
      12
       6
       7
      12
       7
      10
       6
       5
       9
      16
       9
      11
      12
      10
       7
       7
      15
       7
       5
       8
       9
      11
      10
      11
       9
       5
       8
       7
      12
       9
       9
      13
      12
      10
      13
       9
      16
       7
      10
      10
      10
       9
       6
      15
      14
       9
       4
      11
      12
       4
       6
       8
       7
       5
       3
       4
       6
       7
       5
       9
       4
       9
       9
       7
      12
       5
       7
       8
       9
       3
      10
       2
       5
      11
       7
       7
       4
       8
       6
      12
      11
       7
      17
      13
      12
      19
      12
      12
      18
      22
      20
      23
      39
      35
      34
      42
      56
      57
      46
      64
      66
      89
      73
      65
      77
      87
      93
     119
     111
      97
      93
     111
     109
      87
      98
      93
      95
      82
      94
      75
      82
      62
      69
      62
      65
      51
      41
      46
      35
      30
      23
      22
      30
      13
      13
      11
      13
       7
       9
       6
       8
       4
       1
       4
       4
       1
       2
       3
       3
       3
       0
       2
       0
       2
       1
       1
       3
       0
       1
       0
       0
       3
       1
       2
       2
       0
       0
       1
       1
       2
       2
       1
       0
       1
       0
       1
       1
       5
       0
       0
       0
       1
       1
       1
       0
       0
       0
       0
       0
       0
       2
       0
       0
       1
       2
       2
       0
       0
       0
       1
       1
       0
       1
       1
       2
       1
       2
       1
       0
       1
       0
       2
       1
       1
       1
       0
       2
       2
       2
       0
       0
       0
       4
       0
       2
       0
       0
       0
       3
       0
       1
       2
       1
       1
       1
       0
       0
       0
       0
       0
       3
       0
       0
       1
       1
       1
       1
       2
       0
       0
       0
       0
       2
       0
       0
       1
       0
       1
       0
       1
       1
       1
       0
       0
       1
       1
       0
       0
       3
       3
       2
       1
       0
       1
       0
       0
       0
       0
       2
       0
       1
       2
       2
       2
       1
       1
       0
       0
       0
       1
       3
       0
       0
       1
       2
       1
       0
       1
       3
       1
       1
       0
       1
       0
       1
       1
       1
       0
       0
       1
       1
       3
       1
       1
       1
       4
       1
       3
       1
       0
       0
       2
       3
       3
       1
       0
       0
       2
       0
       1
       0
       0
       0
       0
       0
       0
       0
       0
       0
       0
       1
       0
       0
       0
       0
       0
       0
       0
       0
       0
       0
       0
       0
       0
       0
       0
       0
       0
       0
       0
       0
       0
       0
       0
       0
       0
       0
       0
       0
       0
       0
       0
       0
       0
       0
       0
       0
       0
       0
       0
       0
       0
       0
       0
       0
       0
$ROI:
0
$PRESETS:
Real Time
1200
0
$ENER_FIT:
0.000000 0.033638
$MCA_CAL:
3
0.000000E+000 3.363775E-002 0.000000E+000 keV
$SHAPE_CAL:
3
0.000000E+000 0.000000E+000 0.000000E+000
