$SPEC_ID:
This is sample 008.
$SPEC_REM:
DET# 3
DETDESC# JLAB-20 MCB 131
AP# Maestro Version 7.01
$DATE_MEA:
03/08/2023 16:19:30
$MEAS_TIM:
59 60
$DATA:
0 2047
       0
       0
       0
       0
       0
       0
       0
       0
       0
       0
       0
       0
       0
       0
       0
       0
       0
       0
       0
       0
       0
       0
       0
       0
       0
       0
       0
       0
       0
       0
       0
       0
       0
       0
       0
       0
       0
       0
       0
       0
       0
       0
       0
       0
       0
       0
       0
       0
       0
       0
       0
       0
       0
       0
       0
       0
       0
       0
       0
       0
       0
       0
       0
       0
       0
       0
       0
       0
       0
       0
       0
       0
       0
       0
       0
       0
       0
       0
       0
       0
       0
       0
       0
       0
       0
       0
       2
       3
      10
       8
       7
       8
       4
       1
       6
       3
       1
       1
       5
       4
       2
       3
       2
       2
       0
       1
       4
       2
       1
       3
       6
       2
       1
       0
       3
       1
       2
       2
       2
       1
       4
       2
       2
       1
       3
       2
       2
       6
       1
       3
       2
       3
       1
       1
       1
       5
       2
       2
       2
       5
       3
       2
       1
       4
       4
       2
       1
       5
       4
       2
       1
       2
       1
       4
       0
       3
       1
       2
       0
       2
       3
       4
       2
       1
       1
       1
       2
       0
       1
       0
       4
       1
       0
       1
       0
       2
       0
       2
       3
       2
       0
       2
       1
       1
       0
       1
       1
       6
       0
       3
       1
       0
       2
       2
       0
       1
       2
       0
       2
       0
       5
       3
       1
       0
       2
       1
       4
       1
       1
       1
       0
       4
       0
       1
       1
       3
       1
       2
       1
       2
       1
       2
       2
       3
       2
       2
       0
       0
       1
       0
       3
       0
       0
       1
       1
       0
       0
       0
       0
       1
       3
       1
       0
       0
       0
       1
       1
       2
       3
       1
       2
       4
       1
       2
       0
       1
       2
       1
       1
       1
       0
       0
       1
       2
       3
       2
       1
       0
       3
       2
       0
       3
       3
       3
       0
       1
       2
       3
       1
       0
       1
       0
       2
       1
       1
       1
       2
       1
       1
       0
       1
       3
       1
       1
       1
       0
       2
       2
       3
       0
       2
       1
       2
       0
       3
       3
       2
       2
       1
       2
       2
       0
       1
       1
       0
       2
       1
       1
       1
       1
       3
       0
       1
       0
       1
       1
       2
       2
       3
       2
       1
       1
       3
       0
       1
       1
       0
       0
       3
       2
       2
       0
       2
       1
       2
       1
       0
       2
       1
       1
       0
       3
       2
       5
       1
       1
       1
       2
       0
       0
       1
       1
       1
       1
       2
       1
       0
       1
       0
       2
       3
       2
       2
       1
       3
       2
       1
       1
       1
       1
       1
       1
       2
       1
       2
       2
       1
       3
       3
       3
       2
       2
       3
       1
       2
       2
       0
       1
       1
       1
       2
       2
       2
       5
       0
       2
       0
       1
       0
       0
       0
       0
       2
       0
       2
       0
       1
       1
       2
       1
       0
       0
       3
       0
       1
       1
       0
       2
       1
       2
       3
       3
       2
       1
       1
       0
       1
       5
       1
       1
       0
       2
       1
       1
       0
       1
       1
       3
       0
       0
       1
       1
       0
       2
       2
       1
       0
       3
       0
       0
       1
       1
       0
       2
       1
       2
       2
       0
       2
       2
       2
       1
       0
       2
       1
       0
       0
       0
       0
       1
       0
       1
       2
       0
       0
       1
       2
       1
       1
       0
       0
       0
       1
       0
       1
       2
       0
       0
       1
       4
       0
       1
       0
       0
       1
       2
       3
       1
       1
       0
       1
       1
       1
       1
       0
       0
       1
       2
       1
       1
       1
       2
       3
       0
       2
       1
       1
       0
       0
       0
       2
       0
       1
       2
       1
       0
       2
       0
       0
       0
       1
       1
       2
       1
       1
       2
       1
       0
       0
       1
       1
       1
       1
       0
       2
       0
       3
       0
       3
       0
       1
       1
       0
       0
       0
       0
       3
       0
       0
       1
       0
       2
       2
       0
       0
       0
       1
       1
       1
       0
       1
       0
       0
       2
       2
       3
       4
       1
       3
       2
       1
       3
       3
       1
       1
       0
       2
       2
       0
       2
       0
       2
       1
       3
       3
       1
       0
       0
       0
       1
       1
       1
       2
       0
       2
       2
       0
       2
       1
       2
       2
       4
       1
       1
       1
       3
       0
       3
       2
       1
       2
       0
       2
       0
       1
       5
       1
       1
       0
       1
       0
       2
       0
       4
       2
       2
       1
       2
       2
       0
       2
       1
       2
       1
       1
       2
       2
       2
       0
       1
       1
       0
       2
       0
       0
       0
       0
       0
       1
       2
       1
       1
       0
       3
       1
       1
       2
       1
       1
       1
       0
       0
       0
       4
       0
       0
       0
       0
       1
       1
       1
       0
       1
       1
       2
       1
       0
       1
       1
       0
       0
       1
       0
       2
       3
       0
       0
       1
       0
       2
       4
       0
       0
       1
       1
       1
       0
       3
       1
       1
       0
       3
       0
       2
       3
       0
       0
       0
       2
       2
       1
       0
       1
       1
       0
       1
       0
       0
       2
       0
       4
       0
       0
       0
       1
       1
       1
       2
       0
       4
       0
       1
       1
       2
       1
       2
       1
       0
       1
       1
       2
       0
       1
       3
       0
       0
       1
       2
       2
       0
       0
       2
       0
       2
       1
       0
       0
       0
       0
       1
       4
       3
       0
       2
       2
       0
       1
       1
       2
       1
       2
       1
       1
       1
       0
       1
       3
       2
       2
       3
       0
       2
       3
       1
       1
       0
       1
       0
       0
       3
       5
       0
       0
       4
       2
       3
       2
       1
       0
       2
       2
       2
       2
       3
       6
       3
       3
       5
       1
       2
       3
       3
       2
       3
       0
       3
       1
       3
       1
       3
       1
       1
       3
       1
       3
       2
       7
       4
       1
       3
       3
       3
       0
       2
       0
       0
       0
       2
       4
       4
       4
       6
       3
       5
       1
       5
       3
       2
       3
       3
       3
       5
       1
       4
       0
       3
       5
       1
       1
       4
       2
       5
       1
       4
       5
       6
       5
       8
       6
       3
      10
       4
       9
       3
      10
       6
       6
      10
       9
       6
       4
       7
       6
       6
      15
       6
      12
      12
      12
       9
      17
       8
      12
      10
       9
       7
      12
      10
       9
      17
      11
      13
       9
      11
      15
       7
      13
      13
      13
      19
      17
      11
      18
      13
      17
      20
      19
       7
      18
      13
      11
      10
      17
      18
      12
      12
      17
      14
      11
      18
      14
       6
      13
      14
      15
      12
      14
      11
      13
      10
       7
       7
       8
      10
       8
       5
       8
       9
       4
       7
       8
       4
       3
       6
       1
       3
       4
       0
       3
       0
       1
       6
       2
       2
       2
       1
       3
       1
       1
       3
       1
       3
       3
       2
       0
       2
       0
       0
       4
       2
       2
       0
       3
       1
       2
       2
       1
       2
       1
       2
       7
       1
       5
       3
       2
       1
       4
       3
       4
       3
       4
       2
       6
       2
       2
       5
       4
       2
       3
       3
       2
       3
       5
       5
       2
       5
       1
       4
       1
       6
       5
       3
       3
       1
       6
       1
       2
       0
       7
       5
       4
       5
       3
       3
       5
       3
       4
       2
       3
       6
       4
       2
       1
      11
       4
       6
       1
       3
       4
       6
       9
       4
       4
       1
       2
       4
       4
       5
       2
       7
       7
       2
       3
       5
       1
       2
       4
       2
       5
       4
       1
       1
       2
       3
       2
       2
       2
       2
       4
       2
       2
       3
       3
       3
       1
       0
       2
       2
       3
       2
       0
       0
       0
       2
       1
       0
       0
       1
       1
       1
       0
       1
       0
       1
       0
       2
       0
       1
       2
       0
       1
       0
       1
       2
       1
       1
       0
       0
       2
       1
       1
       1
       2
       2
       3
       0
       0
       0
       2
       3
       1
       0
       0
       2
       0
       2
       0
       0
       1
       1
       2
       2
       2
       1
       1
       0
       0
       1
       3
       1
       0
       1
       0
       0
       2
       1
       3
       0
       2
       1
       0
       1
       2
       0
       1
       0
       0
       0
       0
       0
       1
       1
       0
       2
       0
       1
       1
       2
       4
       0
       0
       1
       1
       2
       1
       3
       0
       2
       1
       0
       3
       1
       0
       4
       2
       1
       2
       0
       3
       0
       2
       0
       0
       2
       1
       2
       1
       1
       0
       1
       3
       2
       0
       0
       1
       0
       1
       1
       2
       3
       1
       1
       1
       1
       1
       2
       0
       1
       0
       0
       2
       2
       1
       0
       0
       2
       0
       0
       1
       0
       3
       0
       0
       1
       0
       5
       0
       0
       1
       1
       1
       1
       2
       0
       1
       1
       2
       1
       2
       1
       0
       5
       1
       0
       2
       0
       0
       2
       2
       0
       2
       1
       3
       1
       1
       2
       1
       0
       0
       1
       0
       2
       2
       3
       1
       5
       0
       1
       2
       1
       4
       0
       1
       4
       1
       3
       0
       1
       0
       2
       0
       2
       0
       2
       0
       1
       2
       0
       3
       4
       3
       0
       1
       1
       2
       0
       1
       0
       0
       2
       2
       1
       1
       2
       1
       2
       1
       0
       1
       1
       0
       3
       1
       1
       3
       0
       1
       1
       4
       3
       2
       2
       0
       2
       0
       1
       3
       3
       3
       1
       5
       6
       1
       4
       2
       0
       4
       1
       4
       1
       1
       2
       2
       0
       2
       3
       0
       4
       4
       0
       2
       3
       3
       0
       5
       4
       3
       8
       2
       1
       0
       2
       0
       1
       4
       3
       2
       1
       2
       4
       2
       2
       1
       3
       2
       1
       3
       7
       2
       5
       2
       2
       5
       3
       3
       3
       4
       3
       2
       3
       3
       7
       4
       5
       5
       4
       5
       6
       4
       2
       2
       3
       1
       1
       1
       3
       6
       4
       6
       1
       4
       4
       2
       7
       7
       7
       6
      11
       9
       7
       9
       3
       3
       6
       7
       7
       4
       5
       1
       9
       3
       3
       4
       4
       6
       5
       4
       3
       7
       1
       6
       4
       5
       4
       2
       3
       8
       4
       7
       5
       5
       5
       3
       5
       3
       2
       2
       4
       1
       4
       1
       1
       1
       3
       3
       3
       3
       2
       2
       4
       6
       2
       1
       3
       4
       2
       0
       3
       2
       1
       6
       2
       4
       5
       2
       3
       2
       1
       5
       0
       2
       2
       3
       0
       2
       3
       1
       3
       2
       5
       2
       2
       0
       0
       3
       0
       3
       2
       4
       3
       1
       1
       1
       0
       4
       3
       3
       3
       1
       2
       1
       2
       1
       5
       2
       0
       2
       2
       2
       2
       3
       2
       4
       2
       2
       2
       3
       2
       1
       2
       2
       2
       0
       0
       3
       1
       2
       1
       2
       0
       2
       1
       0
       2
       2
       1
       1
       5
       2
       3
       3
       0
       1
       1
       2
       3
       2
       4
       2
       6
       4
       1
       1
       2
       3
       2
       3
       4
       2
       3
       4
       1
       0
       2
       3
       1
       1
       0
       5
       1
       2
       0
       3
       1
       1
       1
       1
       1
       1
       2
       1
       3
       1
       3
       3
       2
       1
       1
       2
       2
       4
       1
       5
       1
       2
       3
       4
       2
       2
       2
       1
       4
       2
       1
       0
       1
       2
       0
       2
       2
       0
       1
       1
       3
       2
       2
       0
       0
       3
       0
       1
       0
       5
       0
       3
       1
       1
       1
       2
       3
       2
       3
       1
       3
       0
       3
       1
       5
       3
       4
       2
       2
       2
       2
       1
       2
       1
       2
       0
       3
       4
       2
       1
       1
       1
       2
       1
       2
       3
       2
       3
       3
       1
       4
       2
       2
       1
       3
       2
       1
       4
       5
       0
       1
       2
       3
       0
       3
       2
       0
       1
       2
       0
       1
       1
       3
       3
       0
       2
       3
       2
       3
       5
      12
       4
       8
      10
       7
       5
      14
      11
      12
       8
      13
      17
      13
       8
      20
      14
      15
      17
      12
      18
       6
      15
       9
      23
      11
      15
      12
      14
      12
       8
      17
      10
      10
      10
       3
       8
       5
       5
       4
       2
       5
       1
       4
       1
       5
       1
       3
       1
       2
       1
       3
       1
       2
       0
       2
       2
       0
       0
       0
       1
       0
       0
       0
       0
       0
       0
       2
       2
       1
       0
       0
       0
       0
       1
       0
       0
       2
       0
       0
       0
       0
       0
       2
       2
       1
       1
       1
       3
       0
       1
       1
       0
       1
       1
       0
       1
       1
       0
       1
       0
       0
       0
       0
       0
       0
       1
       2
       1
       2
       0
       1
       0
       0
       0
       0
       1
       0
       1
       0
       2
       0
       0
       0
       1
       0
       0
       0
       0
       0
       0
       1
       0
       0
       0
       0
       0
       0
       0
       1
       0
       0
       2
       0
       1
       2
       2
       2
       0
       0
       0
       0
       0
       1
       1
       1
       2
       0
       1
       0
       1
       2
       0
       1
       1
       1
       0
       1
       1
       0
       0
       1
       0
       1
       3
       0
       1
       3
       0
       1
       0
       1
       0
       0
       2
       0
       0
       1
       0
       0
       2
       2
       1
       1
       0
       0
       0
       1
       2
       0
       1
       0
       0
       1
       2
       1
       2
       0
       0
       2
       0
       2
       1
       0
       0
       0
       2
       0
       0
       0
       0
       1
       1
       0
       0
       0
       1
       1
       3
       1
       0
       0
       2
       0
       0
       2
       1
       0
       0
       0
       0
       0
       0
       0
       0
       0
       0
       0
       0
       0
       0
       0
       0
       0
       0
       0
       0
       0
       0
       0
       0
       0
       0
       0
       0
       0
       0
       0
       0
       0
       0
       0
       0
       0
       0
       0
       0
       0
       0
       0
       0
       0
       0
       0
       0
       0
       0
       0
       0
       0
       0
       0
       0
       0
       0
       0
$ROI:
0
$PRESETS:
Real Time
1200
0
$ENER_FIT:
0.000000 0.033638
$MCA_CAL:
3
0.000000E+000 3.363775E-002 0.000000E+000 keV
$SHAPE_CAL:
3
0.000000E+000 0.000000E+000 0.000000E+000
