$SPEC_ID:
This is sample 008.
$SPEC_REM:
DET# 3
DETDESC# JLAB-20 MCB 131
AP# Maestro Version 7.01
$DATE_MEA:
03/13/2023 15:54:57
$MEAS_TIM:
30 59
$DATA:
0 2047
       0
       0
       0
      79
   18923
  982629
 1127847
  775507
  638540
  517955
  409686
  315274
  235512
  170794
  119683
   81280
   53142
   33170
   20455
   12002
    6969
    4023
    2332
    1040
     541
     320
     217
     138
      90
      63
      45
      29
      18
      25
      20
       9
      15
      18
      10
      16
      11
      13
      15
      19
      12
      23
      21
      19
      12
      11
      13
      10
      12
      11
      13
       7
      16
       7
      17
      14
      12
       8
      17
      18
       6
       8
      11
      11
      12
       9
      11
       8
       8
      11
       8
      10
       9
      17
      18
       7
       9
      15
      11
       9
       9
      11
       8
       8
      15
       5
      10
       8
       6
       8
      11
       8
      17
       9
       7
       6
      12
       7
       6
      11
      11
       1
       3
       5
      10
       3
       1
       8
       8
       2
       9
       7
       6
       5
       7
       7
       5
       6
       7
       5
       6
       3
       5
       5
       2
       9
      12
       7
       6
       3
       6
       8
       8
       6
       6
       3
       6
       5
       3
      13
       5
       4
       3
       3
       5
       9
       5
       4
       2
       8
       5
       4
       4
       5
       3
       2
       7
       7
       7
       6
       4
       7
       4
       7
       6
       5
       5
       5
       8
      10
       5
       3
       7
       3
       6
       0
       5
       5
       2
       6
       7
       4
       3
       6
       4
       4
       9
       4
       4
       4
       3
       4
       7
       3
       2
       4
       2
       7
       4
       2
       1
       0
       6
       3
       4
       2
       3
       6
       7
       5
       4
       6
       8
       4
       2
       4
       2
       2
       9
       2
       2
       4
       4
       2
       6
       3
       3
       1
       3
       3
       5
       5
       4
       4
       2
       3
       4
       5
       4
       6
       5
       5
       5
       5
       3
       4
       3
       6
       5
       4
       2
       5
       5
       1
       2
       3
       1
       6
       6
       3
       4
       0
       4
       3
       1
       5
       4
       3
       4
       4
       6
       2
       2
       5
       5
       2
       2
       2
       4
       3
       2
       1
       2
       1
       4
       3
       2
       2
       2
       6
       2
       3
       3
       3
       3
       4
       1
       1
       2
       4
       4
       2
       5
       3
       4
       3
       3
       2
       3
       6
       2
       5
       5
       1
       1
       1
       3
       1
       9
       4
       5
       1
       5
       1
       7
       4
       5
       4
       2
       5
       4
       5
       1
       3
       5
       2
       6
       2
       4
       4
       1
       2
       2
       2
       3
       1
       4
       4
       1
       4
       2
       3
       3
       3
       2
       2
       3
       3
       1
       2
       2
       3
       7
       4
       3
       3
       1
       3
       2
       3
       4
       2
       2
       2
       5
       1
       4
       0
       3
       4
       0
       2
       2
       3
       1
       4
       0
       4
       3
       4
       5
       0
       1
       4
       4
       2
       3
       5
       0
       0
       2
       3
       2
       1
       0
       3
       0
       2
       0
       3
       4
       0
       4
       4
       3
       2
       1
       0
       2
       6
       4
       4
       1
       2
       5
       4
       2
       4
       3
       1
       0
       1
       2
       3
       3
       6
       1
       3
       1
       2
       3
       5
       1
       2
       1
       2
       3
       3
       5
       4
       4
       6
       6
       9
       1
       1
       1
       5
       6
       5
       8
       2
       4
       2
      10
       6
       9
      12
       6
       6
       6
       8
       9
       7
       4
      13
      13
      14
      10
       5
      11
       5
      10
       7
       7
      10
       8
      14
      12
      18
      13
      18
      19
      25
      24
      24
      30
      25
      29
      29
      32
      29
      17
      20
      12
      17
      14
      12
      12
       8
       3
       7
       8
       9
       5
       1
       4
       4
       3
       5
       2
       1
       2
       3
       3
       0
       1
       1
       1
       2
       2
       6
       2
       0
       2
       5
       2
       0
       4
       4
       1
       1
       1
       3
       3
       4
       3
       3
       2
       2
       2
       3
       5
       5
       1
       5
       1
       3
       1
       4
       2
       3
       2
       4
       1
       3
       2
       4
       4
       5
       7
       4
       4
       4
       9
       2
       3
       2
       1
       5
       5
       4
       3
       2
       5
       8
       7
       1
      13
       6
       8
      12
      10
      13
      15
      13
       9
      15
       9
       9
       9
      11
       8
       5
       5
       4
       4
       4
       5
       3
       5
       7
       5
       4
       3
      11
      10
      14
       6
       9
       3
       7
       7
       2
       6
       4
       3
       4
       3
       3
       3
       9
       5
       9
       5
       5
       3
       4
       8
       5
       6
       6
       4
       6
       9
       6
       9
      10
       7
       6
       8
       4
       3
      14
       9
       8
      10
       8
       6
       7
       6
       6
      10
       4
       9
      13
       8
       7
      13
      15
       8
      10
       8
      12
      11
      15
      12
      17
      23
      18
      15
      14
      13
      13
      24
      17
      26
      24
      29
      27
      21
      28
      27
      41
      32
      27
      35
      43
      39
      41
      47
      56
      67
      74
      74
     121
     115
     156
     171
     208
     283
     295
     411
     412
     525
     561
     632
     703
     808
     795
     786
     864
     900
     885
     840
     837
     780
     811
     696
     590
     531
     441
     413
     312
     257
     199
     175
     118
      99
      77
      53
      41
      20
      17
      16
      12
       8
       5
       8
       9
       5
       5
       8
       9
      10
      11
       6
       3
       7
      10
       7
       9
       7
       4
       6
       9
      10
       8
      13
       3
       6
       5
       7
       8
      15
      11
      13
      13
       7
      14
       9
       9
      15
      14
       7
      10
      15
      12
      14
      12
      11
      16
      10
      28
      17
      18
      17
      14
      14
      19
      21
      30
      24
      38
      34
      51
      44
      72
      91
     103
     115
     172
     186
     260
     278
     347
     360
     338
     366
     418
     405
     364
     337
     309
     298
     239
     218
     185
     161
     145
     128
     116
      98
     107
      91
      98
      99
     109
     114
     109
     107
      99
      90
      95
      84
      75
      72
      54
      62
      34
      31
      20
       7
       7
      21
       6
       7
       5
       6
       5
       3
       2
       4
       2
       3
       2
       3
       2
       1
       3
       2
       2
       2
       0
       3
       1
       2
       2
       3
       6
       5
       2
       7
       0
       2
       0
       5
       0
       1
       4
       2
       2
       2
       1
       1
       2
       1
       1
       2
       6
       3
       0
       5
       2
       2
       3
       1
       2
       0
       2
       3
       2
       1
       2
       0
       0
       1
       2
       2
       1
       0
       2
       3
       6
       2
       0
       3
       0
       0
       1
       1
       1
       2
       2
       1
       2
       3
       3
       4
       0
       4
       0
       3
       1
       2
       3
       2
       2
       5
       2
       4
       2
       1
       5
       1
       1
       2
       9
       2
       2
       2
       4
       0
       6
       1
       3
       6
       2
       2
       3
       3
       2
       5
       1
       2
       4
       2
       3
       5
       4
       1
       5
       2
       4
       4
       7
       3
       1
       2
       1
       7
       2
       5
       2
       6
       4
       5
       2
       2
       1
       4
       4
       2
       3
       4
       3
       7
       4
       5
       6
       7
      10
       3
       9
       8
       8
      13
      11
       1
       6
       9
      10
       3
       9
       5
       6
       8
      11
      15
       2
       9
       9
       7
       6
       9
       3
      10
       9
      14
       8
       7
      10
       9
      15
       7
      12
      11
      13
      15
      21
      14
      14
      19
      12
      16
      14
      15
      17
      12
      13
      16
       7
      24
      20
      20
      19
      15
      28
      17
      28
      23
      28
      21
      24
      12
      20
      29
      25
      26
      30
      25
      31
      31
      30
      43
      34
      31
      44
      55
      32
      45
      43
      49
      55
      53
      49
      67
      62
      69
      70
      63
      75
      68
      77
      71
      63
      86
      80
      74
      89
      62
      67
      80
      95
      77
      85
      64
      60
      72
      73
      67
      61
      67
      67
      59
      64
      55
      51
      58
      47
      49
      33
      40
      43
      32
      40
      36
      54
      40
      37
      31
      29
      32
      22
      23
      20
      19
      22
      21
      33
      32
      17
      20
      22
      20
      16
      16
      27
      18
      17
      25
      17
      13
      21
      15
      13
      15
      11
      17
      22
      10
      18
      12
      12
      12
      21
      13
       8
      16
      12
      15
       9
       5
       9
      11
      11
       7
       9
       7
      17
      13
      10
      17
      10
       5
       7
      10
      14
       5
       8
       7
       8
      11
      11
       9
       8
       9
       7
       8
       4
       7
      13
      10
       7
       7
       7
      10
       6
       5
      14
       3
       7
      11
       7
       7
       4
       8
       7
       5
       6
       9
       7
       7
      10
      12
       5
       7
      15
      13
       9
      12
       7
       5
      10
      13
       7
       5
       7
      11
      10
       3
       8
      10
       7
       7
      12
       6
      10
       5
      12
       8
       8
      11
       8
       8
       9
       7
      10
       9
       7
      14
      10
       5
       7
       2
       6
      10
       5
       8
      11
       6
       9
       3
       1
      10
       2
       5
       7
       5
      10
       6
       5
       7
       2
       9
       5
       5
      12
       7
       4
       3
       6
       9
       6
       7
       9
       9
       7
      11
       5
       8
       8
       3
       9
      10
       5
       7
       3
       8
       9
       7
       5
       7
       7
       8
      10
       7
      13
       8
      19
      21
      18
      28
      32
      39
      62
      73
      68
      90
     100
     115
     103
     135
     126
     124
     134
     128
     105
     118
      79
      83
      46
      53
      47
      37
      25
      13
      15
       9
      10
       6
       4
       1
       3
       5
       0
       2
       0
       1
       0
       0
       0
       0
       1
       1
       2
       0
       2
       1
       1
       1
       0
       1
       0
       0
       0
       0
       0
       3
       0
       2
       0
       1
       2
       0
       2
       1
       1
       0
       0
       1
       0
       1
       1
       0
       0
       0
       0
       1
       0
       1
       0
       0
       0
       2
       0
       1
       2
       1
       1
       1
       0
       0
       2
       1
       1
       0
       1
       2
       0
       1
       3
       1
       1
       0
       0
       1
       0
       1
       0
       0
       0
       0
       1
       2
       0
       2
       0
       0
       1
       1
       2
       1
       0
       3
       1
       0
       0
       0
       1
       2
       0
       2
       1
       1
       0
       1
       2
       0
       0
       0
       0
       0
       1
       1
       1
       1
       0
       0
       1
       0
       1
       0
       0
       0
       0
       0
       1
       0
       1
       0
       0
       1
       1
       1
       0
       0
       0
       0
       1
       0
       3
       0
       1
       0
       1
       1
       1
       0
       0
       2
       1
       2
       0
       0
       0
       0
       1
       3
       0
       5
       0
       0
       2
       0
       0
       2
       1
       1
       2
       2
       0
       0
       0
       0
       2
       1
       2
       0
       2
       3
       0
       1
       2
       3
       0
       1
       0
       0
       0
       1
       2
       1
       0
       0
       0
       1
       2
       0
       0
       2
       0
       1
       2
       0
       1
       3
       2
       1
       0
       0
       0
       1
       0
       0
       0
       0
       1
       3
       1
       2
       0
       1
       2
       0
       1
       0
       1
       1
       0
       1
       1
       0
       0
       0
       0
       1
       2
       1
       3
       0
       0
       1
       2
       0
       0
       0
       1
       0
       0
       2
       1
       0
       2
       2
       1
       0
       0
       1
       1
       1
       1
       4
       0
       0
       1
       0
       0
       0
       1
       1
       2
       0
       1
       2
       3
       0
       1
       3
       1
       0
       2
       2
       2
       1
       6
       3
       4
       5
       0
       0
       1
       2
       1
       3
       2
       4
       0
       3
       1
       2
       0
       2
       0
       2
       5
       1
       1
       5
       0
       1
       1
       3
       0
       3
       0
       2
       2
       2
       2
       3
       3
       3
       2
       2
       4
       1
       4
       2
       0
       2
       4
       3
       1
       6
       4
       7
       6
       2
       4
       4
       2
       5
       2
       1
       3
       3
       2
       2
       1
       1
       4
       0
       1
       1
       1
       1
       3
       1
       1
       2
       1
       1
       0
       1
       0
       1
       1
       2
       1
       2
       4
       1
       2
       0
       1
       1
       0
       2
       3
       1
       3
       0
       0
       1
       1
       0
       1
       3
       3
       0
       1
       3
       2
       1
       1
       0
       2
       0
       2
       0
       1
       1
       1
       1
       2
       0
       0
       1
       1
       2
       1
       2
       1
       2
       3
       1
       2
       0
       0
       0
       0
       1
       3
       0
       1
       0
       2
       2
       0
       3
       0
       1
       2
       2
       1
       1
       2
       0
       1
       0
       0
       2
       1
       1
       0
       1
       2
       0
       1
       1
       0
       0
       0
       2
       1
       1
       0
       2
       0
       0
       1
       1
       0
       0
       1
       2
       1
       1
       0
       0
       1
       0
       0
       1
       2
       1
       1
       2
       3
       0
       0
       0
       1
       2
       0
       0
       0
       2
       0
       1
       2
       0
       0
       2
       0
       1
       2
       0
       1
       1
       0
       0
       2
       1
       1
       3
       0
       2
       2
       0
       1
       0
       2
       0
       0
       1
       0
       0
       1
       1
       0
       4
       0
       2
       1
       0
       1
       1
       1
       0
       2
       3
       2
       0
       2
       0
       2
       2
       0
       0
       2
       1
       2
       1
       0
       0
       0
       0
       0
       1
       0
       3
       3
       2
       1
       2
       2
       2
       2
       1
       0
       1
       1
       2
       2
       2
       0
       1
       1
       0
       3
       1
       0
       3
       2
       2
       1
       1
       2
       2
       3
       0
       2
       0
       1
       1
       1
       0
       0
       2
       2
       0
       0
       0
       0
       0
       1
       1
       0
       2
       0
       1
       2
       2
       1
       2
       1
       1
       0
       1
       0
       1
       3
       1
       0
       1
       1
       2
       0
       0
       0
       0
       0
       0
       0
       0
       0
       0
       0
       0
       0
       0
       0
       0
       0
       0
       0
       0
       0
       0
       0
       0
       0
       0
       0
       0
       0
       0
       0
       0
       0
       0
       0
       0
       0
       0
       0
       0
       0
       0
       0
       0
       0
       0
       0
       0
       0
       0
       0
       0
       0
       0
       0
       0
       0
       0
       0
       0
       0
       0
       0
       0
       0
$ROI:
1
763 797
$PRESETS:
Real Time
1200
0
$ENER_FIT:
0.000000 0.045181
$MCA_CAL:
3
0.000000E+000 4.518135E-002 0.000000E+000 keV
$SHAPE_CAL:
3
0.000000E+000 0.000000E+000 0.000000E+000
