$SPEC_ID:
This is sample 008.
$SPEC_REM:
DET# 3
DETDESC# JLAB-20 MCB 131
AP# Maestro Version 7.01
$DATE_MEA:
03/13/2023 16:11:26
$MEAS_TIM:
31 62
$DATA:
0 2047
       0
       0
       0
      85
   20210
 1057856
 1225895
  847062
  699483
  568283
  451799
  348097
  260163
  188674
  131857
   89082
   57816
   35826
   21368
   12313
    6971
    4224
    1852
     806
     452
     250
     149
      71
      42
      32
      26
      15
      12
       5
       7
       7
       5
       8
       7
       5
       5
       1
       4
       3
       7
       3
       6
       2
       2
       4
       0
       4
       7
       4
       5
       3
       5
       2
       8
       0
       3
       3
       4
       1
       0
       3
       2
       2
       1
       0
       3
       0
       1
       2
       7
       1
       3
       5
       2
       6
       2
       4
       6
       4
       5
       0
       3
       2
       1
       4
       2
       1
       4
       2
       4
       0
       7
       6
       1
       3
       3
       0
       1
       2
       0
       3
       3
       3
       0
       1
       2
       5
       0
       1
       2
       3
       1
       2
       0
       2
       0
       1
       2
       0
       3
       2
       1
       0
       3
       3
       1
       3
       1
       3
       1
       0
       4
       0
       1
       2
       2
       3
       0
       2
       5
       5
       2
       1
       1
       4
       2
       2
       2
       2
       0
       1
       1
       1
       1
       0
       2
       3
       5
       4
       0
       2
       4
       1
       1
       3
       1
       2
       1
       3
       2
       3
       5
       2
       2
       2
       5
       2
       0
       2
       3
       0
       4
       2
       2
       3
       4
       2
       2
       1
       2
       1
       3
       1
       5
       0
       1
       2
       0
       1
       2
       3
       1
       1
       2
       0
       0
       1
       1
       3
       1
       1
       0
       1
       1
       5
       0
       1
       6
       3
       3
       1
       3
       2
       1
       2
       2
       3
       2
       1
       2
       2
       5
       1
       3
       1
       2
       2
       1
       2
       1
       3
       1
       2
       2
       0
       2
       1
       1
       3
       0
       0
       1
       3
       0
       3
       2
       2
       0
       2
       0
       0
       1
       4
       0
       0
       4
       1
       0
       3
       0
       0
       0
       0
       1
       2
       2
       2
       1
       2
       0
       1
       0
       1
       1
       4
       0
       1
       0
       2
       1
       0
       0
       2
       2
       0
       0
       2
       0
       0
       2
       1
       1
       0
       0
       1
       2
       0
       1
       0
       2
       0
       0
       1
       3
       2
       1
       2
       0
       1
       1
       2
       0
       0
       0
       0
       0
       1
       1
       1
       2
       0
       5
       0
       0
       2
       2
       1
       1
       2
       1
       2
       2
       1
       1
       1
       2
       1
       1
       2
       0
       3
       2
       2
       3
       2
       2
       2
       0
       1
       3
       2
       2
       5
       1
       1
       0
       3
       1
       2
       4
       3
       1
       3
       1
       1
       2
       2
       1
       2
       6
       3
       6
       8
       9
       6
       7
       9
       5
       9
      10
       8
       8
       6
       9
       5
       5
       3
       4
       2
       3
       2
       3
       1
       1
       2
       0
       0
       0
       3
       1
       2
       2
       1
       1
       1
       3
       1
       0
       1
       1
       4
       1
       0
       5
       1
       1
       2
       1
       3
       4
       4
       2
       5
       2
       8
       1
       2
       7
       3
       7
       6
       6
       3
       1
       2
       2
       3
       3
       1
       5
       2
       3
       1
       1
       1
       1
       0
       1
       1
       0
       1
       1
       1
       3
       1
       2
       1
       1
       1
       0
       2
       1
       1
       0
       1
       0
       1
       1
       1
       1
       1
       1
       1
       1
       0
       3
       2
       0
       2
       1
       0
       0
       1
       1
       0
       3
       1
       1
       0
       2
       2
       0
       1
       1
       2
       1
       2
       1
       1
       1
       0
       0
       1
       1
       2
       0
       0
       1
       0
       1
       1
       1
       1
       0
       0
       1
       0
       0
       1
       1
       1
       1
       1
       0
       2
       2
       2
       1
       1
       1
       1
       1
       1
       1
       0
       0
       2
       1
       3
       1
       2
       1
       0
       0
       1
       1
       1
       1
       1
       0
       0
       0
       1
       1
       2
       0
       0
       0
       0
       1
       0
       2
       1
       0
       3
       1
       2
       0
       2
       1
       0
       0
       1
       1
       0
       0
       0
       0
       1
       2
       2
       0
       1
       2
       1
       0
       0
       0
       1
       0
       0
       2
       0
       4
       2
       1
       1
       1
       0
       0
       1
       1
       0
       1
       0
       0
       0
       2
       0
       2
       1
       1
       0
       1
       1
       0
       1
       0
       2
       0
       0
       0
       0
       0
       1
       1
       0
       1
       1
       1
       0
       2
       0
       2
       1
       0
       2
       0
       0
       0
       0
       1
       1
       2
       1
       0
       0
       1
       1
       2
       0
       2
       0
       0
       2
       0
       0
       1
       1
       1
       0
       0
       0
       2
       2
       0
       0
       1
       1
       0
       0
       0
       0
       2
       0
       2
       0
       0
       0
       0
       0
       2
       1
       2
       2
       1
       0
       0
       3
       2
       1
       1
       0
       0
       1
       2
       0
       3
       0
       1
       1
       0
       1
       2
       1
       1
       1
       0
       0
       1
       4
       0
       0
       3
       0
       1
       1
       1
       1
       1
       2
       0
       1
       1
       2
       1
       1
       1
       1
       3
       0
       0
       1
       1
       0
       2
       1
       0
       0
       1
       0
       2
       3
       0
       2
       0
       1
       1
       2
       0
       1
       0
       3
       0
       0
       3
       1
       0
       1
       1
       1
       2
       0
       1
       1
       0
       0
       5
       0
       0
       1
       0
       1
       0
       1
       0
       0
       1
       1
       2
       1
       2
       4
       1
       2
       3
       1
       0
       3
       1
       0
       0
       1
       1
       1
       1
       1
       0
       2
       1
       2
       1
       1
       0
       4
       1
       1
       1
       0
       1
       0
       1
       0
       1
       2
       2
       2
       0
       3
       0
       2
       2
       0
       0
       1
       2
       0
       0
       3
       0
       1
       4
       1
       3
       1
       2
       0
       3
       0
       2
       2
       4
       1
       0
       2
       3
       1
       1
       3
       1
       1
       0
       2
       0
       0
       1
       1
       0
       0
       2
       1
       1
       1
       2
       0
       1
       0
       0
       3
       1
       3
       1
       1
       3
       3
       3
       2
       2
       4
       1
       2
       2
       1
       4
       2
       3
       2
       3
       0
       1
       1
       2
       3
       0
       2
       0
       1
       3
       2
       2
       1
       1
       3
       3
       1
       2
       1
       0
       4
       0
       1
       2
       2
       0
       1
       4
       1
       4
       4
       1
       5
       1
       0
       5
       1
       1
       0
       0
       1
       1
       0
       4
       0
       2
       2
       0
       3
       1
       3
       2
       1
       7
       2
       1
       3
       2
       2
       2
       2
       0
       1
       3
       3
       4
       4
       2
       3
       3
       4
       4
       5
       1
       0
       4
       3
       3
       3
       2
       3
       3
       1
       5
       1
       1
       3
       2
       4
       7
       6
       1
       2
       5
       5
       8
       3
       5
       5
       3
       2
       5
       2
       3
       3
       6
       3
       3
       2
       5
       6
       4
       7
       5
       4
       6
       6
       6
       6
       7
       6
       4
      10
       6
       7
       5
       4
      10
       5
       6
       4
       6
       3
       6
       3
       8
       6
       4
       7
       9
      10
       8
       7
       9
      10
      11
       6
       8
      10
      11
       8
       8
       9
       7
      13
       8
       8
       8
      12
      11
       7
      12
       8
      13
      13
      15
       9
      10
      15
      12
      14
      22
      14
      14
      15
      19
      17
      15
      15
      12
      20
      12
      15
      18
      17
      18
      20
      18
      25
      18
      21
      24
      28
      28
      41
      37
      39
      31
      39
      25
      32
      33
      30
      35
      28
      45
      43
      37
      42
      30
      46
      43
      41
      34
      48
      39
      57
      50
      29
      32
      47
      39
      24
      37
      35
      38
      32
      41
      28
      36
      31
      21
      34
      23
      34
      25
      26
      19
      16
      19
      28
      21
      19
      30
      18
      14
      23
      23
      15
      18
      15
      18
      14
      14
      13
      12
      16
      10
      20
      16
      15
      14
      15
      12
      20
      12
      17
      14
      10
      10
      13
      13
      14
      18
      12
      15
      13
      12
       9
      13
      13
      14
       6
      14
      16
       9
      10
       8
      10
      14
      11
       6
      15
       9
       8
      11
       7
      11
       6
      13
       7
      15
       8
       7
       8
       9
      11
       7
      10
       5
       9
       9
       8
      13
       8
       5
       6
      10
       9
      12
       7
      15
       9
      10
       6
       9
      13
       6
       8
      13
       7
       5
      10
       4
       7
      10
       7
       5
       5
       7
      16
      13
       9
      10
       8
      10
       8
      11
       6
       7
       7
       7
       5
       9
       8
       7
       8
      10
       9
       7
      10
      11
       8
      10
       5
       8
      11
       7
       9
       8
       8
       9
      10
       8
       7
       8
       4
       9
       5
       5
       9
       5
      11
       8
       7
       5
       6
       6
       5
       8
      11
       1
       8
       9
       6
       9
       9
       2
       4
       4
       4
       2
       3
       3
       4
       4
       8
       6
       6
       5
      12
       5
       8
       6
       1
       7
       4
       6
       5
      11
       2
       8
       5
       8
       6
       3
       5
      10
       6
       5
       9
      13
       6
      21
      20
      33
      35
      57
      86
      71
      72
     103
     113
     107
     124
     125
     137
     100
     111
     100
      97
      90
      65
      47
      36
      39
      31
      33
      20
      15
       8
       8
       7
       4
       4
       2
       0
       2
       1
       0
       2
       0
       0
       1
       0
       0
       0
       1
       3
       1
       0
       3
       0
       1
       0
       1
       0
       0
       0
       2
       1
       0
       1
       1
       0
       3
       0
       0
       0
       0
       3
       1
       0
       1
       0
       2
       2
       0
       1
       1
       0
       3
       2
       1
       0
       0
       0
       1
       2
       0
       1
       0
       1
       0
       0
       0
       1
       2
       1
       0
       0
       1
       0
       0
       2
       3
       1
       0
       1
       0
       2
       2
       1
       0
       0
       3
       0
       0
       1
       0
       1
       1
       0
       0
       2
       0
       0
       0
       1
       1
       1
       1
       0
       1
       0
       1
       2
       1
       1
       1
       0
       1
       1
       1
       3
       1
       1
       3
       2
       2
       0
       1
       1
       2
       2
       4
       1
       1
       0
       1
       1
       2
       0
       1
       0
       0
       2
       0
       0
       2
       0
       1
       0
       0
       0
       0
       0
       1
       2
       1
       0
       1
       0
       1
       1
       0
       2
       0
       1
       1
       0
       0
       1
       0
       2
       0
       2
       0
       0
       0
       1
       1
       1
       0
       1
       2
       0
       1
       1
       4
       0
       1
       2
       0
       2
       1
       1
       0
       1
       0
       1
       0
       1
       2
       2
       1
       1
       1
       2
       2
       2
       2
       0
       1
       2
       1
       2
       0
       0
       0
       1
       1
       0
       1
       0
       1
       1
       1
       1
       1
       0
       1
       2
       0
       1
       1
       1
       0
       1
       1
       0
       1
       1
       0
       0
       1
       1
       0
       0
       1
       1
       1
       0
       1
       1
       0
       0
       2
       0
       1
       1
       0
       0
       0
       0
       0
       2
       1
       0
       0
       3
       1
       1
       1
       0
       1
       0
       0
       2
       2
       1
       0
       1
       1
       1
       0
       0
       3
       2
       2
       4
       2
       1
       2
       4
       3
       1
       1
       2
       3
       0
       2
       1
       2
       2
       1
       3
       0
       2
       4
       1
       0
       3
       2
       0
       0
       2
       1
       1
       0
       1
       2
       1
       1
       1
       1
       1
       0
       3
       0
       0
       1
       0
       2
       3
       3
       4
       2
       3
       4
       4
       3
       2
       2
       4
       2
       5
       8
       6
       4
       2
       1
       3
       6
       4
       1
       0
       1
       1
       1
       3
       0
       2
       1
       0
       0
       2
       1
       0
       0
       0
       2
       2
       0
       1
       0
       1
       0
       2
       1
       0
       1
       0
       2
       2
       1
       0
       0
       1
       1
       0
       1
       0
       2
       3
       2
       0
       0
       0
       1
       1
       1
       2
       0
       4
       1
       1
       0
       2
       0
       0
       2
       2
       0
       3
       0
       1
       0
       0
       1
       1
       1
       0
       1
       1
       1
       1
       2
       2
       0
       1
       2
       0
       1
       1
       0
       2
       0
       2
       1
       1
       0
       1
       1
       1
       2
       2
       1
       0
       1
       0
       2
       0
       1
       0
       0
       1
       1
       1
       0
       0
       1
       2
       1
       0
       2
       0
       0
       2
       1
       2
       2
       0
       1
       1
       0
       1
       0
       0
       0
       2
       0
       1
       1
       1
       1
       0
       0
       0
       1
       1
       0
       2
       1
       1
       1
       0
       2
       2
       1
       0
       1
       1
       0
       2
       1
       0
       2
       0
       2
       0
       2
       1
       0
       0
       1
       1
       3
       0
       1
       0
       1
       2
       0
       2
       0
       2
       0
       2
       1
       0
       3
       0
       0
       1
       0
       0
       2
       0
       0
       1
       0
       3
       0
       0
       0
       2
       0
       1
       1
       4
       1
       0
       3
       2
       0
       2
       0
       1
       0
       2
       3
       1
       1
       0
       0
       3
       1
       1
       4
       4
       2
       0
       2
       2
       1
       1
       3
       2
       1
       1
       1
       2
       1
       2
       1
       0
       0
       1
       2
       0
       2
       0
       0
       0
       0
       0
       0
       2
       0
       1
       1
       1
       1
       2
       0
       1
       2
       3
       0
       0
       4
       1
       1
       0
       1
       1
       1
       1
       0
       1
       0
       2
       1
       1
       1
       1
       2
       2
       0
       0
       0
       0
       0
       1
       0
       0
       0
       1
       0
       0
       0
       0
       0
       0
       0
       0
       0
       0
       0
       0
       0
       0
       0
       0
       0
       0
       0
       0
       0
       0
       0
       0
       0
       0
       0
       0
       0
       0
       0
       0
       0
       0
       0
       0
       0
       0
       0
       0
       0
       0
       0
       0
       0
       0
       0
       0
       0
       0
       0
       0
       0
       0
       0
       0
$ROI:
1
763 797
$PRESETS:
Real Time
1200
0
$ENER_FIT:
0.000000 0.045181
$MCA_CAL:
3
0.000000E+000 4.518135E-002 0.000000E+000 keV
$SHAPE_CAL:
3
0.000000E+000 0.000000E+000 0.000000E+000
