$SPEC_ID:
This is sample 008.
$SPEC_REM:
DET# 3
DETDESC# JLAB-20 MCB 131
AP# Maestro Version 7.01
$DATE_MEA:
03/13/2023 15:41:40
$MEAS_TIM:
27 59
$DATA:
0 2047
       0
       0
       0
      71
   15042
  701537
  857095
  639629
  574973
  516371
  453012
  392139
  332227
  277340
  227242
  183140
  144763
  112076
   85655
   64107
   47677
   33920
   23870
   16391
   11111
    7274
    4663
    2959
    1800
    1129
     632
     301
     171
     107
      74
      43
      15
      16
      12
      13
      10
      13
       6
       4
       3
       6
       4
       5
       3
       6
       4
       0
       7
       4
       7
       4
       2
       5
       4
       4
       5
       4
       4
       4
       2
       0
       1
       3
       1
       1
       3
       2
       2
       0
       3
       1
       5
       3
       5
       3
       0
       5
       0
       1
       1
       2
       2
       2
       4
       1
       2
       0
       2
       3
       4
       3
       2
       3
       0
       4
       2
       3
       2
       3
       4
       4
       2
       4
       2
       1
       2
       1
       2
       1
       5
       3
       1
       2
       2
       2
       0
       3
       0
       4
       1
       2
       2
       1
       0
       4
       3
       5
       1
       3
       0
       4
       4
       2
       1
       2
       2
       3
       3
       1
       1
       1
       3
       1
       3
       4
       4
       4
       4
       3
       3
       3
       2
       4
       4
       2
       4
       1
       2
       4
       7
       3
       1
       4
       0
       2
       5
       4
       9
       4
       2
       4
       2
       3
       3
       1
       4
       7
       2
       5
       2
       4
       3
       2
       2
       1
       2
       4
       0
       2
       0
       2
       0
       3
       5
       0
       0
       2
       1
       2
       4
       2
       2
       3
       2
       1
       5
       2
       2
       2
       4
       0
       3
       5
       1
       5
       2
       2
       4
       3
       2
       2
       4
       4
       2
       3
       2
       1
       2
       1
       0
       2
       0
       0
       1
       1
       0
       2
       0
       1
       2
       0
       4
       6
       0
       4
       0
       1
       2
       3
       3
       1
       1
       1
       0
       3
       2
       1
       1
       0
       1
       1
       0
       0
       3
       0
       3
       3
       0
       3
       0
       1
       1
       1
       0
       2
       3
       1
       2
       2
       2
       0
       0
       2
       3
       2
       0
       2
       1
       0
       1
       0
       1
       2
       1
       3
       0
       2
       0
       2
       0
       0
       0
       1
       1
       2
       2
       2
       1
       1
       0
       1
       2
       1
       2
       2
       0
       3
       1
       0
       2
       1
       0
       1
       2
       0
       1
       2
       3
       0
       1
       1
       1
       2
       0
       0
       3
       3
       1
       0
       1
       2
       1
       1
       2
       0
       2
       2
       1
       2
       2
       2
       0
       4
       2
       0
       2
       2
       0
       2
       0
       2
       1
       0
       4
       0
       1
       0
       2
       2
       2
       2
       2
       3
       4
       6
       8
       8
       6
       4
       9
      11
       7
      20
      16
      20
      14
      13
      20
      22
      33
      20
      21
      17
      19
      13
      16
      13
      18
      13
      13
       9
      12
       5
       5
       5
      10
       6
       6
       3
       3
       1
       1
       3
       3
       0
       2
       0
       1
       2
       4
       3
       1
       3
       3
       0
       5
       5
       7
       0
       5
       6
       6
       8
      10
       6
       6
       9
       8
      12
      10
       7
       6
       8
      19
       4
       8
       6
       8
       8
       6
       2
       3
       5
       8
       3
       4
       1
       4
       1
       1
       1
       0
       2
       1
       0
       0
       1
       0
       2
       0
       2
       0
       1
       2
       2
       1
       1
       0
       2
       1
       2
       1
       0
       0
       1
       0
       0
       1
       3
       1
       0
       0
       1
       1
       0
       1
       0
       1
       0
       1
       1
       0
       0
       0
       0
       0
       0
       2
       1
       1
       1
       0
       2
       0
       1
       1
       5
       2
       3
       2
       2
       1
       0
       0
       2
       1
       0
       2
       1
       2
       0
       1
       1
       3
       2
       1
       1
       1
       2
       0
       0
       2
       0
       1
       1
       0
       0
       1
       2
       0
       2
       2
       0
       1
       1
       1
       1
       0
       0
       0
       0
       3
       0
       1
       3
       1
       0
       0
       2
       1
       1
       2
       0
       1
       0
       0
       2
       0
       1
       1
       1
       1
       2
       0
       2
       0
       0
       1
       1
       0
       0
       0
       1
       0
       0
       2
       0
       2
       0
       0
       0
       1
       0
       1
       0
       0
       1
       4
       1
       1
       0
       1
       1
       1
       1
       0
       0
       3
       0
       0
       1
       1
       1
       0
       0
       1
       0
       3
       3
       1
       1
       0
       1
       0
       0
       0
       0
       1
       2
       0
       1
       0
       0
       2
       0
       0
       0
       2
       1
       0
       0
       1
       2
       0
       0
       0
       0
       0
       0
       1
       2
       0
       1
       1
       2
       2
       0
       1
       2
       1
       2
       0
       1
       2
       1
       1
       1
       0
       2
       1
       0
       0
       1
       1
       2
       2
       1
       2
       2
       0
       0
       2
       0
       1
       1
       2
       0
       3
       1
       1
       0
       0
       3
       0
       1
       0
       0
       1
       1
       0
       2
       2
       1
       1
       1
       1
       2
       3
       0
       1
       0
       1
       2
       1
       0
       1
       3
       1
       2
       3
       0
       3
       1
       0
       2
       0
       1
       0
       0
       3
       2
       0
       1
       0
       0
       1
       2
       4
       1
       0
       0
       2
       1
       1
       1
       0
       2
       0
       0
       1
       0
       1
       1
       0
       2
       0
       2
       1
       0
       0
       0
       1
       1
       2
       1
       1
       1
       2
       5
       1
       0
       0
       2
       2
       3
       0
       0
       0
       1
       3
       1
       0
       1
       1
       0
       1
       2
       0
       1
       2
       2
       0
       0
       3
       2
       1
       1
       0
       2
       1
       1
       1
       1
       0
       0
       0
       1
       1
       2
       2
       1
       2
       0
       1
       1
       1
       3
       2
       3
       1
       2
       2
       0
       0
       2
       1
       3
       0
       1
       0
       2
       1
       2
       0
       2
       1
       0
       2
       2
       0
       2
       1
       2
       0
       0
       2
       1
       1
       1
       1
       0
       0
       4
       1
       4
       3
       2
       7
       3
       1
       0
       3
       1
       1
       1
       1
       2
       2
       1
       2
       3
       2
       2
       2
       3
       3
       2
       2
       2
       3
       2
       1
       2
       4
       1
       2
       5
       2
       0
       4
       2
       2
       1
       2
       2
       1
       3
       3
       2
       2
       3
       2
       0
       3
       5
       0
       3
       3
       0
       2
       1
       0
       2
       2
       2
       5
       2
       4
       2
       1
       3
       2
       1
       2
       2
       3
       1
       3
       4
       2
       1
       3
       3
       4
       1
       1
       1
       1
       1
       5
       2
       0
       1
       2
       3
       2
       2
       5
       2
       2
       2
       0
       3
       2
       5
       1
       5
       1
       2
       3
       1
       4
       3
       3
       4
       2
       3
       1
       3
       5
       3
       5
       6
       3
       3
       5
       4
       3
       5
       2
       6
       5
       4
       5
       3
       3
       5
       5
       7
       5
       4
       3
       7
       3
       6
       5
       5
       1
       2
       5
       6
       5
      10
       1
       7
      10
       7
       0
       3
       6
       5
       7
       4
      10
       8
       5
       4
       4
      10
       6
       4
       8
       9
      10
      11
      11
       8
      12
       7
       8
       5
      10
      13
       7
      12
       7
       2
       8
       7
       9
       5
      11
      10
      10
       7
      17
      17
      10
       8
      16
       5
      14
       8
      11
      15
      17
      15
      13
      22
       8
      13
      14
      15
      11
      14
      14
      12
      13
      18
      19
      38
      15
      20
      15
      24
      23
      24
      29
      13
      33
      25
      33
      29
      42
      37
      35
      43
      36
      34
      41
      47
      33
      43
      42
      50
      41
      40
      55
      48
      53
      41
      46
      49
      51
      49
      47
      47
      34
      38
      39
      30
      49
      34
      40
      43
      52
      24
      33
      48
      26
      39
      36
      36
      32
      28
      37
      32
      29
      27
      30
      28
      27
      17
      28
      22
      21
      15
      19
      24
      12
      17
      23
      15
      13
      14
      18
      12
      14
      11
      15
      10
      14
      12
      10
      12
      13
      16
      17
      11
      14
      18
       8
      18
      24
       9
       8
      13
      12
      14
      14
      12
      16
      11
      16
       8
      13
      12
      19
       5
       8
       9
       7
       8
       8
      10
       8
       8
       8
       8
      12
       8
      11
      11
      11
      11
       5
       9
       8
      10
      10
       4
       6
      12
       9
       9
       7
      13
      15
       7
      17
      18
      11
      10
      10
       8
      12
      12
       8
       7
      15
      12
       7
      11
      11
      10
       8
      12
      12
      10
       5
       6
      10
      10
       9
      10
       9
       8
       9
       7
       7
       8
       7
       7
       8
      10
       5
      12
       7
       8
       6
      10
       7
       6
       6
       4
      11
       8
       8
      11
       7
       9
      15
       4
      10
       8
       2
       8
       7
       6
       4
       3
       6
       8
       7
      11
       8
       7
       4
      11
      11
       4
       5
       3
       5
       9
       6
       3
      11
       6
       8
       9
       9
       5
       2
       7
       5
      10
       6
       3
       4
       5
       5
       7
       6
       7
       5
       5
       4
       9
       5
      11
       9
      10
      18
      14
      15
      10
      21
      28
      24
      33
      36
      36
      37
      63
      58
      78
      76
      85
      86
      88
      95
      84
      98
     108
      91
     101
     100
      75
      96
      63
      71
      53
      62
      39
      45
      23
      35
      29
      19
      13
      21
       9
       6
       4
       3
       6
       0
       2
       0
       1
       0
       1
       0
       1
       2
       0
       2
       0
       1
       0
       1
       0
       2
       0
       1
       1
       2
       0
       0
       3
       0
       0
       1
       0
       2
       1
       1
       0
       1
       1
       1
       1
       3
       0
       1
       1
       1
       2
       0
       1
       1
       4
       0
       2
       0
       0
       3
       1
       1
       2
       2
       0
       0
       0
       1
       0
       0
       2
       2
       0
       0
       2
       1
       1
       0
       0
       3
       1
       0
       1
       2
       0
       0
       0
       0
       0
       0
       0
       1
       3
       1
       1
       0
       1
       0
       1
       2
       2
       1
       0
       0
       2
       1
       1
       2
       2
       1
       1
       2
       0
       1
       1
       2
       0
       0
       0
       0
       1
       0
       0
       1
       2
       1
       1
       1
       0
       3
       0
       1
       1
       1
       0
       0
       1
       1
       1
       0
       4
       4
       2
       2
       0
       2
       0
       0
       0
       0
       1
       2
       0
       3
       0
       1
       0
       1
       1
       0
       2
       0
       2
       2
       1
       0
       0
       1
       3
       1
       3
       1
       0
       3
       2
       2
       2
       0
       1
       1
       2
       0
       0
       0
       2
       2
       0
       1
       1
       1
       1
       0
       0
       1
       0
       1
       1
       2
       0
       1
       1
       0
       3
       0
       1
       0
       3
       0
       1
       0
       1
       1
       1
       2
       2
       0
       2
       2
       1
       0
       2
       1
       0
       0
       0
       1
       1
       0
       1
       0
       0
       2
       2
       1
       3
       0
       0
       1
       1
       1
       0
       4
       3
       0
       1
       1
       1
       1
       0
       0
       2
       2
       1
       0
       1
       1
       2
       2
       3
       2
       1
       1
       2
       0
       0
       4
       1
       0
       2
       0
       2
       0
       0
       1
       2
       2
       0
       2
       3
       4
       1
       2
       2
       3
       1
       2
       4
       2
       1
       3
       0
       2
       4
       1
       0
       1
       1
       0
       0
       1
       0
       1
       1
       1
       0
       2
       1
       2
       0
       1
       0
       2
       2
       1
       2
       0
       1
       0
       3
       2
       1
       5
       0
       1
       2
       2
       0
       3
       1
       4
       1
       2
       3
       1
       1
       1
       2
       4
       6
       3
       2
       4
       1
       2
       2
       2
       2
       0
       1
       0
       1
       0
       2
       0
       3
       2
       0
       0
       0
       2
       0
       1
       0
       0
       1
       1
       0
       0
       2
       0
       1
       1
       0
       1
       1
       2
       0
       0
       0
       0
       1
       3
       2
       1
       0
       2
       0
       0
       0
       1
       2
       2
       0
       0
       1
       0
       0
       0
       2
       1
       3
       1
       0
       0
       2
       1
       1
       0
       1
       0
       1
       2
       2
       2
       0
       0
       1
       1
       0
       0
       1
       0
       1
       0
       0
       0
       0
       1
       2
       4
       0
       1
       2
       0
       0
       1
       1
       0
       0
       2
       0
       2
       1
       0
       0
       0
       1
       0
       3
       0
       2
       1
       0
       1
       0
       0
       2
       0
       1
       1
       0
       1
       0
       2
       1
       1
       2
       0
       1
       2
       0
       0
       0
       0
       0
       0
       0
       0
       0
       0
       0
       1
       1
       1
       0
       1
       3
       2
       2
       0
       2
       1
       0
       0
       0
       0
       0
       1
       1
       2
       0
       0
       1
       1
       2
       1
       1
       2
       0
       2
       1
       4
       1
       0
       0
       0
       0
       1
       1
       0
       1
       1
       1
       1
       1
       0
       1
       1
       1
       2
       2
       1
       2
       0
       2
       0
       3
       2
       2
       0
       0
       1
       0
       0
       2
       3
       1
       1
       2
       0
       0
       0
       1
       0
       0
       2
       3
       3
       2
       1
       2
       1
       2
       2
       5
       0
       0
       1
       1
       0
       2
       1
       1
       0
       0
       2
       1
       0
       1
       0
       0
       1
       1
       1
       1
       0
       0
       1
       2
       0
       0
       1
       0
       0
       1
       4
       1
       0
       1
       1
       1
       1
       1
       1
       2
       0
       1
       0
       3
       1
       3
       0
       2
       0
       0
       2
       2
       0
       0
       1
       0
       0
       0
       0
       0
       0
       0
       0
       0
       0
       0
       0
       0
       0
       0
       0
       0
       0
       0
       0
       0
       0
       0
       0
       0
       0
       0
       0
       0
       0
       0
       0
       0
       0
       0
       0
       0
       0
       0
       0
       0
       0
       0
       0
       0
       0
       0
       0
       0
       0
       0
       0
       0
       0
       0
       0
       0
       0
       0
       0
       0
       0
       0
       0
       0
$ROI:
1
763 797
$PRESETS:
Real Time
1200
0
$ENER_FIT:
0.000000 0.045181
$MCA_CAL:
3
0.000000E+000 4.518135E-002 0.000000E+000 keV
$SHAPE_CAL:
3
0.000000E+000 0.000000E+000 0.000000E+000
