$SPEC_ID:
This is sample 008.
$SPEC_REM:
DET# 3
DETDESC# JLAB-20 MCB 131
AP# Maestro Version 7.01
$DATE_MEA:
03/13/2023 16:14:29
$MEAS_TIM:
29 59
$DATA:
0 2047
       0
       0
       0
      67
   19117
 1001229
 1159188
  801679
  660212
  538586
  427191
  329518
  246698
  178812
  125390
   85064
   55116
   34403
   20684
   11951
    6659
    3844
    1870
     838
     465
     248
     139
     101
      52
      31
      22
      24
      11
      11
      11
      16
       1
       4
       5
       9
       5
       3
       6
       5
       4
       4
       3
       5
       5
       4
       3
       6
       2
       4
       6
       4
       4
       6
       1
       4
       6
       2
       2
       2
       7
       2
       4
       2
       2
       3
       4
       3
       1
       4
       3
       5
       6
       3
       4
       3
       2
       2
       0
       2
       2
       0
       3
       1
       2
       2
       5
       2
       1
       3
       2
       2
       2
       2
       1
       4
       5
       4
       1
       7
       7
       2
       1
       2
       0
       1
       2
       2
       1
       2
       0
       1
       1
       3
       3
       3
       7
       1
       3
       2
       3
       4
       5
       4
       1
       2
       1
       2
       3
       1
       1
       2
       3
       1
       2
       2
       6
       4
       2
       7
       4
       2
       2
       9
       5
       1
       3
       4
       3
       3
       6
       1
       3
       3
       1
       1
       1
       7
       1
       5
       4
       4
       5
       5
       7
       5
       3
       4
       9
       6
       5
       3
       6
       2
       4
       4
       6
       1
       0
       3
       3
       2
       2
       2
       2
       2
       5
       2
       1
       4
       2
       1
       2
       3
       3
       5
       0
       1
       2
       1
       0
       1
       2
       1
       4
       3
       2
       2
       3
       3
       3
       2
       0
       4
       1
       3
       3
       2
       4
       1
       1
       6
       2
       2
       2
       3
       4
       5
       4
       1
       3
       1
       2
       0
       2
       0
       1
       3
       0
       0
       3
       4
       1
       2
       1
       3
       1
       1
       3
       1
       1
       1
       1
       2
       4
       3
       0
       0
       3
       3
       2
       5
       1
       3
       1
       1
       1
       0
       3
       1
       0
       0
       0
       2
       1
       1
       1
       1
       0
       1
       1
       2
       0
       2
       0
       1
       1
       1
       2
       1
       0
       2
       2
       2
       2
       3
       0
       3
       0
       1
       2
       2
       0
       0
       2
       0
       1
       6
       0
       1
       0
       2
       2
       2
       0
       3
       0
       1
       1
       0
       2
       0
       1
       1
       0
       5
       0
       0
       1
       1
       0
       1
       2
       0
       2
       0
       1
       1
       3
       2
       0
       1
       2
       1
       1
       4
       3
       0
       2
       1
       2
       0
       1
       4
       1
       3
       2
       5
       1
       0
       2
       2
       1
       4
       3
       5
       2
       1
       0
       1
       4
       0
       3
       2
       4
       6
       1
       5
       6
       5
      14
      19
      10
      12
      16
      24
      25
      27
      33
      27
      24
      35
      29
      43
      21
      29
      33
      28
      19
      13
      12
      11
       6
       9
       7
       4
       0
       2
       2
       4
       2
       0
       1
       0
       4
       0
       1
       2
       2
       3
       0
       2
       1
       2
       2
       2
       4
       2
       8
       4
       0
      12
      16
      10
      10
       7
      17
      18
      23
      20
      15
      26
      24
      25
      15
      17
      12
       9
       6
      13
       6
       6
       9
       5
       4
       5
       3
       5
       2
       1
       1
       1
       1
       1
       1
       2
       0
       0
       1
       0
       0
       0
       2
       3
       1
       1
       0
       0
       0
       0
       5
       0
       0
       2
       2
       1
       1
       2
       1
       0
       1
       0
       1
       0
       1
       3
       0
       1
       0
       0
       1
       1
       1
       2
       3
       2
       1
       0
       1
       3
       0
       0
       4
       3
       1
       0
       1
       1
       0
       2
       1
       2
       1
       1
       0
       0
       1
       1
       2
       1
       2
       0
       0
       1
       1
       0
       0
       1
       2
       0
       1
       2
       1
       1
       0
       1
       1
       2
       1
       3
       1
       1
       1
       0
       1
       0
       2
       0
       4
       0
       1
       0
       2
       1
       0
       1
       2
       1
       2
       1
       0
       1
       1
       2
       1
       2
       1
       2
       1
       0
       1
       1
       1
       1
       2
       2
       2
       0
       3
       2
       2
       2
       1
       1
       1
       0
       1
       1
       0
       2
       0
       1
       1
       1
       0
       0
       2
       0
       2
       1
       1
       0
       0
       0
       1
       0
       1
       1
       1
       3
       0
       1
       0
       0
       0
       0
       1
       2
       0
       1
       2
       0
       1
       0
       0
       0
       0
       2
       2
       3
       3
       1
       1
       1
       0
       1
       0
       2
       0
       1
       2
       1
       4
       0
       1
       2
       3
       1
       1
       0
       0
       2
       0
       2
       2
       1
       3
       1
       0
       1
       2
       0
       0
       2
       3
       1
       0
       0
       0
       0
       1
       0
       0
       1
       0
       2
       2
       0
       0
       1
       2
       1
       2
       0
       0
       0
       0
       0
       1
       1
       0
       0
       0
       0
       1
       0
       0
       1
       1
       0
       1
       0
       1
       1
       5
       4
       2
       0
       0
       2
       1
       3
       1
       1
       0
       1
       0
       2
       1
       1
       0
       0
       1
       1
       2
       2
       2
       1
       1
       0
       0
       0
       1
       2
       2
       0
       1
       1
       2
       0
       0
       2
       0
       1
       1
       1
       2
       1
       3
       0
       0
       1
       0
       2
       1
       0
       0
       2
       0
       2
       1
       1
       2
       0
       1
       0
       0
       0
       1
       2
       0
       1
       2
       2
       1
       1
       1
       0
       0
       1
       0
       1
       1
       0
       1
       1
       1
       0
       1
       2
       0
       2
       0
       0
       1
       0
       1
       1
       0
       1
       0
       2
       0
       1
       1
       0
       2
       1
       3
       0
       1
       1
       0
       3
       3
       0
       2
       1
       1
       0
       1
       1
       0
       3
       1
       1
       0
       1
       5
       0
       0
       4
       0
       0
       2
       0
       2
       0
       3
       2
       1
       3
       1
       3
       0
       1
       0
       1
       1
       2
       1
       3
       1
       1
       0
       1
       2
       2
       0
       1
       2
       3
       2
       0
       3
       0
       0
       5
       4
       2
       2
       2
       2
       1
       2
       1
       3
       3
       0
       3
       2
       1
       0
       2
       2
       3
       0
       1
       2
       6
       0
       3
       2
       2
       1
       0
       0
       4
       1
       0
       3
       1
       3
       3
       3
       2
       3
       2
       1
       2
       1
       3
       0
       3
       3
       5
       2
       1
       2
       4
       2
       1
       0
       4
       1
       2
       4
       2
       2
       1
       4
       4
       1
       1
       5
       1
       2
       2
       1
       1
       2
       3
       4
       5
       3
       0
       2
       1
       2
       3
       3
       1
       3
       3
       2
       2
       2
       5
       4
       3
       7
       3
       0
       4
       6
       2
       6
       6
       3
       5
       6
       4
       1
       5
       5
       3
       4
       6
       2
       4
       2
       4
       3
       1
       2
       5
       4
       3
       5
       7
       3
       4
       3
       8
       3
       3
       3
       7
       5
       4
       6
       7
       6
       4
       9
       9
       6
       2
       7
       3
       5
       7
       7
       6
       7
       6
       3
       5
       6
       2
      12
      11
      12
       8
       8
       9
       7
      10
       5
      12
      16
      12
       7
       8
      12
       8
      12
      17
       9
      13
      15
      12
      10
      17
      18
      22
      13
      18
      18
      16
      12
      17
      11
      17
      14
      10
      20
      12
       8
      20
      23
      20
      17
      16
      18
      19
      17
      20
      19
      20
      19
      21
      25
      32
      22
      37
      29
      23
      32
      34
      36
      26
      28
      42
      39
      37
      44
      41
      37
      39
      36
      44
      41
      34
      48
      51
      49
      43
      51
      46
      60
      54
      48
      50
      51
      66
      49
      40
      60
      61
      58
      45
      45
      51
      57
      41
      57
      59
      41
      42
      40
      41
      35
      31
      34
      26
      35
      26
      32
      23
      39
      28
      38
      30
      24
      27
      27
      21
      29
      24
      22
      14
      18
      16
      18
      14
      14
      11
      14
      22
      21
      17
      19
      14
      22
      24
      14
      12
      16
      12
      16
      15
      16
      23
      21
      11
      15
      20
      13
      17
      10
      10
      13
       8
      15
      14
      16
       5
      13
      14
      14
      18
      18
      10
      10
      12
      16
      15
      10
      14
       9
      12
       8
      20
      16
      10
      13
      10
      15
      11
       6
       7
      10
       8
      14
      14
       6
       7
      16
       8
       9
      12
      10
      12
      13
      11
       8
      13
      15
      10
      14
      10
      12
       9
       5
      12
      10
       5
       8
       7
       4
      13
      11
      14
       2
       9
       6
       8
       4
      14
      10
      10
      10
       4
       5
       5
       9
      12
       8
       8
      12
       6
      11
      14
       7
       6
       7
      15
       9
       9
      16
      12
       8
       9
       7
       7
       5
      10
       6
       9
       7
       5
       9
       8
       4
       3
      10
       3
       7
       6
       9
       6
       7
      10
       3
       6
       4
       8
       5
       6
       8
       6
       3
       9
       3
      10
       7
       3
       6
       9
       6
       6
       2
       9
       5
       5
       4
       8
       5
       6
       6
       8
       4
       5
       5
       8
       4
      11
       6
      12
      14
      17
      23
      27
      42
      48
      57
      78
     104
     101
     125
     125
     150
     131
     159
     132
     151
     113
     108
     103
      79
      76
      76
      73
      43
      38
      33
      22
      20
      12
       9
       9
       4
       2
       2
       1
       0
       0
       1
       1
       2
       2
       1
       0
       1
       0
       0
       2
       2
       0
       0
       0
       0
       2
       1
       1
       0
       1
       0
       0
       1
       0
       1
       0
       0
       0
       0
       0
       1
       1
       0
       0
       1
       2
       0
       2
       1
       1
       0
       0
       0
       0
       0
       0
       0
       0
       3
       2
       2
       1
       0
       0
       1
       0
       0
       2
       0
       0
       0
       1
       1
       1
       1
       0
       0
       0
       1
       1
       1
       1
       3
       0
       0
       2
       1
       0
       1
       1
       1
       0
       0
       0
       0
       0
       3
       0
       1
       1
       0
       0
       2
       1
       0
       2
       1
       1
       1
       0
       2
       0
       1
       0
       1
       1
       1
       0
       0
       0
       0
       0
       1
       1
       1
       1
       1
       2
       0
       0
       2
       1
       0
       0
       0
       1
       2
       1
       0
       1
       0
       0
       0
       1
       0
       1
       0
       0
       3
       1
       0
       1
       1
       0
       0
       1
       1
       1
       0
       1
       0
       0
       1
       0
       1
       2
       1
       0
       1
       1
       1
       0
       0
       1
       1
       1
       0
       0
       0
       1
       0
       0
       1
       1
       1
       1
       0
       0
       0
       0
       0
       0
       1
       3
       3
       1
       0
       1
       2
       2
       0
       1
       0
       1
       3
       1
       0
       1
       0
       1
       1
       1
       0
       0
       0
       1
       0
       0
       0
       1
       0
       1
       3
       2
       2
       0
       1
       0
       0
       0
       1
       3
       2
       1
       1
       0
       1
       1
       1
       1
       0
       1
       0
       2
       0
       0
       4
       0
       0
       0
       1
       3
       4
       1
       1
       2
       4
       0
       1
       2
       1
       1
       0
       1
       0
       0
       0
       1
       2
       0
       2
       2
       0
       1
       0
       0
       1
       0
       4
       0
       1
       2
       4
       1
       2
       3
       1
       2
       3
       4
       2
       0
       1
       1
       1
       2
       2
       2
       2
       4
       2
       0
       1
       3
       3
       0
       1
       2
       2
       2
       1
       1
       2
       0
       0
       0
       2
       1
       1
       0
       2
       2
       2
       2
       3
       2
       2
       1
       1
       5
       1
       1
       3
       2
       4
       5
       3
       1
       2
       3
       0
       3
       3
       3
       2
       0
       1
       1
       0
       2
       0
       0
       3
       1
       1
       0
       1
       0
       1
       1
       0
       2
       0
       6
       0
       1
       0
       1
       0
       0
       0
       2
       2
       0
       1
       2
       0
       2
       1
       2
       1
       2
       3
       1
       1
       1
       2
       0
       1
       1
       0
       0
       4
       2
       0
       0
       3
       1
       0
       2
       1
       1
       0
       3
       1
       2
       1
       2
       0
       0
       0
       0
       2
       0
       1
       2
       1
       0
       1
       0
       2
       1
       1
       1
       0
       0
       0
       1
       1
       1
       1
       3
       1
       0
       0
       1
       0
       1
       2
       1
       1
       0
       2
       0
       2
       0
       0
       0
       1
       0
       0
       1
       2
       0
       1
       2
       3
       3
       1
       2
       1
       0
       3
       1
       2
       1
       1
       0
       1
       1
       1
       1
       0
       0
       0
       0
       0
       1
       2
       0
       1
       0
       1
       1
       0
       1
       2
       2
       2
       0
       1
       1
       0
       0
       0
       0
       1
       2
       0
       2
       3
       1
       2
       1
       1
       0
       0
       0
       1
       1
       1
       2
       3
       1
       1
       0
       1
       1
       1
       2
       3
       0
       0
       1
       0
       0
       1
       0
       3
       0
       1
       1
       2
       3
       0
       1
       1
       0
       0
       1
       1
       3
       2
       0
       0
       3
       1
       3
       2
       2
       1
       1
       3
       2
       2
       3
       1
       0
       2
       2
       2
       1
       1
       1
       2
       2
       3
       1
       0
       1
       0
       0
       0
       2
       1
       3
       0
       2
       0
       0
       0
       1
       0
       0
       0
       0
       0
       1
       0
       3
       0
       1
       0
       0
       4
       1
       0
       2
       1
       2
       0
       2
       0
       2
       0
       1
       0
       1
       2
       1
       1
       1
       1
       0
       1
       2
       1
       1
       1
       1
       0
       0
       1
       0
       0
       0
       0
       0
       0
       0
       0
       0
       0
       0
       0
       0
       0
       0
       0
       0
       0
       0
       0
       0
       0
       0
       0
       0
       0
       0
       0
       0
       0
       0
       0
       0
       0
       0
       0
       0
       0
       0
       0
       0
       0
       0
       0
       0
       0
       0
       0
       0
       0
       0
       0
       0
       0
       0
       0
       0
       0
       0
       0
       0
       0
       0
$ROI:
1
763 797
$PRESETS:
Real Time
1200
0
$ENER_FIT:
0.000000 0.045181
$MCA_CAL:
3
0.000000E+000 4.518135E-002 0.000000E+000 keV
$SHAPE_CAL:
3
0.000000E+000 0.000000E+000 0.000000E+000
