$SPEC_ID:
This is sample 008.
$SPEC_REM:
DET# 3
DETDESC# JLAB-20 MCB 131
AP# Maestro Version 7.01
$DATE_MEA:
03/13/2023 15:37:38
$MEAS_TIM:
26 60
$DATA:
0 2047
       0
       0
       0
      61
   14082
  704270
  863983
  645739
  579836
  521671
  460063
  397901
  338355
  280858
  229764
  184886
  146957
  114354
   87050
   64836
   47522
   34258
   24299
   16643
   11188
    7184
    4517
    2933
    1726
    1034
     525
     284
     138
      90
      47
      27
      19
       9
       3
       9
       4
       2
       6
       4
       4
       3
       5
       2
       6
       0
       2
       3
       1
       2
       2
       0
       3
       2
       1
       1
       2
       3
       7
       1
       3
       1
       2
       1
       2
       1
       1
       2
       6
       0
       3
       0
       3
       5
       0
       2
       3
       0
       1
       0
       1
       0
       1
       2
       1
       2
       4
       0
       1
       3
       1
       1
       0
       1
       1
       1
       4
       2
       1
       2
       3
       2
       1
       0
       3
       2
       2
       2
       0
       3
       1
       0
       2
       3
       4
       1
       5
       2
       2
       1
       0
       4
       2
       1
       0
       2
       2
       1
       0
       1
       2
       1
       2
       4
       1
       2
       3
       1
       0
       0
       2
       2
       1
       1
       2
       2
       2
       0
       3
       1
       1
       3
       1
       0
       2
       2
       4
       1
       3
       2
       2
       3
       1
       0
       0
       2
       2
       1
       1
       0
       1
       2
       0
       1
       2
       1
       1
       1
       2
       2
       5
       3
       0
       1
       1
       1
       1
       1
       3
       2
       3
       2
       2
       2
       1
       0
       0
       1
       1
       1
       1
       2
       2
       0
       1
       0
       0
       1
       2
       3
       1
       0
       1
       0
       1
       3
       0
       1
       1
       2
       3
       1
       1
       0
       0
       1
       0
       1
       3
       0
       1
       0
       1
       2
       0
       2
       2
       1
       0
       2
       1
       1
       2
       1
       0
       1
       0
       2
       1
       0
       0
       1
       1
       0
       0
       1
       0
       0
       4
       2
       0
       2
       1
       3
       1
       2
       1
       1
       1
       0
       1
       1
       0
       2
       1
       0
       2
       2
       2
       2
       1
       0
       1
       1
       0
       1
       2
       0
       2
       2
       2
       1
       1
       1
       0
       0
       0
       0
       0
       0
       1
       1
       0
       0
       0
       1
       0
       2
       1
       0
       0
       1
       1
       1
       0
       2
       1
       0
       1
       1
       1
       1
       1
       0
       0
       0
       1
       0
       2
       3
       1
       0
       3
       0
       1
       1
       1
       3
       1
       1
       1
       0
       1
       1
       0
       1
       0
       0
       0
       1
       1
       1
       1
       0
       2
       1
       0
       1
       0
       1
       0
       1
       2
       0
       3
       5
       3
       2
       3
       1
       1
       0
       3
       3
       4
       5
       4
       1
       6
       3
       5
       4
       6
       7
       5
       4
       5
       6
       4
       9
       6
       4
       3
       6
      12
       3
       5
       2
       8
       5
       2
       2
       2
       2
       3
       3
       0
       4
       2
       2
       0
       1
       0
       0
       1
       1
       0
       0
       3
       3
       2
       1
       3
       1
       2
       0
       2
       2
       0
       0
       1
       3
       4
       5
       4
       2
       3
       3
       5
       1
       1
       4
       1
       0
       6
       4
       1
       1
       1
       1
       2
       1
       1
       0
       0
       2
       0
       2
       0
       0
       0
       0
       0
       4
       0
       1
       0
       0
       0
       1
       1
       2
       1
       0
       0
       0
       2
       0
       2
       2
       0
       2
       2
       0
       0
       0
       2
       0
       1
       1
       0
       1
       1
       1
       0
       1
       2
       1
       0
       0
       0
       2
       0
       0
       0
       1
       1
       0
       0
       1
       0
       1
       1
       3
       1
       0
       3
       0
       1
       2
       0
       0
       2
       0
       0
       0
       1
       1
       1
       0
       0
       2
       4
       0
       1
       0
       1
       1
       1
       0
       0
       0
       3
       2
       0
       1
       0
       1
       1
       1
       0
       0
       2
       3
       0
       1
       2
       0
       3
       1
       1
       3
       2
       0
       1
       0
       1
       0
       1
       1
       1
       0
       0
       0
       0
       3
       2
       1
       0
       1
       2
       2
       0
       0
       1
       0
       2
       0
       1
       2
       1
       0
       1
       1
       3
       0
       1
       0
       2
       1
       3
       0
       1
       0
       1
       0
       1
       1
       1
       3
       1
       1
       1
       1
       0
       0
       1
       1
       2
       3
       1
       0
       2
       0
       0
       0
       1
       1
       1
       0
       1
       0
       3
       1
       0
       0
       0
       0
       0
       1
       1
       1
       0
       1
       1
       1
       0
       1
       2
       2
       1
       1
       2
       1
       1
       0
       0
       0
       1
       1
       0
       0
       2
       0
       3
       1
       0
       3
       0
       1
       0
       1
       1
       0
       0
       0
       0
       1
       1
       0
       0
       2
       0
       0
       2
       0
       1
       0
       0
       2
       0
       0
       1
       1
       1
       1
       0
       1
       0
       0
       3
       1
       0
       0
       1
       2
       0
       0
       1
       1
       1
       1
       2
       0
       0
       2
       1
       0
       1
       0
       2
       0
       0
       2
       2
       0
       0
       0
       0
       2
       2
       0
       3
       0
       0
       0
       0
       0
       2
       1
       0
       0
       0
       0
       2
       0
       0
       1
       2
       1
       2
       1
       0
       0
       1
       1
       1
       0
       1
       1
       1
       1
       1
       0
       0
       0
       0
       1
       2
       1
       1
       1
       1
       0
       2
       0
       0
       0
       2
       0
       1
       0
       0
       1
       1
       0
       1
       0
       1
       0
       0
       1
       0
       1
       1
       0
       0
       0
       1
       1
       2
       0
       1
       1
       1
       2
       2
       0
       0
       1
       2
       2
       2
       3
       1
       2
       0
       1
       2
       0
       2
       0
       0
       0
       0
       1
       2
       0
       1
       0
       0
       1
       0
       1
       0
       1
       0
       1
       1
       0
       1
       0
       2
       0
       1
       0
       2
       1
       1
       1
       1
       0
       0
       0
       1
       0
       0
       2
       0
       1
       3
       2
       0
       2
       2
       2
       1
       1
       0
       0
       0
       0
       0
       1
       0
       0
       2
       2
       0
       1
       0
       1
       1
       0
       0
       0
       1
       0
       2
       1
       1
       0
       0
       0
       1
       0
       0
       1
       2
       1
       0
       0
       1
       0
       1
       0
       1
       0
       0
       0
       1
       0
       0
       2
       3
       0
       1
       0
       0
       0
       2
       2
       2
       1
       2
       0
       0
       0
       0
       1
       0
       1
       2
       0
       0
       1
       0
       1
       1
       2
       1
       1
       0
       2
       3
       0
       0
       0
       0
       1
       2
       2
       1
       1
       0
       0
       0
       1
       3
       0
       2
       2
       1
       1
       0
       1
       1
       1
       0
       0
       0
       2
       2
       1
       0
       1
       2
       2
       0
       1
       1
       2
       1
       2
       0
       1
       1
       0
       0
       1
       0
       2
       1
       1
       0
       1
       0
       1
       1
       2
       1
       0
       0
       2
       1
       1
       0
       1
       3
       1
       2
       2
       2
       1
       2
       1
       4
       0
       0
       3
       1
       3
       1
       3
       2
       2
       1
       4
       1
       5
       1
       4
       2
       3
       2
       2
       1
       1
       1
       0
       1
       0
       2
       1
       3
       1
       1
       2
       2
       1
       5
       1
       1
       3
       1
       3
       1
       2
       0
       3
       0
       1
       0
       1
       0
       3
       0
       1
       2
       4
       0
       0
       0
       2
       0
       2
       4
       3
       2
       1
       2
       0
       5
       3
       5
       3
       0
       2
       1
       4
       2
       3
       2
       1
       2
       3
       3
       1
       0
       7
       7
       4
       2
       3
       3
       3
       6
       5
       2
       4
       1
       1
       1
       5
       2
       9
       2
       2
       7
       6
       4
       4
       5
       3
       1
       5
       6
       1
       7
       4
       3
       5
       1
       2
       1
       4
       1
       4
       4
       4
       2
       1
       1
       2
       1
       4
       2
       2
       0
       4
       2
       3
       5
       1
       5
       0
       0
       3
       5
       1
       4
       1
       2
       4
       3
       4
       2
       2
       2
       0
       0
       3
       0
       3
       1
       3
       1
       2
       3
       1
       1
       0
       1
       1
       0
       1
       0
       1
       1
       1
       2
       1
       1
       4
       1
       0
       4
       3
       3
       1
       1
       1
       1
       4
       0
       0
       1
       4
       1
       3
       2
       1
       2
       6
       2
       2
       3
       3
       3
       7
       0
       0
       3
       1
       3
       1
       3
       6
       3
       2
       2
       0
       3
       2
       4
       2
       1
       2
       2
       3
       4
       4
       1
       1
       1
       1
       2
       1
       3
       2
       2
       0
       2
       1
       3
       3
       4
       1
       3
       1
       1
       1
       0
       0
       2
       1
       2
       2
       0
       1
       5
       2
       0
       2
       1
       0
       3
       1
       3
       2
       3
       2
       1
       1
       2
       1
       1
       1
       0
       2
       0
       2
       3
       1
       5
       1
       1
       1
       3
       2
       1
       5
       2
       1
       1
       3
       0
       2
       2
       0
       1
       3
       2
       2
       1
       1
       2
       2
       4
       2
       1
       2
       2
       1
       4
       1
       2
       3
       4
       4
       4
       8
       3
       5
       5
      10
      10
      15
       8
      13
      11
      17
      11
      11
      11
       9
      13
      11
       9
      15
       7
       9
      11
       9
      11
       5
       9
       6
       3
       1
       4
       3
       3
       2
       2
       2
       2
       0
       2
       1
       1
       0
       1
       1
       0
       0
       0
       1
       1
       1
       0
       1
       1
       0
       0
       0
       0
       0
       0
       0
       1
       1
       0
       0
       1
       0
       0
       1
       0
       1
       0
       0
       0
       2
       1
       0
       0
       1
       0
       0
       0
       3
       0
       0
       0
       2
       0
       0
       0
       1
       0
       0
       0
       0
       0
       2
       4
       1
       2
       0
       1
       0
       0
       0
       1
       0
       0
       1
       1
       2
       3
       0
       0
       1
       0
       0
       1
       2
       1
       3
       0
       2
       0
       0
       1
       0
       0
       1
       0
       1
       1
       0
       2
       1
       0
       0
       0
       0
       0
       0
       3
       0
       0
       0
       0
       0
       1
       1
       0
       1
       1
       2
       1
       1
       0
       1
       1
       0
       1
       0
       0
       2
       1
       1
       1
       1
       0
       0
       1
       0
       1
       1
       0
       1
       0
       0
       0
       0
       0
       0
       1
       1
       0
       1
       0
       2
       0
       0
       0
       0
       1
       2
       0
       1
       4
       0
       1
       0
       1
       0
       1
       3
       0
       1
       1
       0
       0
       2
       1
       1
       0
       1
       0
       2
       0
       1
       1
       1
       0
       2
       0
       0
       0
       1
       1
       0
       1
       0
       0
       1
       0
       0
       0
       4
       0
       0
       0
       0
       0
       1
       0
       1
       0
       1
       2
       2
       0
       1
       0
       0
       0
       1
       0
       1
       0
       0
       1
       1
       1
       3
       0
       1
       0
       1
       0
       1
       1
       0
       0
       1
       1
       1
       0
       0
       2
       0
       1
       3
       0
       1
       1
       1
       2
       2
       0
       0
       0
       2
       0
       0
       0
       2
       0
       0
       0
       1
       2
       3
       1
       0
       0
       1
       2
       0
       0
       0
       0
       1
       1
       3
       0
       2
       1
       3
       5
       1
       4
       0
       0
       0
       1
       1
       2
       0
       3
       0
       0
       0
       1
       2
       1
       0
       0
       0
       2
       0
       1
       0
       0
       3
       1
       1
       1
       0
       0
       0
       3
       1
       0
       0
       2
       0
       2
       1
       3
       3
       2
       4
       0
       1
       1
       2
       1
       1
       1
       3
       3
       5
       0
       2
       1
       3
       0
       2
       0
       0
       2
       0
       0
       0
       2
       1
       0
       1
       1
       0
       0
       0
       1
       1
       1
       2
       0
       0
       0
       1
       0
       1
       2
       0
       2
       3
       1
       0
       0
       1
       0
       0
       3
       2
       1
       2
       1
       0
       1
       0
       0
       1
       0
       1
       1
       0
       0
       0
       1
       0
       0
       0
       1
       2
       0
       3
       1
       1
       2
       1
       2
       2
       0
       1
       1
       2
       0
       0
       0
       0
       1
       0
       1
       2
       1
       0
       0
       1
       0
       0
       0
       2
       1
       0
       0
       0
       0
       0
       1
       2
       0
       2
       2
       2
       0
       0
       0
       0
       0
       1
       1
       1
       0
       1
       1
       2
       0
       2
       2
       0
       0
       0
       1
       1
       1
       0
       0
       1
       1
       0
       1
       1
       0
       1
       0
       0
       0
       0
       1
       2
       0
       3
       2
       3
       1
       0
       0
       0
       0
       0
       1
       1
       2
       0
       1
       1
       2
       1
       1
       0
       0
       1
       2
       0
       1
       0
       1
       1
       0
       1
       1
       0
       0
       0
       0
       0
       0
       1
       0
       0
       1
       0
       0
       0
       2
       0
       0
       0
       0
       0
       0
       0
       1
       2
       2
       1
       0
       0
       0
       2
       0
       1
       0
       0
       2
       1
       0
       1
       0
       2
       1
       1
       1
       3
       0
       2
       2
       2
       0
       0
       0
       2
       1
       0
       1
       1
       0
       0
       1
       0
       2
       1
       3
       1
       0
       0
       1
       0
       2
       1
       1
       0
       1
       0
       1
       2
       1
       0
       2
       0
       0
       1
       2
       1
       0
       2
       1
       1
       1
       0
       0
       1
       0
       0
       2
       0
       1
       0
       1
       0
       0
       0
       1
       0
       1
       1
       1
       0
       0
       0
       2
       1
       0
       0
       0
       0
       0
       0
       0
       0
       0
       0
       0
       0
       0
       0
       0
       0
       0
       0
       0
       0
       0
       0
       0
       0
       0
       0
       0
       0
       0
       0
       0
       0
       0
       0
       0
       0
       0
       0
       0
       0
       0
       0
       0
       0
       0
       0
       0
       0
       0
       0
       0
       0
       0
       0
       0
       0
       0
       0
       0
       0
       0
       0
       0
       0
       0
       0
$ROI:
1
763 797
$PRESETS:
Real Time
1200
0
$ENER_FIT:
0.000000 0.045181
$MCA_CAL:
3
0.000000E+000 4.518135E-002 0.000000E+000 keV
$SHAPE_CAL:
3
0.000000E+000 0.000000E+000 0.000000E+000
