$SPEC_ID:
This is sample 008.
$SPEC_REM:
DET# 3
DETDESC# JLAB-20 MCB 131
AP# Maestro Version 7.01
$DATE_MEA:
03/13/2023 16:04:18
$MEAS_TIM:
32 60
$DATA:
0 2047
       0
       0
       1
      87
   17783
  828635
  937100
  641207
  524210
  426095
  336899
  258904
  194075
  142858
  101607
   71142
   48781
   32253
   21243
   13967
    9180
    5806
    3694
    2418
    1649
    1039
     568
     378
     250
     163
      98
      84
      71
      46
      49
      38
      37
      37
      37
      30
      33
      20
      31
      15
      30
      29
      28
      27
      30
      22
      25
      25
      18
      24
      39
      21
      18
      26
      18
      28
      34
      23
      17
      23
      21
      30
      25
      22
      25
      22
      21
      27
      27
      24
      24
      29
      23
      22
      15
      26
      19
      18
      19
      19
      22
      16
      37
      25
      27
      25
      23
      26
      25
      21
      24
      26
      20
      18
      17
      20
      25
      17
      21
      29
      22
      24
      21
      27
      14
      23
      18
      21
      20
      27
      18
      20
      22
      13
      19
      14
      24
      11
      14
      19
      16
      17
      21
      18
      16
      16
      14
      18
      22
      14
      18
      24
      22
      20
      17
      22
      22
      19
      23
      17
      24
      22
      20
      23
      17
      22
       8
      15
      11
      10
      14
      13
      15
      21
      13
      18
      17
      19
      20
      13
      20
      22
      21
      15
      20
      16
      12
      18
      17
      17
      15
      18
      14
      16
      14
      12
      18
      10
      22
      17
      10
      15
      15
      13
      14
      15
      14
       9
       9
      10
      11
      12
      15
      14
      11
       8
      15
      12
      11
      14
      11
      16
       9
      19
      14
      17
      11
      11
       9
       9
      11
      11
      14
       8
      11
      11
      13
       8
      10
      12
      10
      16
       8
      15
      10
       9
       6
       9
      10
      16
      10
       9
      11
      10
      16
      13
      14
       7
      11
       9
      12
      11
       8
      13
       8
       8
       9
       6
      12
       8
      10
       8
      10
      20
       9
      10
      11
       8
       8
      10
       7
       7
      12
       8
       4
       8
       7
       7
      10
       5
       9
       7
      11
       9
      14
       6
      11
       8
       9
      10
      11
      10
       9
       9
       5
       4
       9
      11
      10
       8
       4
       9
      10
       6
      11
       8
      12
       6
       9
      13
       8
       6
       7
      13
      11
      10
       5
      11
      12
       8
       8
       5
       7
       5
       5
       6
       8
       4
       7
      11
       7
       6
       8
      10
       5
       6
      12
       9
       5
       4
       3
       6
       8
       8
       8
       7
       6
      13
       6
       6
      10
       6
       4
       7
      10
      12
       6
       6
       9
       7
       7
       9
       3
      10
      15
       3
       7
       6
       5
      16
       3
       8
       9
       4
       3
      14
      11
       5
      11
       3
      10
       3
       8
       6
       6
       9
       8
       5
       6
       4
       6
       9
       1
       6
       7
       5
       6
      13
       5
       6
       8
       4
      10
       5
      12
       7
       6
      11
       3
       7
       6
       1
       7
      10
      10
       6
       4
       5
       6
      12
       7
      10
       4
       8
       8
       3
      13
       5
      10
       5
       4
       7
       5
       2
       9
       5
      14
      13
       5
       7
       6
       7
       4
       5
       4
       9
       3
      14
       8
       3
       3
       6
      10
       6
       2
       4
       4
      12
       5
       7
       4
       6
      10
       6
       5
       6
       7
      10
       5
       7
       7
       4
       4
       4
       2
      10
       6
       5
       3
       2
       1
      10
      10
       5
       5
       5
       8
       5
       6
       5
       7
       7
       4
       5
       4
       4
       4
       4
       5
       4
      11
       8
       5
      13
       7
      11
       9
       5
       7
       3
      11
       5
       6
       3
       6
       3
       6
       8
       5
       7
       4
       6
       8
       3
       7
       6
      10
       4
       9
       7
       2
       2
       4
       8
       5
       6
       5
       3
       4
       5
       5
       7
       8
       5
       5
       6
       5
       6
       5
       5
       7
       5
       6
       4
       7
       7
       8
       5
       6
       4
       7
       5
       3
       8
       5
       7
       8
       8
       9
       8
       2
       9
      10
       9
       4
       2
       5
       5
       7
      12
       6
       4
       6
       3
      11
       5
      10
       9
       2
       4
       8
       8
       8
       4
       3
       3
       1
       4
       7
       4
       6
       6
       3
       3
       7
       8
       5
       2
       5
       7
       6
       2
       3
       3
       6
       6
       4
       5
       7
       6
       8
       9
      10
       4
       3
      13
       4
       5
      10
       9
       3
       9
       6
       3
       4
       5
       6
       8
       6
       5
       6
      10
       2
       6
       6
       5
       7
       1
       8
       2
       7
       8
       6
       3
      10
       7
       4
       5
       5
       4
       2
       7
       5
       1
       5
       4
       3
       4
       6
       3
       8
       8
       7
       5
       7
       6
       6
       8
       3
       5
       5
       4
       3
       7
       2
       5
       7
       6
      12
       9
       9
       3
       5
       2
       5
       6
       8
       3
       7
       6
       4
       7
       6
       5
       9
       7
       5
       8
       6
       6
       5
       2
      10
      12
       5
      10
       8
       9
       7
       6
       8
       9
      12
       9
      12
       7
       8
      10
      10
      11
       8
       9
       6
      10
       8
      13
      13
       9
      10
       9
      13
      12
       8
      12
      12
      17
      12
      19
      14
      17
      20
      10
      16
      16
      19
      16
      15
      19
      19
       8
      17
      21
      31
      30
      21
      29
      41
      28
      33
      34
      48
      43
      30
      34
      35
      50
      43
      33
      31
      46
      39
      53
      52
      35
      42
      48
      47
      57
      49
      52
      57
      52
      50
      49
      42
      31
      34
      25
      21
      24
      26
      11
      18
      18
      15
       8
      16
      12
       8
      14
      16
       8
      14
       9
      15
       7
      11
      12
      14
      13
      12
      12
       8
      15
      12
      19
      17
      17
      11
      15
      14
      12
       8
      13
      22
      18
      12
      18
      16
      14
      20
      14
      17
      18
       9
      12
      17
      25
      14
      15
      17
      12
      18
      11
      14
      20
      20
      18
      19
      20
      27
      16
      19
      24
      30
      13
      24
      18
      24
      19
      13
      19
      24
      22
      20
      25
      30
      31
      22
      33
      25
      18
      25
      27
      25
      30
      26
      31
      30
      19
      28
      23
      28
      27
      29
      25
      27
      35
      33
      29
      21
      33
      26
      21
      36
      34
      33
      26
      34
      36
      42
      36
      34
      37
      32
      55
      40
      52
      34
      46
      47
      42
      56
      45
      47
      49
      45
      52
      43
      48
      54
      63
      52
      53
      56
      52
      42
      57
      58
      58
      66
      44
      52
      58
      70
      59
      66
      78
      62
      84
      71
      71
      74
      77
      78
      76
      95
      87
      93
      82
      84
      91
     102
     107
     100
      96
     118
     112
     122
     110
      99
     122
     137
     119
     127
     144
     144
     166
     205
     219
     237
     297
     372
     450
     543
     711
     794
    1004
    1113
    1353
    1533
    1679
    1924
    1996
    2193
    2231
    2258
    2182
    2242
    2334
    2267
    2304
    2303
    2463
    2623
    2765
    3000
    3110
    3382
    3687
    3758
    3791
    3817
    3796
    3646
    3541
    3116
    2900
    2484
    2190
    1929
    1526
    1316
    1115
     857
     697
     538
     427
     314
     209
     191
     158
     110
      82
      71
      62
      54
      42
      37
      35
      33
      28
      35
      27
      36
      32
      33
      31
      24
      39
      22
      40
      23
      40
      38
      29
      39
      33
      39
      34
      52
      49
      39
      34
      31
      46
      39
      35
      38
      43
      37
      45
      39
      35
      46
      42
      41
      47
      56
      48
      53
      43
      45
      55
      65
      57
      65
      52
      56
      54
      49
      65
      53
      79
      79
      83
      67
      80
      65
     106
      86
     103
      81
      83
     103
     100
     118
     113
     115
     113
     109
     134
     103
     124
     124
     123
     117
     116
     116
     134
     135
     120
     128
     143
     143
     131
     168
     161
     195
     198
     235
     324
     353
     430
     483
     583
     691
     815
     943
    1039
    1145
    1165
    1263
    1344
    1405
    1433
    1377
    1346
    1220
    1156
    1078
     969
     873
     717
     692
     511
     425
     351
     284
     243
     207
     159
     164
     171
     182
     169
     170
     221
     214
     263
     255
     328
     342
     355
     350
     390
     402
     430
     366
     359
     343
     314
     304
     252
     236
     183
     171
     137
      82
      95
      64
      45
      52
      33
      35
      26
      21
      21
      12
      13
      10
       4
       9
       9
       7
       9
       9
       8
      12
       5
       5
      12
       9
       6
      11
       8
       8
       6
       4
       6
       9
       6
      14
       5
       5
      10
       4
       6
       7
       8
       6
       8
       8
       5
       9
       5
       2
       9
       9
       8
       4
       5
       5
       5
       3
       9
       8
       7
      15
      10
       8
       5
       6
       6
      11
       9
       8
       7
       4
       8
       6
       8
       6
       5
      13
       8
      10
       6
       6
       2
      10
       8
       7
       7
       8
      10
      11
       6
      10
      10
       7
       7
       7
       5
       8
       8
      10
       8
       9
       5
      12
       4
      10
       7
       9
       6
       5
       4
      11
       4
       9
       6
       4
       7
       9
       8
       3
      10
       4
       7
      11
       7
       6
       7
      10
      10
       6
       9
       9
       6
       6
       3
      13
       6
       9
       4
       7
       2
       4
       5
       5
      10
       8
       4
       9
       4
      15
       8
      10
      12
      17
      35
      36
      38
      44
      58
      70
      84
      93
      87
     108
     118
     105
     110
      98
     107
      99
      84
      87
      57
      57
      57
      46
      52
      30
      21
      13
      22
      14
       8
      11
       7
       3
       8
       0
       3
       3
       2
       2
       3
       0
       2
       1
       0
       1
       0
       2
       0
       3
       4
       0
       2
       3
       1
       0
       1
       1
       3
       0
       2
       0
       2
       4
       0
       1
       0
       2
       2
       0
       5
       2
       1
       0
       1
       2
       0
       3
       2
       2
       3
       1
       2
       1
       2
       2
       2
       4
       0
       0
       1
       0
       4
       1
       2
       1
       2
       0
       4
       0
       2
       0
       0
       1
       0
       1
       0
       1
       3
       1
       1
       1
       1
       1
       1
       1
       0
       0
       0
       2
       1
       3
       1
       1
       0
       1
       2
       1
       0
       0
       0
       3
       3
       2
       1
       0
       1
       0
       3
       1
       3
       2
       2
       0
       1
       2
       0
       0
       1
       4
       4
       2
       1
       0
       4
       4
       2
       1
       2
       1
       1
       1
       3
       1
       0
       3
       0
       2
       4
       3
       2
       2
       1
       4
       1
       4
       1
       6
       1
       3
       2
       1
       2
       3
       0
       1
       1
       3
       2
       0
       3
       0
       1
       0
       2
       3
       1
       4
       3
       0
       1
       2
       5
       0
       2
       5
       4
       2
       2
       1
       0
       1
       0
       1
       1
       2
       4
       2
       2
       2
       2
       2
       1
       2
       0
       0
       2
       1
       1
       1
       2
       2
       1
       2
       3
       0
       2
       2
       1
       3
       1
       3
       2
       2
       1
       1
       2
       7
       0
       1
       5
       4
       2
       3
       0
       2
       3
       5
       0
       1
       1
       1
       2
       2
       0
       4
       1
       2
       2
       0
       1
       1
       3
       3
       2
       3
       1
       1
       4
       3
       4
       0
       2
       1
       2
       0
       1
       6
       3
       1
       2
       1
       1
       3
       2
       2
       0
       1
       1
       1
       0
       3
       4
       1
       4
       2
       0
       3
       5
       3
       1
       3
       5
       1
       4
       7
       4
       1
       4
       4
       2
       4
       2
       5
       1
       5
       1
       6
       5
       3
       1
       2
       1
       0
       3
       1
       3
       1
       4
       4
       2
       4
       0
       1
       0
       4
       5
       2
       2
       2
       0
       1
       2
       3
       2
       3
       2
       2
       5
       4
       3
       5
       4
       4
       5
       2
       4
       5
       2
       6
       2
       2
       4
       4
       1
       1
       3
       2
       1
       0
       4
       3
       0
       4
       1
       1
       3
       2
       1
       0
       4
       3
       0
       0
       4
       3
       1
       0
       2
       2
       2
       0
       4
       4
       1
       2
       1
       1
       1
       3
       0
       0
       3
       2
       0
       4
       2
       2
       0
       3
       3
       2
       3
       3
       1
       1
       3
       4
       2
       0
       2
       2
       1
       1
       4
       3
       3
       1
       2
       4
       3
       4
       3
       1
       4
       1
       3
       1
       3
       0
       3
       2
       3
       4
       3
       2
       1
       3
       3
       0
       0
       2
       4
       1
       3
       4
       2
       5
       3
       0
       3
       4
       0
       1
       2
       1
       1
       3
       0
       1
       1
       1
       2
       1
       2
       1
       0
       4
       1
       0
       0
       1
       0
       1
       2
       0
       3
       4
       3
       2
       1
       3
       1
       1
       2
       0
       2
       3
       3
       1
       6
       1
       2
       1
       0
       0
       3
       2
       0
       1
       4
       3
       2
       3
       3
       1
       2
       4
       1
       3
       1
       2
       0
       2
       1
       7
       3
       3
       2
       2
       0
       0
       4
       1
       2
       0
       2
       0
       4
       0
       4
       1
       3
       1
       1
       1
       5
       2
       1
       4
       1
       0
       1
       1
       0
       1
       3
       3
       1
       2
       1
       3
       2
       2
       2
       2
       2
       4
       6
       3
       0
       4
       4
       3
       2
       4
       2
       3
       2
       0
       2
       2
       3
       3
       2
       5
       0
       4
       1
       0
       3
       2
       0
       2
       0
       1
       1
       2
       3
       3
       4
       2
       2
       4
       2
       3
       4
       3
       0
       5
       2
       3
       0
       1
       1
       4
       2
       4
       1
       2
       1
       2
       3
       2
       1
       4
       2
       2
       1
       2
       2
       3
       2
       1
       4
       5
       4
       3
       2
       1
       2
       1
       0
       0
       1
       0
       0
       0
       1
       0
       1
       0
       0
       0
       0
       1
       0
       0
       0
       0
       1
       0
       0
       0
       0
       0
       0
       0
       0
       0
       0
       0
       0
       0
       0
       0
       0
       0
       0
       0
       0
       0
       0
       0
       0
       0
       0
       0
       0
       0
       0
       0
       0
       0
       0
       0
       0
       0
       0
       0
       0
       0
       0
       0
       0
$ROI:
1
763 797
$PRESETS:
Real Time
1200
0
$ENER_FIT:
0.000000 0.045181
$MCA_CAL:
3
0.000000E+000 4.518135E-002 0.000000E+000 keV
$SHAPE_CAL:
3
0.000000E+000 0.000000E+000 0.000000E+000
