$SPEC_ID:
This is sample 008.
$SPEC_REM:
DET# 3
DETDESC# JLAB-20 MCB 131
AP# Maestro Version 7.01
$DATE_MEA:
03/08/2023 16:43:48
$MEAS_TIM:
58 60
$DATA:
0 2047
       0
       0
       0
       0
       0
       0
       0
       0
       0
       0
       0
       0
       0
       0
       0
       0
       0
       0
       0
       0
       0
       0
       0
       0
       0
       0
       0
       0
       0
       0
       0
       0
       0
       0
       0
       0
       0
       0
       0
       0
       0
       0
       0
       0
       0
       0
       0
       0
       0
       0
       0
       0
       0
       0
       0
       0
       0
       0
       0
       0
       0
       0
       0
       0
       0
       0
       0
       0
       0
       0
       0
       0
       0
       0
       0
       0
       0
       0
       0
       0
       0
       0
       0
       0
       0
       0
       7
      23
      18
      19
      19
      21
      20
      25
      24
      18
      21
      17
      20
      20
      23
      26
      25
      13
      18
      21
      12
      12
      18
      19
      20
      18
      17
      23
      18
      11
      18
      22
      19
      15
      14
      19
      25
      23
      18
      12
      18
      17
      12
      15
      14
      12
      20
      13
      24
      15
      19
      22
      16
      23
      15
      12
      16
      11
      17
      20
      12
      21
      18
      21
      16
      16
      16
      13
      14
      14
      20
      17
      10
      20
      13
      14
      20
       9
      19
      17
      20
      24
      24
      17
      14
      20
      13
       8
      16
      16
      16
      13
      16
      16
      19
      20
      15
      10
      12
      20
      13
      16
      21
      18
       8
      15
      15
      13
      18
      17
      18
      14
      15
      22
      13
      17
      13
      12
      16
      14
      13
      17
      16
      16
      20
      14
      18
      20
      19
      14
      21
       9
      13
      10
      14
      20
      15
      18
      18
       7
      14
      13
       6
      13
      18
      15
      15
      13
      12
      11
      13
      13
      12
      10
      13
      12
      18
      19
      15
      13
      14
      16
      12
       7
      15
      12
       4
      13
      13
      11
      14
      12
      12
      13
       7
      13
       7
      10
      11
      21
      20
      13
      19
      12
       6
      14
       9
      13
      12
      16
       9
      10
      15
       8
      13
      12
       9
       7
       8
      12
      14
       6
      12
       7
      12
      11
      14
       7
      10
      11
       8
      18
       3
       7
       8
       8
       8
      14
      10
       7
       8
      15
       8
       5
       6
      11
      10
       7
      10
       5
      14
      12
      14
      14
       3
       7
      12
      14
      11
      12
       6
       4
       8
       5
       5
       7
      12
      11
      10
      14
       4
       4
       3
      10
       7
       7
       9
      10
       9
       4
       8
       7
      15
       6
       8
       8
      13
       8
       5
       3
       9
       6
       5
      11
       6
      10
       9
       6
       9
       9
       5
      15
      12
      10
       5
      12
       8
       9
      16
       7
       4
       8
       6
       7
       8
      10
       9
       7
       5
       3
       8
       7
       9
      10
      12
       7
       6
      11
       8
       6
       6
       7
       7
       6
       9
       5
       7
       7
       8
       8
       8
       8
      11
      11
       6
       6
       1
       8
       6
      10
       7
       4
       5
       6
      10
       5
      13
       7
       8
       7
      12
       6
      11
       4
      10
       8
       5
       4
      11
       8
      13
      11
      10
       5
       9
       8
       3
       6
       7
       8
       5
       8
       8
       8
      11
       6
       8
       6
       8
      11
       6
       4
       8
      11
      10
      10
       4
       5
       6
       3
      10
       3
       5
       6
       6
      10
      11
       3
       9
       7
       8
       5
       3
       5
       9
       5
       4
       8
       8
       8
      10
       7
       7
       2
       7
       6
       5
       7
       5
       4
       8
       4
       5
      10
       9
       7
       9
       7
       5
      10
       8
       4
      13
       7
       7
      10
       1
       9
       4
       6
       7
       6
       7
       6
       7
       7
       7
       8
       8
       4
       7
       6
       6
       7
       7
       5
       7
       6
       5
       5
       7
       8
       4
       4
       5
      10
       3
       5
       7
       3
       2
       5
       6
       5
       5
       5
       3
       7
       2
       5
       2
       7
       7
       3
       6
      12
       5
       8
       4
       5
       7
       8
       5
       5
       6
      10
       9
       4
       7
       4
       7
       9
       6
       5
       8
       3
       9
       5
       4
       2
       5
       4
       4
       6
       7
       2
       5
       4
       3
      10
       8
       7
       5
       6
       9
       6
       3
       5
       6
       3
       4
       7
       7
       5
       4
       9
       6
       6
       7
       6
       9
       8
       5
       4
       5
       3
       7
       4
       3
      13
       8
       5
       8
       7
       6
       3
       2
       2
       1
       5
       4
       6
       4
       4
       4
       7
       2
       4
       5
       6
       4
       7
       9
       7
       7
       4
       8
       9
       7
       6
       6
       4
       5
       8
       4
       4
       6
       6
       2
       8
       7
       5
       9
       4
       7
       6
       5
       2
       4
       3
       6
       4
       8
       7
       8
       3
       6
      11
       2
       4
       7
       7
       3
       4
       5
       5
       3
       9
       3
       2
       4
       7
       3
       7
       7
       4
       7
       5
       4
       2
       3
       2
       9
       5
       9
       2
       5
       3
       6
       5
       5
       2
       5
       8
       5
       1
       7
       1
       6
       4
       1
       3
       3
       2
       9
       4
       3
       3
       6
       4
       4
       7
       5
       9
       5
       7
       6
       6
       8
       5
       5
       6
       3
       2
       2
       4
       4
      10
       5
       6
       6
       5
       5
       0
       6
       2
       5
       2
       5
       4
       7
       5
       8
       5
       4
       3
       5
       3
       3
       4
       4
       4
       2
       1
       7
       3
       6
       5
       4
       6
       3
       6
       7
       4
       4
       5
       3
       0
       2
      10
       5
       8
       7
       7
       3
       2
       5
       5
       5
       9
       7
       3
       2
       3
       2
       5
       2
       4
       1
       2
       5
       6
       7
       2
       5
       3
       2
       1
       7
       9
       8
       4
       5
       6
       8
       5
       8
       2
       6
       6
       5
       2
       4
       3
       4
       5
       6
       4
       3
       7
       6
       6
       1
       1
       4
       1
       8
       6
       7
       7
       3
       7
       6
       4
       4
       5
       6
       4
       4
       1
       4
       3
       5
       3
       1
       7
       6
       6
       3
       4
       4
       2
       5
       4
       0
       4
       5
       4
       6
       5
       6
       6
       5
       5
       3
       9
       4
       5
       6
       4
       5
       5
       4
       3
       6
       6
       5
       3
       5
       3
       3
       7
       6
       5
       5
       2
       3
       5
       7
       5
       3
       3
       4
       7
       7
       5
       4
      16
       6
       3
       7
       4
       1
       6
       7
       3
       5
       7
       3
       5
       5
       7
       5
       8
       3
       7
       9
       2
      10
       8
      10
       8
      10
       9
       9
      16
       7
       4
       8
      10
       9
      14
       5
      12
      10
       6
      10
       9
       5
       6
      13
      11
       9
      16
      17
      14
       6
       6
       9
      12
      12
      12
      12
      11
       7
      12
       9
       7
      19
      13
      13
      14
      17
      18
      15
      14
      21
       8
      16
      16
      16
      25
      17
      17
      21
      19
      23
      23
      20
      33
      25
      33
      23
      26
      18
      25
      22
      27
      26
      23
      25
      27
      28
      31
      32
      31
      26
      27
      36
      39
      36
      33
      38
      31
      37
      34
      31
      31
      29
      35
      39
      33
      40
      26
      36
      30
      39
      31
      34
      21
      29
      23
      23
      14
      20
       4
      18
      13
      15
      12
      14
      15
      15
      13
      11
      11
      12
      11
      10
      13
      12
       7
       5
      11
      11
      13
      10
      11
      11
       6
      10
      11
       6
       8
      10
       7
       9
      14
      12
      12
      11
      18
       8
      14
       7
      12
      19
      19
      10
      11
      13
      16
      22
      13
       8
      12
       9
       6
      16
      14
      16
      15
       9
      16
      13
      10
      12
      11
      12
       9
      11
      15
      17
      13
      11
       8
      18
      17
      11
      10
      24
      15
      15
      15
      12
      18
      17
      18
      18
      15
      11
      21
      20
      25
      18
      23
      14
      14
      26
      14
      28
      11
      18
      18
      26
      21
      13
      18
      20
      16
      17
      18
      25
      21
      15
      20
      21
      16
      22
      23
      27
      24
      17
      22
      24
      17
      22
      28
      14
      26
      15
      16
      16
      27
      28
      29
      27
      22
      26
      24
      24
      19
      41
      28
      20
      25
      33
      28
      26
      30
      34
      38
      28
      25
      30
      38
      33
      38
      31
      37
      42
      37
      36
      38
      46
      49
      34
      29
      37
      48
      38
      49
      42
      37
      37
      46
      48
      39
      54
      44
      49
      55
      39
      45
      45
      41
      51
      46
      53
      48
      53
      44
      41
      45
      69
      60
      62
      65
      68
      59
      68
      67
      58
      70
      65
      59
      71
      90
      80
      74
      63
      76
      55
      76
      61
      67
      81
      70
      91
      75
      82
     101
     115
     109
      82
      95
     112
     108
      98
     131
     128
     153
     163
     131
     212
     188
     224
     239
     284
     316
     320
     347
     408
     458
     440
     506
     588
     654
     688
     719
     861
     858
     954
     987
    1001
    1035
    1178
    1165
    1245
    1350
    1359
    1427
    1456
    1527
    1592
    1645
    1672
    1752
    1743
    1842
    1926
    1867
    2046
    2073
    2005
    2093
    2204
    2197
    2177
    2182
    2211
    2153
    2096
    2186
    2113
    2002
    1986
    1975
    1904
    1748
    1772
    1678
    1485
    1456
    1436
    1288
    1137
    1113
     991
     896
     810
     687
     646
     658
     533
     427
     385
     371
     312
     288
     251
     198
     197
     193
     147
     131
     108
     114
     103
      76
      82
      61
      68
      63
      55
      56
      51
      43
      42
      57
      39
      41
      29
      33
      41
      25
      38
      41
      32
      31
      24
      37
      32
      29
      26
      32
      40
      26
      24
      32
      37
      39
      36
      18
      41
      31
      41
      25
      43
      29
      43
      29
      23
      42
      41
      43
      48
      41
      36
      38
      36
      41
      48
      46
      50
      44
      47
      45
      49
      41
      41
      51
      55
      49
      52
      60
      58
      62
      59
      66
      71
      65
      65
      60
      58
      83
      65
      71
      77
      74
      73
      87
      85
      88
      84
      76
      89
      76
      66
     101
     103
      89
     102
      98
      89
      99
      97
      75
      99
     108
     128
     102
     104
     129
     123
     118
     113
     127
     147
     155
     145
     186
     182
     181
     204
     240
     247
     265
     303
     343
     346
     422
     389
     452
     500
     536
     585
     598
     635
     699
     734
     746
     806
     786
     763
     825
     846
     902
     840
     938
     847
     822
     851
     782
     784
     746
     744
     660
     674
     626
     597
     575
     506
     481
     425
     401
     377
     346
     337
     324
     297
     277
     280
     240
     267
     247
     230
     232
     246
     248
     255
     256
     234
     244
     256
     227
     241
     249
     258
     247
     254
     257
     247
     246
     239
     217
     224
     199
     196
     184
     211
     156
     169
     131
     144
     128
     114
      91
     103
      94
      78
      70
      77
      43
      43
      33
      27
      46
      35
      30
      21
      22
      24
      18
      11
      13
      22
      20
      10
       8
       8
       7
      13
       7
       5
       9
       8
      13
       8
      11
      12
       6
       5
      10
       9
       2
       4
       8
       7
       5
      10
       2
       6
      10
      10
       5
      10
       4
       4
       6
       8
      13
       4
       7
       2
       7
       1
       6
       7
       9
       6
       4
       3
      14
       7
       8
       2
       7
       7
       6
       2
       5
       4
       5
       6
       5
       2
       9
       5
       9
       9
      11
       3
      11
       8
      15
       5
       8
      11
       6
       7
       8
       6
       4
       9
       8
       9
       7
       6
       6
       7
       7
       3
       8
       1
       6
       6
       4
       7
       5
       4
       2
       3
       5
      12
       5
       4
       2
       8
       3
       3
       4
       2
       5
       4
       7
       8
       5
       4
      12
       6
       9
       5
       6
       3
       6
      11
       6
       7
       9
       7
       6
       6
      10
       9
       3
       9
       4
       2
       8
       4
       6
      11
       8
       5
       9
       7
       5
       8
       9
       2
      12
       9
       5
       6
       5
       9
       6
       8
       6
       8
       7
       8
       6
       3
       8
       7
       3
       3
       6
       6
      11
      10
       5
      15
       7
      19
      11
      16
      16
      18
      23
      25
      25
      34
      34
      35
      40
      34
      38
      38
      55
      53
      53
      59
      61
      52
      60
      71
      76
      78
      62
      78
      90
      77
      56
      74
      76
      71
      75
      59
      63
      73
      57
      55
      39
      46
      45
      23
      28
      36
      28
      24
      24
      16
      25
      19
       6
       9
      14
       6
       9
       6
       7
       3
      11
       7
       2
       2
       5
       4
       7
       0
       4
       1
       1
       4
       2
       3
       0
       2
       5
       1
       1
       2
       2
       1
       1
       1
       0
       2
       1
       0
       0
       1
       0
       3
       1
       1
       3
       1
       0
       1
       0
       1
       3
       1
       1
       1
       2
       1
       2
       3
       2
       1
       5
       3
       3
       3
       2
       0
       2
       0
       2
       0
       0
       0
       0
       2
       2
       1
       2
       2
       3
       0
       2
       0
       0
       2
       0
       1
       1
       1
       0
       0
       1
       1
       1
       4
       3
       1
       2
       1
       1
       0
       1
       1
       0
       0
       2
       0
       0
       1
       1
       1
       4
       1
       1
       2
       2
       1
       2
       2
       3
       1
       0
       0
       3
       1
       1
       2
       1
       1
       1
       1
       3
       2
       1
       3
       0
       2
       3
       0
       2
       2
       1
       1
       4
       0
       2
       0
       1
       4
       2
       2
       3
       1
       1
       1
       3
       0
       2
       4
       2
       2
       2
       1
       0
       0
       2
       3
       1
       1
       1
       0
       1
       1
       0
       2
       0
       1
       2
       0
       5
       1
       2
       1
       1
       0
       1
       1
       1
       0
       1
       1
       0
       1
       0
       1
       0
       1
       0
       1
       2
       0
       2
       0
       0
       1
       2
       1
       0
       1
       0
       0
       1
       0
       1
       0
       0
       0
       0
       0
       0
       0
       0
       0
       0
       0
       0
       0
       0
       0
       0
       0
       0
       0
       0
       0
       0
       0
       0
       0
       0
       0
       0
       0
       0
       0
       0
       0
       0
$ROI:
0
$PRESETS:
Real Time
1200
0
$ENER_FIT:
0.000000 0.033638
$MCA_CAL:
3
0.000000E+000 3.363775E-002 0.000000E+000 keV
$SHAPE_CAL:
3
0.000000E+000 0.000000E+000 0.000000E+000
