$SPEC_ID:
This is sample 008.
$SPEC_REM:
DET# 3
DETDESC# JLAB-20 MCB 131
AP# Maestro Version 7.01
$DATE_MEA:
03/08/2023 16:40:33
$MEAS_TIM:
59 59
$DATA:
0 2047
       0
       0
       0
       0
       0
       0
       0
       0
       0
       0
       0
       0
       0
       0
       0
       0
       0
       0
       0
       0
       0
       0
       0
       0
       0
       0
       0
       0
       0
       0
       0
       0
       0
       0
       0
       0
       0
       0
       0
       0
       0
       0
       0
       0
       0
       0
       0
       0
       0
       0
       0
       0
       0
       0
       0
       0
       0
       0
       0
       0
       0
       0
       0
       0
       0
       0
       0
       0
       0
       0
       0
       0
       0
       0
       0
       0
       0
       0
       0
       0
       0
       0
       0
       0
       0
       0
       3
       4
      12
       8
      13
       8
       9
       4
       7
       7
       3
       3
       5
       2
       5
       2
       2
       7
       7
       2
      10
       4
       8
       3
       3
       3
       1
       3
       7
       4
       4
       2
       2
       5
       4
       3
       2
       2
       2
       6
       3
       2
       3
       5
       2
       3
       4
       5
       2
       4
       5
       5
       2
       5
       4
       0
       1
       3
       6
       2
       0
       3
       1
       2
       2
       4
       2
       0
       1
       1
       7
       3
      11
       6
       4
       4
       2
       3
       2
       1
       4
       2
       3
       3
       4
       4
       1
       4
       9
       7
       3
       3
       6
       0
       5
       6
       3
       2
       1
       2
       2
       3
       4
       2
       2
       2
       1
       4
       4
       7
       4
       1
       1
       1
       4
       3
       3
       2
       2
       2
       3
       2
       1
       3
       1
       3
       3
       6
       5
       7
       2
       2
       2
       3
       2
       4
       2
       4
       1
       6
       2
       0
       3
       4
       3
       1
       1
       1
       0
       1
       1
       2
       1
       7
       1
       1
       3
       1
       1
       1
       0
       4
       3
       1
       2
       4
       1
       2
       7
       2
       5
       1
       0
       2
       3
       1
       2
       1
       2
       1
       2
       1
       3
       1
       0
       1
       3
       0
       0
       2
       3
       2
       3
       1
       1
       3
       2
       1
       0
       1
       1
       3
       2
       1
       3
       3
       2
       1
       2
       0
       4
       2
       0
       3
       1
       0
       0
       3
       3
       3
       4
       1
       4
       1
       1
       4
       1
       3
       1
       1
       1
       3
       0
       2
       2
       1
       2
       2
       2
       1
       1
       1
       3
       4
       0
       2
       1
       1
       4
       0
       0
       0
       2
       1
       1
       0
       1
       3
       1
       2
       3
       3
       2
       1
       1
       0
       0
       1
       5
       2
       1
       0
       3
       1
       3
       1
       0
       2
       0
       2
       3
       3
       3
       2
       3
       1
       2
       1
       3
       3
       3
       1
       0
       2
       2
       1
       0
       3
       1
       2
       2
       2
       1
       0
       2
       2
       0
       1
       2
       1
       2
       1
       0
       3
       0
       4
       1
       3
       1
       3
       1
       0
       1
       0
       2
       2
       2
       3
       1
       2
       2
       2
       3
       3
       0
       0
       1
       1
       3
       0
       1
       1
       4
       3
       1
       0
       1
       1
       1
       0
       1
       1
       3
       5
       1
       3
       2
       1
       2
       1
       0
       2
       4
       8
       1
       0
       3
       1
       2
       1
       0
       1
       0
       5
       1
       3
       0
       2
       0
       0
       2
       1
       1
       1
       1
       1
       2
       1
       4
       1
       1
       1
       2
       1
       2
       1
       1
       2
       1
       2
       3
       1
       1
       0
       4
       0
       3
       2
       0
       0
       2
       1
       0
       2
       0
       1
       0
       1
       1
       3
       2
       1
       0
       1
       4
       1
       1
       0
       1
       1
       1
       1
       2
       3
       2
       0
       0
       1
       0
       1
       2
       0
       1
       2
       2
       2
       3
       3
       1
       1
       1
       2
       2
       0
       1
       1
       1
       1
       2
       1
       3
       1
       0
       1
       3
       1
       1
       1
       1
       0
       2
       1
       0
       1
       5
       1
       1
       1
       3
       2
       0
       1
       3
       4
       3
       0
       2
       2
       1
       2
       1
       0
       3
       2
       4
       0
       2
       0
       3
       4
       0
       0
       0
       1
       3
       2
       1
       0
       2
       0
       2
       2
       1
       2
       1
       0
       0
       3
       2
       0
       1
       0
       1
       2
       1
       0
       1
       0
       3
       0
       0
       4
       1
       2
       2
       0
       4
       3
       1
       3
       3
       1
       1
       4
       4
       1
       2
       1
       3
       0
       3
       1
       3
       1
       0
       0
       1
       1
       0
       0
       2
       0
       0
       2
       2
       2
       1
       2
       2
       0
       1
       1
       1
       4
       1
       2
       1
       1
       2
       3
       1
       2
       1
       0
       1
       3
       0
       1
       0
       3
       3
       1
       4
       0
       2
       1
       2
       2
       2
       1
       1
       3
       1
       2
       0
       1
       0
       0
       0
       2
       1
       1
       1
       2
       3
       0
       2
       0
       1
       2
       1
       2
       0
       0
       0
       1
       0
       2
       1
       0
       0
       2
       2
       2
       2
       0
       0
       1
       1
       1
       0
       0
       0
       0
       1
       3
       0
       2
       2
       1
       3
       1
       1
       0
       1
       2
       2
       2
       1
       1
       1
       4
       2
       2
       2
       3
       1
       2
       1
       4
       1
       2
       4
       2
       2
       1
       0
       0
       1
       2
       1
       3
       2
       0
       2
       1
       1
       1
       0
       2
       3
       2
       2
       0
       0
       0
       1
       0
       2
       0
       2
       1
       1
       2
       1
       0
       2
       0
       1
       1
       0
       1
       1
       3
       1
       1
       4
       3
       2
       2
       1
       0
       2
       1
       1
       0
       1
       3
       0
       0
       0
       1
       1
       1
       1
       2
       0
       1
       0
       1
       0
       0
       1
       0
       3
       0
       0
       0
       1
       0
       2
       1
       0
       1
       2
       1
       1
       0
       0
       2
       1
       0
       3
       2
       1
       2
       3
       0
       0
       1
       1
       4
       3
       0
       2
       0
       2
       2
       4
       2
       0
       1
       0
       1
       1
       2
       1
       3
       1
       2
       0
       1
       1
       3
       0
       2
       2
       1
       1
       0
       6
       2
       0
       3
       0
       1
       1
       3
       1
       0
       2
       1
       0
       3
       2
       1
       0
       0
       1
       3
       1
       1
       1
       1
       1
       2
       0
       0
       1
       0
       2
       1
       3
       0
       1
       3
       3
       3
       2
       3
       0
       5
       3
       1
       3
       4
       0
       2
       5
       2
       0
       1
       2
       5
       2
       0
       2
       1
       4
       1
       2
       3
       2
       4
       2
       3
       1
       3
       2
       1
       4
       2
       1
       4
       5
       1
       4
       2
       2
       3
       4
       3
       2
       3
       5
       1
       3
       3
       4
       6
       1
       0
       4
       2
       1
       2
       1
       4
       1
       3
       1
       5
       0
       7
       9
       2
       2
       2
       0
       1
       2
       3
       6
       3
       3
       4
       4
       3
       3
       5
       3
       1
       1
       5
       4
       2
       6
       1
       2
       8
       2
       3
       5
       4
       3
       4
       3
       2
       3
       3
       2
       1
       3
       3
       4
       3
       5
       1
       6
       3
       3
       3
       4
       3
       6
       1
       4
       7
       3
       1
       5
       4
       1
       3
       3
       1
       5
       6
       2
       5
       4
       0
       1
       3
       4
       1
       1
       1
       2
       2
       5
       4
       4
       1
       1
       3
       2
       2
       4
       6
       3
       2
       5
       1
       3
       5
       7
       4
       3
       0
       3
       7
       4
       5
       5
       2
       3
       3
       9
       3
       3
       1
       4
       3
       3
       5
       3
       3
       4
       5
       2
       6
       6
       5
       7
       1
       7
       5
       0
       7
       3
       4
       2
       7
       2
       5
       5
       4
       5
       4
       5
       3
       4
       4
       2
       1
       6
       6
       8
       0
       7
       5
       3
       7
       6
       6
       2
       2
       7
       3
       6
       4
       5
       1
       6
       1
       7
       1
       3
       2
       3
       4
       4
       5
       6
       5
       9
       5
       9
       5
       6
       5
       4
       3
       5
       2
       2
       7
       5
       7
       2
       5
       7
       3
       5
       9
       3
       2
       7
       5
       3
       6
       6
       7
       7
      11
       3
       3
       6
       7
      12
       8
       8
      10
       7
      10
       9
       7
      10
       6
       6
      14
      10
      14
      10
       7
       7
      13
       3
       8
       8
      12
      16
      14
      14
      11
      15
      15
      13
      14
      10
      15
      20
       8
      15
      17
      18
      13
      17
      16
      20
      33
      18
      21
      23
      19
      13
      18
      23
      26
      16
      26
      23
      29
      21
      17
      16
      21
      22
      24
      25
      18
      18
      26
      23
      26
      21
      21
      20
      22
      34
      31
      21
      32
      24
      20
      24
      22
      31
      30
      21
      27
      23
      26
      26
      22
      33
      24
      15
      27
      26
      22
      29
      29
      33
      30
      31
      29
      41
      41
      36
      32
      38
      26
      45
      35
      31
      31
      47
      44
      33
      38
      43
      37
      40
      32
      39
      49
      41
      28
      37
      43
      35
      34
      36
      52
      43
      53
      41
      41
      44
      44
      39
      48
      39
      35
      39
      37
      40
      37
      35
      42
      42
      27
      31
      32
      28
      26
      26
      26
      13
      25
      18
      14
       7
      11
      15
       8
       4
       8
      11
       5
       5
       9
       8
       6
       5
       8
       1
       5
       6
       4
       4
       4
       1
       6
       5
       7
       5
       6
       6
       7
       5
       4
       5
       2
       7
       6
       4
       4
       6
       5
      10
       5
       0
       9
       8
       4
       7
       8
       5
       7
       5
       5
       8
       6
       8
       5
       3
       9
       4
      14
      11
       5
      12
       7
       5
       6
      12
       6
      11
      13
       8
       5
       7
      10
       6
      16
      10
      13
      10
       7
      11
       8
      12
       7
       4
       3
      12
      11
       6
      10
       6
      10
       8
      10
      11
      13
      16
      10
       7
       7
      17
       8
       7
       6
      12
       9
       7
      11
       8
       9
      12
      13
      16
      17
      10
       9
      13
       8
       5
      14
       9
      10
       9
      15
      14
      16
      11
       9
      14
      11
      11
      13
      26
      21
      18
      22
      20
      24
      27
      19
      23
      29
      26
      30
      34
      28
      39
      24
      39
      35
      51
      55
      45
      59
      54
      55
      48
      57
      54
      33
      37
      38
      48
      42
      41
      36
      27
      36
      30
      40
      34
      22
      35
      26
      21
      24
      21
      13
      19
      14
      14
      10
      14
      13
      12
      12
      13
      12
      10
      11
      19
      22
      15
      16
      20
      18
      24
      21
      21
      19
      14
      20
      22
      12
      14
      16
      17
      15
      10
      11
      15
      10
       5
       5
      10
       9
       8
       3
       8
       5
       9
       1
       3
       2
       2
       1
       5
       5
       3
       2
       0
       1
       3
       3
       1
       3
       0
       0
       3
       0
       3
       1
       0
       2
       3
       0
       2
       4
       3
       1
       4
       1
       1
       0
       1
       0
       3
       1
       1
       3
       2
       1
       1
       2
       2
       0
       4
       4
       2
       2
       2
       3
       2
       3
       3
       2
       1
       1
       3
       1
       0
       2
       1
       3
       0
       1
       2
       3
       2
       2
       2
       4
       8
       5
       2
       1
       3
       2
       0
       2
       3
       0
       0
       0
       1
       2
       1
       0
       2
       2
       1
       3
       2
       2
       1
       2
       1
       1
       5
       1
       2
       3
       0
       3
       1
       1
       5
       3
       3
       3
       3
       5
       3
       5
       3
       2
       1
       0
       0
       3
       5
       2
       2
       1
       2
       3
       3
       4
       0
       0
       0
       0
       0
       2
       1
       2
       2
       0
       1
       2
       3
       0
       2
       2
       1
       1
       1
       3
       2
       2
       0
       1
       1
       2
       2
       0
       2
       2
       1
       1
       2
       1
       4
       3
       2
       1
       0
       1
       0
       0
       3
       1
       3
       0
       0
       2
       3
       1
       1
       2
       2
       2
       1
       1
       2
       3
       3
       2
       5
       3
       1
       1
       6
       2
       3
       3
       5
       4
       7
       3
       6
       6
      13
      11
       8
       7
      12
      10
      11
      20
      15
      11
      11
       6
      11
       8
      12
      17
      15
      10
       5
      10
       7
      15
       9
       3
       2
       5
       7
       4
       8
       8
       7
       3
       6
       4
       2
       1
       0
       1
       2
       3
       2
       0
       0
       1
       1
       1
       0
       0
       1
       1
       1
       0
       1
       3
       2
       1
       1
       1
       0
       0
       0
       0
       1
       3
       0
       2
       0
       1
       0
       0
       0
       0
       1
       0
       1
       0
       0
       3
       1
       0
       0
       0
       0
       2
       0
       1
       2
       0
       0
       1
       0
       1
       0
       0
       2
       1
       0
       0
       1
       0
       0
       1
       0
       1
       1
       1
       1
       0
       1
       1
       1
       1
       0
       0
       2
       2
       0
       0
       0
       0
       3
       2
       0
       1
       0
       2
       3
       0
       0
       2
       0
       0
       1
       0
       0
       2
       1
       0
       0
       0
       0
       1
       0
       1
       2
       0
       1
       3
       0
       1
       0
       1
       1
       1
       1
       0
       0
       1
       0
       1
       2
       1
       1
       0
       1
       0
       1
       1
       1
       0
       2
       1
       0
       1
       2
       0
       0
       2
       0
       0
       1
       0
       0
       3
       1
       0
       1
       2
       0
       0
       0
       0
       1
       1
       0
       2
       1
       0
       1
       0
       0
       0
       0
       1
       1
       1
       2
       0
       1
       2
       0
       0
       1
       1
       1
       1
       1
       0
       0
       0
       1
       0
       0
       0
       0
       0
       0
       0
       0
       0
       0
       0
       0
       0
       0
       0
       0
       0
       0
       0
       0
       0
       0
       0
       0
       0
       0
       0
       0
       0
       0
       0
       0
       0
       0
       0
       0
       0
       0
       0
       0
       0
       0
       0
       0
       0
       0
       0
       0
       0
       0
       0
       0
       0
       0
       0
       0
       0
$ROI:
0
$PRESETS:
Real Time
1200
0
$ENER_FIT:
0.000000 0.033638
$MCA_CAL:
3
0.000000E+000 3.363775E-002 0.000000E+000 keV
$SHAPE_CAL:
3
0.000000E+000 0.000000E+000 0.000000E+000
