$SPEC_ID:
This is sample 008.
$SPEC_REM:
DET# 3
DETDESC# JLAB-20 MCB 131
AP# Maestro Version 7.01
$DATE_MEA:
03/13/2023 15:27:43
$MEAS_TIM:
28 62
$DATA:
0 2047
       0
       0
       2
      71
   14948
  724801
  882202
  657422
  591353
  529708
  465898
  402150
  342085
  284465
  233184
  187731
  148787
  115714
   88716
   66442
   48748
   35267
   24834
   17215
   11699
    7847
    4984
    3201
    1972
    1193
     788
     362
     249
     135
     108
      57
      39
      28
      32
       8
       8
      11
      12
      10
       7
       5
      15
      10
      12
      13
      11
       7
       8
       7
      12
      12
       7
       8
       5
       4
       3
       4
       6
       3
       3
       7
       6
       4
       3
       6
       3
       4
       6
       6
       2
       7
       8
       8
       5
       4
       7
       9
       8
       4
       5
       6
       5
      10
       3
       1
       3
      10
       3
       4
       3
       5
       3
       6
       7
       6
       4
       5
       2
       4
       4
       9
       7
       2
       3
       2
       3
       4
       4
       1
       4
       5
       3
       7
       1
       5
      10
       2
       3
       5
       5
       6
       5
       5
      10
       6
       6
      11
      10
       8
       9
       7
      10
      13
      10
       9
      13
      11
      16
      21
      22
      14
      20
      18
      26
      19
      22
      20
      19
      30
      28
      27
      22
      33
      39
      26
      33
      51
      54
      63
      55
      70
      60
      66
      91
      81
      75
      84
      97
      75
      82
      78
      79
      69
      73
      65
      57
      43
      35
      28
      34
      32
      22
      21
      21
      14
      12
       7
      13
       8
      15
       7
       8
       6
       4
       5
       6
       3
       7
       7
       8
       8
      14
      11
      16
      16
      14
      11
      21
      16
      15
      12
      25
      23
      20
      30
      27
      26
      34
      23
      27
      27
      26
      30
      20
      12
      14
      17
      13
      16
      12
      18
       9
       9
      10
       6
       7
       9
       7
       4
       8
       4
       3
       5
       3
       1
       3
       4
       4
       6
       3
       4
       6
       3
       6
       2
       4
      11
       1
       1
       1
       3
       3
       3
       3
       2
       1
       1
       2
       4
       1
       2
       2
       3
       1
       5
       4
       2
       5
       1
       3
       5
       2
       2
       2
       1
       5
       3
       5
       5
       4
       2
       1
       5
       2
       3
       3
       1
       2
       2
       3
       3
       2
       1
       3
       2
       7
       4
       4
       7
       7
       3
       0
       3
       5
       4
       5
       2
       3
       3
       2
       6
       5
       2
       1
       4
       0
       2
       3
       5
       4
       7
       5
       6
       6
       4
       5
      13
       5
       3
       1
       2
       3
       6
       9
       2
       2
       4
       9
       3
       4
       7
       7
       5
      10
       3
       7
       3
       6
       1
      10
       5
       7
      12
      13
      10
      19
      22
      25
      34
      50
      47
      58
      89
     119
     133
     165
     209
     226
     294
     372
     438
     478
     519
     598
     652
     726
     766
     809
     827
     871
     859
     912
     874
     840
     806
     736
     741
     663
     605
     549
     481
     392
     331
     291
     210
     192
     161
     111
      98
      80
      62
      47
      40
      23
      15
      21
      11
      19
      25
      20
      29
      23
      42
      41
      58
      58
      87
      94
     115
     124
     142
     181
     167
     212
     205
     237
     245
     263
     274
     251
     258
     248
     257
     241
     243
     220
     213
     191
     149
     143
     136
     123
     105
      87
      88
      72
      55
      32
      41
      24
      34
      18
      15
       4
       7
       6
       2
       2
       2
       5
       3
       3
       2
       0
       1
       1
       1
       1
       0
       3
       0
       3
       1
       1
       1
       1
       3
       2
       1
       0
       2
       4
       0
       1
       3
       1
       4
       1
       3
       1
       0
       1
       1
       3
       2
       0
       1
       3
       0
       2
       0
       0
       1
       1
       4
       2
       1
       1
       0
       2
       0
       1
       1
       4
       3
       1
       1
       0
       1
       0
       2
       2
       3
       3
       3
       0
       0
       4
       1
       2
       0
       2
       1
       1
       1
       2
       1
       2
       1
       3
       3
       3
       3
       1
       2
       0
       0
       2
       2
       3
       1
       1
       1
       0
       1
       1
       3
       3
       1
       2
       0
       1
       3
       2
       1
       2
       0
       4
       0
       1
       2
       1
       0
       2
       1
       1
       0
       0
       0
       0
       0
       1
       2
       3
       5
       1
       2
       1
       2
       0
       1
       2
       3
       1
       2
       1
       0
       1
       1
       2
       2
       1
       0
       1
       2
       2
       1
       2
       2
       0
       0
       1
       2
       0
       0
       1
       2
       2
       0
       1
       2
       1
       1
       1
       0
       1
       0
       1
       2
       0
       2
       2
       1
       2
       1
       5
       0
       3
       1
       0
       2
       0
       0
       0
       4
       1
       2
       0
       2
       0
       0
       1
       0
       1
       1
       0
       1
       1
       1
       1
       0
       3
       1
       3
       2
       0
       0
       1
       1
       0
       2
       2
       2
       3
       3
       0
       1
       1
       0
       1
       4
       0
       1
       1
       0
       0
       1
       2
       0
       0
       0
       3
       2
       3
       1
       1
       0
       0
       1
       1
       0
       1
       2
       5
       0
       0
       0
       2
       2
       2
       1
       1
       1
       0
       0
       4
       5
       1
       1
       1
       3
       3
       3
       1
       1
       0
       1
       1
       3
       5
       2
       0
       0
       3
       4
       2
       0
       2
       2
       2
       1
       1
       2
       2
       4
       2
       0
       1
       2
       1
       3
       1
       1
       1
       2
       2
       3
       1
       0
       2
       3
       0
       3
       0
       1
       1
       0
       3
       1
       6
       1
       1
       3
       1
       1
       0
       2
       1
       2
       2
       1
       1
       1
       2
       3
       1
       0
       0
       3
       3
       4
       1
       1
       1
       1
       1
       0
       5
       2
       3
       0
       0
       1
       2
       1
       2
       3
       4
       2
       3
       1
       3
       3
       2
       2
       0
       6
       3
       2
       1
       4
       1
       1
       0
       1
       4
       3
       0
       2
       2
       1
       0
       1
       6
       1
       6
       1
       0
       1
       1
       0
       1
       0
       2
       4
       2
       1
       2
       2
       1
       0
       2
       2
       5
       1
       4
       3
       3
       0
       2
       4
       3
       1
       1
       5
       3
       2
       5
       2
       3
       2
       6
       5
       1
       2
       5
       2
       5
       2
       7
       3
       5
       1
       2
       2
       5
       2
       2
       1
       1
       5
       3
       2
       5
       1
       5
       2
       1
       2
       3
       2
       2
       1
       1
       2
       4
       6
       2
       3
       1
       7
       4
       4
       3
       5
       2
       2
       1
       2
       2
       2
       2
       6
       1
       9
       1
       6
       1
       1
       1
       3
       8
       6
       9
       4
       2
       4
       1
       5
       1
       1
       2
       4
       3
       3
       3
       3
       6
       5
       5
      13
       6
       2
       2
       3
       3
       7
       3
       6
       6
       4
       3
       3
       5
       9
       3
      10
       2
       5
       4
       3
       8
       6
       9
       4
       5
       6
       5
       8
      14
       8
       8
       4
       8
      15
       6
       9
       9
       6
       6
       3
       6
       6
       9
       8
       7
       7
       5
       9
       5
       8
       6
      10
      11
       8
       7
       6
       6
      10
      11
       5
      17
      14
      12
       6
      12
      20
      15
      21
      13
      13
      13
      15
      12
      13
      12
      16
      17
      16
      16
      17
      13
      16
      21
      17
      15
      15
      22
      16
      15
      14
      21
      16
      16
      17
      21
      19
      21
      22
      28
      19
      21
      19
      15
      28
      29
      25
      23
      21
      27
      21
      32
      29
      21
      28
      29
      26
      22
      30
      36
      35
      34
      46
      39
      23
      52
      54
      39
      50
      51
      51
      45
      59
      59
      59
      52
      57
      55
      64
      60
      53
      71
      58
      67
      66
      78
      82
      63
      79
      61
      73
      72
      79
      68
      74
      63
      79
      56
      72
      53
      57
      74
      67
      73
      71
      65
      73
      46
      65
      56
      60
      44
      49
      50
      50
      54
      35
      50
      47
      41
      40
      39
      34
      32
      42
      44
      44
      27
      27
      32
      45
      25
      31
      26
      26
      32
      21
      26
      36
      27
      32
      26
      31
      29
      15
      27
      20
      28
      19
      25
      18
      19
      23
      27
      18
      29
      17
      24
      18
      22
      23
      16
      11
      15
      21
      25
      15
      18
      18
      19
      19
      19
      15
      11
      18
      27
      17
      21
      16
      18
      15
      20
      19
      12
      12
      10
      20
      16
      17
      10
      15
       8
       9
      18
      18
      20
      14
      15
      12
      13
      18
      14
      23
       7
       8
      15
      16
      12
      13
       6
      21
      11
       7
      13
      11
      16
      16
      12
       6
      12
      10
      13
      11
      21
      19
      12
       6
      14
       7
       9
      15
      15
      13
       7
      18
       8
      16
      10
      10
       9
      14
      13
      16
      18
      14
       9
      11
      12
      10
       7
      10
      11
      10
      12
       9
       6
      15
      11
       7
      10
      13
       9
      11
      11
      20
       5
       7
      12
       5
      10
      12
      16
       9
       6
      10
       5
      17
       9
      11
       8
      16
       8
       4
       7
       8
       9
       7
       9
       8
       5
       8
      11
      12
       7
       9
      12
       9
       8
      10
      11
       9
      13
      12
      11
      16
      27
      23
      30
      46
      41
      48
      50
      57
      60
      71
      94
     113
     123
     117
     122
     122
     142
     146
     155
     125
     151
     142
     120
     122
     123
     107
      96
      76
      60
      71
      52
      43
      36
      28
      23
      14
      17
      10
       9
       9
       4
       4
       1
       5
       3
       1
       1
       2
       1
       1
       0
       1
       0
       0
       2
       1
       2
       3
       2
       0
       2
       2
       0
       0
       0
       0
       1
       1
       1
       0
       1
       2
       3
       2
       0
       2
       0
       0
       2
       0
       1
       1
       1
       0
       1
       2
       0
       0
       0
       1
       2
       0
       4
       0
       2
       1
       1
       0
       0
       2
       0
       1
       2
       2
       1
       1
       0
       1
       3
       0
       2
       1
       1
       1
       2
       2
       1
       2
       0
       3
       0
       2
       1
       0
       0
       0
       1
       0
       0
       0
       0
       0
       1
       0
       0
       1
       0
       1
       3
       2
       1
       0
       0
       3
       0
       1
       0
       1
       0
       1
       1
       1
       1
       0
       0
       1
       0
       1
       0
       1
       1
       1
       0
       3
       3
       1
       1
       2
       2
       1
       0
       1
       1
       2
       1
       2
       0
       3
       0
       1
       1
       1
       2
       1
       1
       1
       2
       3
       2
       4
       0
       1
       1
       1
       2
       2
       0
       1
       2
       1
       1
       0
       2
       0
       1
       0
       0
       3
       0
       0
       2
       0
       0
       0
       0
       0
       1
       4
       3
       0
       2
       1
       2
       2
       1
       0
       2
       3
       1
       0
       1
       1
       1
       1
       0
       0
       3
       1
       0
       0
       0
       0
       0
       0
       1
       1
       0
       2
       0
       2
       0
       1
       0
       3
       2
       1
       1
       3
       1
       1
       1
       2
       0
       0
       2
       0
       1
       2
       2
       1
       0
       1
       4
       0
       0
       4
       0
       1
       0
       1
       2
       1
       0
       0
       0
       1
       2
       0
       2
       2
       1
       0
       2
       2
       1
       3
       1
       1
       2
       1
       1
       2
       1
       2
       1
       1
       0
       2
       1
       0
       5
       3
       1
       2
       0
       2
       1
       0
       0
       3
       2
       3
       0
       5
       1
       0
       3
       5
       1
       1
       4
       0
       1
       3
       2
       0
       0
       2
       1
       0
       1
       0
       2
       2
       0
       2
       1
       1
       2
       3
       4
       1
       0
       2
       1
       1
       4
       0
       2
       2
       2
       2
       2
       3
       2
       5
       3
       0
       1
       2
       3
       3
       5
       3
       1
       1
       3
       4
       1
       2
       2
       2
       1
       2
       2
       3
       3
       2
       0
       1
       0
       1
       1
       3
       3
       1
       1
       1
       0
       3
       3
       0
       0
       2
       1
       2
       1
       2
       2
       1
       2
       1
       1
       1
       0
       0
       0
       0
       1
       0
       2
       0
       4
       0
       0
       1
       1
       2
       2
       2
       2
       1
       4
       0
       4
       0
       1
       0
       0
       1
       1
       0
       0
       1
       0
       1
       2
       0
       0
       2
       2
       0
       0
       0
       0
       0
       0
       0
       0
       2
       2
       2
       1
       1
       1
       1
       0
       0
       1
       2
       0
       2
       1
       0
       0
       2
       1
       2
       0
       1
       2
       0
       0
       1
       0
       0
       1
       0
       1
       0
       1
       0
       1
       2
       0
       0
       0
       1
       1
       0
       1
       1
       1
       1
       2
       0
       2
       0
       4
       0
       1
       1
       1
       0
       2
       2
       0
       0
       0
       0
       2
       3
       1
       1
       0
       0
       0
       0
       1
       1
       0
       2
       0
       3
       0
       0
       1
       0
       0
       2
       2
       1
       0
       3
       1
       2
       0
       1
       0
       0
       2
       2
       0
       0
       1
       2
       1
       1
       0
       2
       1
       0
       4
       0
       1
       4
       2
       0
       0
       0
       0
       0
       0
       1
       2
       0
       1
       2
       0
       0
       1
       3
       3
       3
       0
       2
       0
       1
       1
       4
       0
       2
       2
       2
       3
       1
       0
       3
       1
       1
       0
       1
       1
       2
       0
       2
       1
       1
       2
       1
       1
       1
       0
       0
       1
       0
       0
       1
       2
       2
       1
       1
       1
       1
       2
       0
       0
       1
       0
       0
       0
       0
       3
       1
       2
       3
       0
       2
       0
       2
       1
       7
       0
       2
       1
       3
       2
       1
       3
       3
       0
       0
       0
       0
       0
       0
       0
       0
       0
       0
       0
       0
       0
       0
       0
       0
       0
       0
       0
       0
       0
       0
       0
       0
       0
       0
       0
       0
       0
       0
       0
       0
       0
       0
       0
       0
       0
       0
       0
       0
       0
       0
       0
       0
       0
       0
       0
       0
       0
       0
       0
       0
       0
       0
       0
       0
       0
       0
       0
       0
       0
       0
       0
       0
       0
       0
       0
       0
$ROI:
1
763 797
$PRESETS:
Real Time
1200
0
$ENER_FIT:
0.000000 0.045181
$MCA_CAL:
3
0.000000E+000 4.518135E-002 0.000000E+000 keV
$SHAPE_CAL:
3
0.000000E+000 0.000000E+000 0.000000E+000
