$SPEC_ID:
This is sample 008.
$SPEC_REM:
DET# 3
DETDESC# JLAB-20 MCB 131
AP# Maestro Version 7.01
$DATE_MEA:
03/13/2023 15:18:14
$MEAS_TIM:
27 59
$DATA:
0 2047
       0
       0
       1
      63
   14360
  682156
  832358
  620408
  557511
  499478
  438277
  378345
  320723
  267115
  220008
  176419
  139377
  109214
   83525
   62550
   46013
   33519
   23531
   16538
   11295
    7363
    4768
    3131
    1948
    1200
     850
     414
     229
     155
     102
      59
      45
      27
      20
      18
       9
      13
      10
       8
       7
      14
      12
       8
      10
      11
       8
      13
       9
      14
      13
      11
       9
      15
      14
      10
      10
       4
      10
      10
      13
      15
      12
      12
      25
      16
      12
      29
      33
      35
      27
      33
      33
      24
      30
      36
      25
      18
      26
      32
      33
      26
      30
      21
      22
      16
      15
      17
      14
      15
       6
       9
      12
      11
       7
       8
       9
       7
       3
       4
       7
       8
       6
      10
       8
       9
      10
      11
       5
      12
       9
      11
      12
      10
      14
      10
       9
      11
       9
       9
       5
       4
      10
       7
       8
       7
       6
       4
       5
       5
       1
       4
       4
       4
       5
       3
       2
       6
       4
       3
       6
       3
       6
       6
       3
       1
       6
       5
       4
       7
       3
       6
       3
       4
       3
       2
       6
      10
       4
       2
       6
       5
       6
       4
       3
       4
       7
       5
       5
       3
       4
       6
       3
       9
       3
       6
       5
       5
       4
       1
       6
       6
       1
       5
       3
       7
       2
       3
       0
       3
       8
       2
       3
       4
       3
       2
       4
       6
       2
       4
       6
       3
       2
       4
       2
       2
       1
       5
       2
       9
       4
       4
       2
       5
       3
       7
       6
       4
       3
       7
       6
       2
       2
       4
       3
       6
       3
       3
       2
       3
       7
       4
       5
       2
       2
       2
       2
       0
       2
       3
       7
       5
       4
       4
       2
       3
       2
       3
       8
       8
       3
       3
       3
       2
       6
       3
       3
       4
       3
       2
       4
       3
       4
       8
       3
       3
       5
       5
       6
       3
       7
       6
       4
       5
       4
       7
       9
       8
      11
      13
      14
      31
      19
      26
      38
      63
      49
      74
      73
     122
     105
     136
     138
     153
     152
     176
     183
     179
     188
     168
     165
     189
     178
     175
     157
     147
     128
     112
     103
      89
      77
      73
      56
      44
      41
      26
      24
      20
      16
      10
      24
      21
      21
      31
      27
      30
      38
      47
      41
      36
      56
      53
      50
      60
      61
      66
      60
      54
      43
      52
      42
      42
      29
      35
      33
      26
      24
      23
      14
      23
      12
      12
       9
       8
       5
       2
       6
       4
       6
       4
       3
       4
       3
       5
       1
       0
       1
       1
       0
       0
       2
       0
       3
       1
       1
       3
       2
       2
       2
       2
       2
       2
       1
       1
       4
       0
       4
       2
       3
       1
       1
       1
       1
       0
       4
       3
       4
       3
       2
       0
       4
       2
       0
       1
       3
       0
       0
       3
       0
       2
       3
       2
       1
       2
       1
       2
       1
       0
       2
       3
       2
       2
       2
       1
       1
       0
       2
       2
       2
       0
       2
       3
       0
       3
       4
       2
       1
       3
       4
       1
       2
       3
       2
       3
       2
       4
       3
       1
       0
       2
       2
       4
       1
       2
       2
       0
       0
       2
       3
       1
       1
       3
       1
       5
       5
       2
       1
       2
       5
       2
       3
       5
       3
       1
       1
       2
       3
       2
       0
       1
       1
       2
       3
       1
       1
       1
       2
       3
       2
       2
       0
       3
       2
       2
       0
       1
       2
       3
       2
       2
       3
       2
       3
       2
       2
       2
       2
       1
       6
       1
       1
       4
       1
       1
       0
       2
       4
       4
       0
       3
       1
       3
       2
       1
       2
       0
       2
       1
       1
       2
       1
       1
       4
       2
       0
       1
       3
       0
       0
       0
       0
       4
       1
       1
       3
       2
       2
       2
       1
       1
       0
       2
       5
       1
       2
       1
       2
       0
       0
       2
       1
       0
       0
       2
       2
       4
       1
       1
       3
       0
       1
       0
       1
       1
       3
       2
       2
       1
       0
       4
       4
       0
       2
       1
       1
       2
       2
       1
       1
       3
       2
       1
       1
       3
       1
       2
       1
       1
       0
       3
       0
       1
       1
       3
       2
       2
       2
       2
       1
       3
       1
       2
       0
       1
       2
       1
       0
       2
       1
       3
       1
       2
       0
       0
       1
       1
       1
       3
       1
       3
       2
       1
       4
       2
       0
       1
       2
       1
       1
       1
       2
       1
       1
       3
       3
       1
       1
       0
       2
       3
       1
       1
       2
       2
       1
       3
       1
       0
       1
       2
       1
       2
       1
       5
       2
       1
       2
       1
       0
       0
       2
       0
       2
       0
       1
       2
       1
       2
       1
       4
       1
       3
       2
       7
       4
       1
       5
       4
       6
       6
      10
       6
       4
      11
       5
       4
       3
       3
       3
       5
       2
       3
       1
       1
       2
       4
       6
       3
       3
       1
       4
       1
       4
       4
       3
       3
       1
       2
       2
       2
       5
       2
       2
       2
       1
       5
       2
       2
       5
       2
       2
       2
       1
       2
       4
       1
       1
       2
       1
       1
       3
       3
       1
       1
       2
       2
       3
       4
       1
       2
       4
       4
       3
       3
       1
       3
       3
       1
       1
       0
       3
       5
       1
       3
       2
       3
       3
       0
       6
       2
       1
       1
       2
       2
       2
       3
       2
       4
       4
       3
       3
       1
       0
       2
       6
       2
       4
       4
       0
       8
       1
       1
       1
       8
       9
       7
       2
       2
       4
       5
       5
       4
       7
       5
       4
       1
       5
       3
       6
       3
       1
       3
       3
       5
       3
       4
       3
       5
       4
       4
       1
       2
       1
       8
       3
       0
       0
       4
       2
       0
       3
       2
       4
       7
       5
       1
       4
       3
       4
       5
       5
       6
       8
       5
       7
       3
       5
       5
       6
       5
       4
       5
       4
       5
       9
       4
       9
       2
       5
      12
       3
       9
       4
       5
       7
       6
       8
       7
       4
       6
       5
       5
       2
      10
       8
       9
       8
       4
       4
       4
       6
       5
      12
       6
       2
       6
       5
       8
      10
       3
       7
       9
       9
      10
       8
       7
       5
       5
       6
       6
       2
       8
       9
       5
       5
       4
       7
       7
       7
       7
       9
       8
       4
       8
       7
       5
      11
       6
       3
       4
       5
       8
       4
       2
       7
       9
       5
       7
       6
       9
       3
       6
       7
       8
       9
       5
       8
       7
      12
      11
       6
      11
       3
       3
       4
      12
       7
       5
       5
       7
       9
       7
       4
       6
       6
       8
       5
      10
       7
      10
      10
      13
       9
       7
       6
       7
      15
       8
       9
      12
      10
      11
       8
      10
      12
      14
      14
      13
       8
      12
      10
      17
       7
      10
      17
       6
      16
      16
      15
       9
      13
      16
      10
       7
      12
      14
      11
      13
      11
      12
      26
      18
      19
      17
      20
      20
      16
      16
      14
      13
      20
      22
      24
      15
      24
      20
      28
      29
      19
      32
      28
      26
      35
      39
      20
      34
      24
      34
      31
      27
      43
      31
      32
      36
      42
      35
      44
      31
      47
      37
      48
      43
      42
      38
      51
      58
      38
      55
      59
      50
      54
      52
      59
      65
      54
      60
      61
      71
      84
      63
      83
      69
      76
      78
      68
     102
     101
      97
      82
      96
      83
     105
     103
      96
     117
     115
     118
     113
     124
     147
     133
     149
     143
     134
     148
     155
     165
     155
     203
     161
     212
     234
     211
     245
     240
     241
     253
     249
     256
     274
     275
     254
     263
     296
     275
     303
     296
     249
     285
     290
     276
     281
     275
     258
     277
     239
     280
     267
     257
     244
     207
     221
     206
     223
     204
     193
     181
     170
     166
     171
     167
     168
     132
     159
     142
     134
     112
     127
     123
     119
      96
     100
      94
     103
      78
      93
      89
      93
      69
      80
      81
      84
      68
      82
      72
      66
      76
      58
      63
      61
      73
      68
      57
      51
      63
      42
      65
      38
      56
      56
      56
      28
      47
      40
      44
      50
      43
      34
      29
      44
      30
      43
      29
      37
      31
      27
      37
      28
      36
      32
      27
      32
      26
      29
      33
      31
      21
      27
      18
      29
      16
      28
      22
      30
      33
      21
      24
      14
      29
      23
      17
      27
      20
      13
      20
      15
      22
      20
      15
      22
      26
      16
      23
      26
      18
      22
      19
      20
      27
      19
      19
      14
      17
      10
      22
      18
      28
      19
      14
      11
      14
      15
      17
      15
      17
      20
      17
      17
      24
      14
      19
      18
      16
       9
      20
      17
      17
      20
      13
      19
      11
      10
      10
      27
      16
      23
      23
      11
      10
      12
      11
      16
      14
      20
      18
      18
       9
      12
      16
      18
      22
      11
      12
       6
      15
       8
       8
       8
      12
      13
      13
      14
      15
      10
      11
      21
      14
      16
      11
      19
       9
       6
       7
      13
      10
      15
       9
       5
      10
       9
       7
       7
      13
       9
       6
      11
      10
       8
       9
      12
      12
      11
      13
      16
      15
      20
      24
      36
      38
      34
      40
      60
      63
      56
      54
     105
      96
     101
     108
     124
     110
     107
     143
     112
     111
     123
     133
     111
     116
     118
      86
      87
      72
      59
      48
      42
      55
      37
      29
      30
      14
      14
       8
       9
       6
       6
       3
       4
       2
       0
       0
       0
       3
       1
       0
       2
       0
       1
       1
       1
       1
       0
       1
       1
       0
       1
       1
       1
       1
       0
       0
       1
       1
       0
       1
       1
       0
       1
       1
       0
       1
       1
       1
       0
       1
       2
       0
       2
       0
       2
       0
       2
       1
       1
       1
       2
       0
       0
       0
       0
       0
       0
       0
       0
       0
       1
       0
       0
       1
       1
       2
       1
       0
       0
       0
       0
       0
       0
       1
       1
       0
       0
       1
       2
       0
       2
       0
       1
       0
       1
       1
       2
       4
       0
       0
       0
       1
       1
       1
       1
       2
       1
       0
       2
       0
       3
       1
       0
       1
       1
       2
       0
       0
       0
       2
       1
       1
       1
       1
       0
       2
       1
       1
       1
       1
       0
       0
       2
       0
       0
       2
       1
       2
       2
       0
       2
       1
       3
       0
       1
       2
       3
       0
       1
       0
       4
       1
       0
       2
       1
       1
       0
       1
       2
       1
       3
       2
       1
       1
       0
       0
       2
       1
       1
       0
       1
       1
       1
       0
       1
       1
       0
       0
       1
       0
       2
       0
       0
       0
       0
       1
       0
       1
       0
       1
       1
       0
       0
       2
       0
       2
       0
       0
       0
       0
       1
       0
       0
       1
       3
       1
       0
       1
       2
       2
       2
       1
       1
       0
       1
       1
       4
       2
       1
       1
       2
       1
       1
       2
       2
       4
       1
       2
       2
       1
       1
       1
       2
       3
       0
       1
       0
       0
       1
       1
       4
       1
       1
       0
       0
       1
       0
       1
       2
       1
       1
       0
       4
       0
       1
       2
       0
       1
       1
       1
       2
       2
       1
       4
       0
       3
       0
       2
       3
       1
       1
       1
       2
       1
       2
       3
       3
       1
       1
       3
       0
       1
       2
       4
       3
       3
       3
       2
       2
       0
       5
       3
       5
       3
       1
       4
       2
       3
       0
       1
       0
       2
       0
       2
       2
       1
       5
       3
       2
       2
       2
       2
       0
       3
       2
       0
       0
       0
       3
       2
       2
       1
       2
       2
       2
       1
       3
       4
       2
       5
       3
       1
       0
       4
       4
       2
       1
       3
       3
       1
       2
       1
       8
       5
       4
       0
       1
       1
       1
       0
       2
       0
       0
       0
       1
       1
       2
       1
       2
       1
       0
       2
       1
       4
       3
       0
       3
       1
       1
       0
       1
       2
       2
       1
       3
       3
       1
       2
       0
       2
       0
       2
       0
       2
       1
       0
       1
       0
       0
       1
       1
       2
       0
       0
       0
       0
       0
       0
       3
       1
       2
       0
       0
       0
       1
       0
       0
       0
       0
       0
       3
       1
       2
       1
       1
       1
       1
       3
       0
       2
       1
       0
       0
       3
       1
       1
       0
       0
       4
       1
       0
       1
       1
       0
       1
       1
       2
       3
       4
       3
       2
       2
       1
       0
       0
       1
       1
       1
       1
       1
       1
       1
       2
       2
       1
       0
       1
       2
       2
       2
       2
       0
       1
       1
       0
       1
       0
       1
       1
       4
       0
       1
       1
       1
       0
       0
       0
       3
       0
       0
       0
       1
       1
       1
       0
       0
       3
       1
       0
       3
       2
       0
       1
       2
       1
       1
       1
       1
       1
       2
       0
       1
       2
       0
       1
       1
       2
       3
       1
       0
       1
       1
       0
       0
       1
       1
       0
       4
       1
       0
       0
       2
       2
       1
       2
       1
       0
       2
       1
       1
       0
       1
       2
       3
       1
       0
       2
       1
       1
       0
       2
       1
       1
       2
       0
       2
       0
       2
       2
       2
       1
       0
       1
       2
       1
       1
       0
       4
       0
       3
       1
       1
       4
       0
       0
       2
       0
       0
       0
       3
       1
       1
       0
       2
       1
       0
       2
       0
       1
       1
       0
       0
       2
       4
       1
       2
       2
       1
       1
       0
       2
       1
       0
       1
       3
       0
       0
       2
       0
       0
       2
       0
       1
       1
       0
       0
       0
       2
       2
       4
       2
       0
       0
       0
       0
       2
       2
       1
       1
       1
       0
       1
       4
       4
       0
       0
       1
       0
       0
       0
       0
       0
       0
       0
       1
       0
       0
       0
       0
       0
       0
       0
       0
       0
       0
       0
       0
       0
       0
       0
       0
       0
       0
       0
       0
       0
       0
       0
       0
       0
       0
       0
       0
       0
       0
       0
       0
       0
       0
       0
       0
       0
       0
       0
       0
       0
       0
       0
       0
       0
       0
       0
       0
       0
       0
       0
       0
       0
       0
$ROI:
1
763 797
$PRESETS:
Real Time
1200
0
$ENER_FIT:
0.000000 0.045181
$MCA_CAL:
3
0.000000E+000 4.518135E-002 0.000000E+000 keV
$SHAPE_CAL:
3
0.000000E+000 0.000000E+000 0.000000E+000
