$SPEC_ID:
This is sample 008.
$SPEC_REM:
DET# 3
DETDESC# JLAB-20 MCB 131
AP# Maestro Version 7.01
$DATE_MEA:
03/08/2023 16:31:26
$MEAS_TIM:
57 59
$DATA:
0 2047
       0
       0
       0
       0
       0
       0
       0
       0
       0
       0
       0
       0
       0
       0
       0
       0
       0
       0
       0
       0
       0
       0
       0
       0
       0
       0
       0
       0
       0
       0
       0
       0
       0
       0
       0
       0
       0
       0
       0
       0
       0
       0
       0
       0
       0
       0
       0
       0
       0
       0
       0
       0
       0
       0
       0
       0
       0
       0
       0
       0
       0
       0
       0
       0
       0
       0
       0
       0
       0
       0
       0
       0
       0
       0
       0
       0
       0
       0
       0
       0
       0
       0
       0
       0
       0
       0
      11
      32
      38
      45
      34
      22
      43
      29
      39
      41
      38
      32
      28
      36
      30
      23
      30
      36
      26
      31
      38
      27
      25
      28
      31
      23
      36
      21
      33
      39
      30
      20
      25
      29
      32
      24
      31
      31
      35
      25
      20
      35
      36
      37
      32
      24
      29
      25
      31
      31
      26
      23
      35
      35
      29
      41
      24
      31
      22
      24
      21
      23
      28
      36
      31
      24
      26
      25
      23
      25
      24
      35
      30
      36
      23
      46
      29
      19
      35
      23
      28
      26
      27
      20
      25
      35
      36
      31
      33
      24
      26
      28
      31
      30
      23
      26
      32
      35
      31
      32
      25
      27
      23
      23
      24
      29
      30
      28
      27
      30
      28
      29
      15
      33
      28
      33
      22
      27
      26
      28
      27
      33
      20
      34
      18
      26
      18
      29
      26
      27
      22
      19
      22
      24
      22
      13
      29
      16
      29
      24
      20
      21
      16
      21
      17
      30
      21
      28
      18
      16
      19
      19
      16
      18
      17
      26
      14
      14
      29
      17
       9
      20
      22
      22
      24
      10
      23
      18
      18
      18
      16
      14
      14
      18
      20
      13
      20
      13
      20
      19
      18
      19
      16
      12
       9
      18
      17
      11
      20
      16
      14
      15
      16
      15
      17
      15
      13
      15
      16
      19
      11
      13
      19
      10
      11
      14
      15
      17
      12
      16
      17
      17
      18
      15
      18
      19
      13
      14
      14
      14
      14
      10
      16
      16
      14
      22
       9
      17
      17
      15
      18
      10
      13
      19
      12
      19
      11
      15
      18
      17
      16
      17
      11
      13
      11
      10
      11
       9
       6
      16
      15
      14
      10
       7
      12
      18
      19
      13
       9
      15
      12
      14
       8
      14
      20
      12
      19
      17
      12
      21
       9
      14
      15
      17
      10
      16
      16
       9
      10
      16
      11
      11
      14
       9
      17
       9
       6
      13
       8
      15
      15
       9
      15
      15
      13
      14
      13
      14
       3
      16
      18
      18
      18
      14
      10
      12
      10
      14
      17
      12
      14
      13
       8
      12
      12
      12
      12
       8
      14
      20
      12
      13
      13
      10
      16
       8
      24
       5
      12
       9
      18
      10
      12
       6
      14
      12
      11
      18
       7
      15
       8
      15
      12
      14
      14
      11
      14
       5
      10
      13
      13
      11
      14
       9
       9
       9
      13
       6
      11
      13
      10
      15
      11
      11
      14
      12
      10
      11
      12
       7
      11
      14
      10
       8
      12
       7
      10
       9
       4
       8
       4
      11
      12
       7
       9
      16
      12
       9
      10
      12
       7
      15
       5
      13
      12
      12
       8
      11
      13
      12
       7
       7
      13
      15
       7
       7
      11
       4
      11
       9
      12
      11
      10
       9
       9
      18
       8
      13
       9
       8
      10
      10
       7
       9
      14
       7
      11
       8
       8
      13
      11
      17
      10
      18
      10
      11
       8
       4
       6
       7
       5
       8
      11
       9
       5
       4
       8
      14
      11
       8
       9
       7
      15
      12
      13
      14
      13
      12
      15
      14
      14
      10
      14
       5
      12
      10
      15
       6
      10
       9
      14
       8
       6
       6
      12
       5
       5
      13
      10
      12
       7
       8
       4
       4
      11
      11
       6
       6
       7
       6
      13
      17
       6
       8
      12
       5
      13
      10
      10
       9
       5
       8
       8
       6
       9
      14
       7
       8
       6
       6
       9
       9
      11
       5
       7
      15
      11
       6
       8
       7
      12
       7
       5
       9
       8
      12
       6
       9
      12
      14
      10
       6
       7
      11
       8
       5
       6
       6
       8
      10
       8
       7
      12
      13
       9
      13
       7
       1
       8
      11
      10
       8
       4
       4
       8
       9
       9
      13
       5
       8
      12
       7
      11
      10
      11
       9
      13
      11
      10
       9
       6
       8
      16
       7
       8
       4
       8
      11
       7
       6
       9
      10
      10
       8
       8
       7
      10
       9
       8
       7
       5
       6
      10
       3
       7
       9
       5
      11
       3
       4
       4
       6
      10
       5
       7
      13
       8
       3
       9
      10
      11
       7
       9
       7
       7
       6
       8
       6
       3
       6
       7
       5
       6
      10
      10
       8
       5
       9
      10
      11
       8
       7
       6
       9
       7
       8
      15
      12
       7
       4
       9
       9
      10
       7
      10
       9
       6
       8
      14
      12
      16
       5
      16
       8
       7
       8
      12
       9
      17
      13
       6
      11
       7
      15
       8
      10
      13
      11
      16
       8
      13
       8
      15
       9
       6
      10
       9
       9
      10
       6
       7
      11
      15
      11
      11
      10
       4
       8
       6
       8
      14
       9
       8
       9
       5
       9
      11
       9
      12
       6
      10
      12
      12
       8
       7
       7
       6
      11
      10
       7
       9
       8
       8
      12
       9
       7
      10
       8
      10
       8
       7
       6
       8
      11
       7
       6
       4
      13
       8
       3
       6
       7
       6
      10
       5
       7
      10
       3
      10
       7
      10
       9
      10
      12
       5
      12
       4
      12
      11
       8
       9
       5
       8
       6
       7
       5
      15
       9
      10
       7
      16
       7
       7
      13
       9
       4
       5
      10
      11
      11
       7
      11
       9
       6
      12
       9
       6
       8
       6
       4
       7
       5
      11
       4
       6
       4
       7
       8
      11
      13
       2
       6
       8
       6
       8
      15
       9
      11
       7
       6
       6
       7
       5
       8
       4
       9
      10
      11
       6
      10
      10
      11
      14
       6
       6
      10
      11
      10
       6
      13
      15
      10
       9
       6
       8
       4
       6
      10
       5
       9
      10
      13
      13
      11
       7
       7
      12
      13
      20
      10
      12
      18
      10
      11
      13
      12
      10
      16
      16
      10
      12
      16
      11
      14
       9
      17
      11
      18
      14
      15
      14
      14
      21
      22
      17
      21
      17
      14
      12
      14
      18
      30
      15
      30
      20
      20
      20
      16
      14
      22
      13
      21
      25
      28
      24
      15
      24
      18
      20
      23
      19
      23
      29
      28
      16
      22
      25
      38
      40
      34
      33
      28
      34
      46
      43
      49
      33
      45
      35
      30
      39
      41
      43
      49
      55
      46
      62
      40
      44
      54
      48
      52
      59
      61
      66
      54
      55
      62
      75
      70
      54
      49
      51
      85
      67
      60
      66
      69
      63
      67
      72
      72
      63
      52
      64
      55
      64
      62
      48
      53
      52
      72
      54
      43
      47
      50
      33
      35
      42
      32
      39
      30
      18
      27
      37
      21
      27
      30
      20
      30
      29
      30
      18
      19
      25
      21
      22
      24
      21
      13
      22
      17
      21
      23
      19
      20
      19
      14
      19
      19
      22
      23
      21
      21
      16
      16
      30
      25
      16
      16
      18
      22
      18
      28
      22
      23
      21
      21
      22
      32
      19
      25
      16
      26
      25
      21
      35
      31
      26
      23
      29
      24
      32
      23
      30
      31
      28
      22
      20
      29
      45
      25
      31
      32
      37
      23
      30
      31
      33
      39
      38
      40
      45
      45
      33
      35
      35
      33
      37
      30
      41
      37
      47
      47
      42
      41
      44
      40
      39
      37
      35
      39
      45
      47
      38
      36
      42
      50
      52
      42
      35
      55
      52
      48
      46
      39
      37
      56
      47
      45
      53
      36
      47
      50
      42
      49
      48
      48
      43
      46
      37
      42
      45
      56
      43
      41
      53
      52
      54
      62
      63
      43
      66
      45
      64
      46
      69
      46
      57
      66
      49
      57
      74
      72
      72
      60
      66
      79
      71
      74
      86
      79
      64
      70
      85
      78
      81
      72
      73
      82
      87
      72
      76
      77
      88
      83
      77
      85
      59
      71
     101
      83
     100
      99
      90
      90
      89
     107
      95
      96
     117
     123
     120
      98
     111
     114
      96
     107
     120
     135
     103
     121
     119
     126
     143
     133
     119
     119
     140
     139
     153
     150
     161
     155
     162
     168
     193
     191
     201
     200
     209
     251
     258
     290
     304
     297
     385
     404
     437
     490
     563
     622
     663
     717
     801
     929
    1026
    1121
    1140
    1315
    1392
    1573
    1639
    1767
    1865
    1971
    2115
    2142
    2380
    2448
    2653
    2653
    2806
    2977
    3014
    3143
    3205
    3321
    3551
    3526
    3743
    3689
    3940
    3962
    3878
    4114
    4192
    4276
    4299
    4300
    4366
    4381
    4376
    4320
    4368
    4324
    4242
    4089
    4092
    3848
    3854
    3677
    3531
    3271
    3126
    2938
    2860
    2699
    2409
    2261
    2028
    1778
    1730
    1625
    1478
    1320
    1202
    1078
     934
     887
     763
     677
     591
     587
     510
     425
     383
     342
     312
     311
     298
     262
     225
     197
     180
     174
     173
     151
     130
     115
     118
      95
      98
     112
      85
      75
      73
      64
      87
      70
      73
      81
      53
      40
      59
      59
      60
      40
      65
      52
      53
      57
      45
      48
      54
      50
      61
      63
      57
      47
      53
      53
      59
      52
      73
      53
      68
      68
      60
      69
      71
      60
      71
      68
      77
      84
      65
      71
      74
      80
      98
      90
      91
      80
      67
      94
      92
      92
      86
      79
      81
      95
      96
     127
     111
      99
      99
     122
     105
     128
     130
     108
     116
     121
     134
     125
     141
     127
     124
     155
     155
     149
     148
     174
     146
     157
     170
     167
     201
     154
     161
     187
     157
     179
     222
     191
     212
     227
     213
     250
     267
     262
     276
     281
     354
     391
     378
     440
     456
     537
     589
     577
     673
     730
     776
     841
     872
     908
    1035
    1019
    1088
    1205
    1146
    1261
    1274
    1378
    1385
    1345
    1328
    1402
    1313
    1374
    1312
    1280
    1284
    1198
    1208
    1130
    1164
    1016
    1033
     996
     891
     812
     782
     722
     725
     654
     600
     598
     558
     523
     505
     500
     455
     434
     432
     435
     443
     407
     417
     427
     342
     420
     438
     448
     404
     419
     413
     433
     396
     431
     391
     367
     374
     362
     357
     332
     339
     320
     322
     278
     280
     236
     223
     226
     187
     180
     188
     151
     130
     131
     111
     124
     101
      95
      82
      59
      73
      48
      57
      51
      48
      40
      38
      41
      30
      35
      24
      21
      16
      19
      13
      16
      22
      11
      19
      21
      10
      15
       7
      11
      15
      10
      13
       9
       9
       9
       9
       6
      11
       9
       7
       4
      10
       8
       9
       6
       8
       8
       8
       4
       5
      10
       6
      13
       7
       5
      11
      11
      10
      14
       4
      13
      10
       8
      11
      10
       8
      10
      12
      14
      12
       9
      11
      14
       8
      12
      12
      11
      13
       8
      11
      14
      12
       7
      12
       6
       9
       6
       8
       4
      12
       9
       8
      14
      10
       8
      12
       9
      15
       8
      11
      14
       9
      11
      10
       5
       9
      11
       3
      13
       5
      12
      12
       4
      10
      12
      12
       4
       9
      11
       3
      17
      11
       5
       7
      16
       6
      17
       8
       8
       7
      13
      12
      11
      10
       5
       9
       9
       4
       6
       9
       8
       6
       7
       9
      12
      14
       7
       8
      11
       8
      14
       7
      14
      10
       6
       4
       5
      11
      14
       9
       5
      10
      10
       7
      10
       6
       7
       9
       7
      12
      10
       5
      12
      11
       7
      16
      14
      12
       9
      10
      13
      15
      10
      24
      16
      26
      31
      23
      30
      33
      45
      33
      47
      52
      44
      59
      64
      59
      78
      72
      82
      82
      73
      95
      94
      95
      81
      96
     103
     112
      78
      99
     106
      89
      84
      85
      99
      84
      80
      66
      78
      67
      59
      54
      51
      50
      47
      45
      42
      31
      38
      29
      31
      29
      34
      16
      13
      19
      15
      12
      11
      11
      13
       9
       6
       7
       6
       4
       5
       6
      12
       3
       2
      10
       9
       3
       5
       5
       3
       7
       4
       3
       1
       1
       7
       3
       1
       2
       0
       1
       3
       5
       0
       2
       3
       0
       3
       2
       3
       4
       4
       3
       4
       1
       4
       2
       1
       3
       3
       3
       2
       3
       4
       1
       2
       2
       1
       2
       1
       1
       4
       2
       3
       3
       1
       1
       3
       3
       3
       2
       4
       5
       1
       3
       1
       2
       3
       3
       4
       3
       5
       3
       2
       4
       1
       7
       7
       3
       3
       2
       1
       0
       2
       1
       2
       2
       4
       0
       5
       8
       4
       3
       2
       3
       2
       5
       3
       5
       8
       3
       4
       4
       4
       5
       0
       2
       6
       1
       5
       2
       3
       4
       6
       1
       1
       3
       6
       4
       4
       3
       2
       1
       5
       1
       2
       0
       3
       6
       3
       2
       5
       2
       5
       5
       3
       1
       2
       2
       3
       1
       4
       8
       1
       3
       2
       2
       4
       0
       3
       3
       1
       5
       3
       2
       2
       4
       1
       1
       1
       3
       4
       2
       3
       2
       4
       3
       4
       3
       1
       5
       2
       6
       2
       4
       2
       4
       5
       3
       4
       2
       5
       3
       4
       4
       2
       0
       2
       3
       3
       3
       1
       3
       0
       1
       3
       1
       2
       4
       2
       3
       1
       4
       3
       1
       0
       1
       0
       0
       0
       0
       0
       0
       0
       0
       0
       0
       0
       0
       0
       0
       0
       0
       0
       0
       0
       0
       0
       0
       0
       0
       0
       0
       0
       0
       0
       0
       0
       0
       0
$ROI:
0
$PRESETS:
Real Time
1200
0
$ENER_FIT:
0.000000 0.033638
$MCA_CAL:
3
0.000000E+000 3.363775E-002 0.000000E+000 keV
$SHAPE_CAL:
3
0.000000E+000 0.000000E+000 0.000000E+000
