###################################################################################################
### CosmicWatch: The Desktop Muon Detector
### Device ID: AnneMcLaren
### Launch time: 0:00:06 1/1/2019
### Questions? Email Spencer N. Axani (saxani@mit.edu)
### Event Time Date TimeStamp[ms] ADC1 ADC2 SiPM[mV] Temp[C] Pressure[Pa] DeadTime[us] Coincident ID
###################################################################################################
1	0:00:09	1/1/2019 	2975	640.00	8.00	14.18	24.10	102105.45	191884	0	AnneMcLaren	
2	0:00:13	1/1/2019 	6373	78.00	8.00	6.10	24.09	102107.39	149845	0	AnneMcLaren	
3	0:00:13	1/1/2019 	6722	318.00	9.00	11.33	24.09	102107.39	49821	0	AnneMcLaren	
4	0:00:14	1/1/2019 	7054	68.00	8.00	5.95	24.09	102107.74	1849	0	AnneMcLaren	
5	0:00:17	1/1/2019 	10033	65.00	8.00	5.92	24.08	102109.02	145763	0	AnneMcLaren	
6	0:00:17	1/1/2019 	10658	164.00	8.00	8.40	24.08	102109.36	50569	0	AnneMcLaren	
7	0:00:17	1/1/2019 	10820	677.00	10.00	14.94	24.08	102109.36	1847	0	AnneMcLaren	
8	0:00:18	1/1/2019 	11099	132.00	8.00	7.50	24.08	102109.34	3953	0	AnneMcLaren	
9	0:00:18	1/1/2019 	11481	758.00	19.00	17.91	24.08	102109.34	1848	0	AnneMcLaren	
10	0:00:19	1/1/2019 	12557	635.00	10.00	14.66	24.08	102109.64	97791	0	AnneMcLaren	
11	0:00:22	1/1/2019 	15027	829.00	47.00	22.25	24.07	102110.41	97790	0	AnneMcLaren	
12	0:00:22	1/1/2019 	15887	120.00	8.00	7.15	24.07	102110.25	49821	0	AnneMcLaren	
13	0:00:22	1/1/2019 	15993	378.00	9.00	11.99	24.07	102110.77	1846	0	AnneMcLaren	
14	0:00:23	1/1/2019 	16066	711.00	15.00	16.65	24.07	102110.77	1849	0	AnneMcLaren	
15	0:00:23	1/1/2019 	16862	420.00	9.00	12.34	24.07	102110.72	51788	0	AnneMcLaren	
16	0:00:24	1/1/2019 	17147	109.00	8.00	6.84	24.07	102111.24	1849	0	AnneMcLaren	
17	0:00:24	1/1/2019 	17199	444.00	9.00	12.52	24.07	102111.24	1848	0	AnneMcLaren	
18	0:00:24	1/1/2019 	17382	211.00	9.00	9.55	24.07	102111.24	1848	0	AnneMcLaren	
19	0:00:24	1/1/2019 	17571	558.00	9.00	13.50	24.07	102111.42	49819	1	AnneMcLaren	
20	0:00:25	1/1/2019 	18273	887.00	87.00	27.58	24.07	102111.37	1849	0	AnneMcLaren	
21	0:00:25	1/1/2019 	18888	638.00	10.00	14.69	24.07	102111.72	51785	0	AnneMcLaren	
22	0:00:26	1/1/2019 	19092	953.00	153.00	39.76	24.07	102111.67	1849	0	AnneMcLaren	
23	0:00:26	1/1/2019 	19203	96.00	8.00	6.49	24.07	102111.67	1851	0	AnneMcLaren	
24	0:00:26	1/1/2019 	19865	107.00	8.00	6.78	24.07	102112.02	49820	0	AnneMcLaren	
25	0:00:27	1/1/2019 	20704	93.00	8.00	6.42	24.06	102112.00	50567	0	AnneMcLaren	
26	0:00:28	1/1/2019 	21389	93.00	8.00	6.42	24.06	102112.17	1849	0	AnneMcLaren	
27	0:00:28	1/1/2019 	21432	550.00	9.00	13.40	24.06	102112.17	3952	0	AnneMcLaren	
28	0:00:29	1/1/2019 	22594	62.00	8.00	5.90	24.06	102112.30	97793	0	AnneMcLaren	
29	0:00:29	1/1/2019 	22624	149.00	8.00	7.99	24.06	102112.30	1847	0	AnneMcLaren	
30	0:00:32	1/1/2019 	25186	121.00	9.00	7.18	24.06	102112.55	97790	0	AnneMcLaren	
31	0:00:32	1/1/2019 	25388	109.00	8.00	6.84	24.06	102112.55	1849	0	AnneMcLaren	
32	0:00:32	1/1/2019 	25842	220.00	9.00	9.74	24.06	102112.55	49820	0	AnneMcLaren	
33	0:00:33	1/1/2019 	26843	691.00	11.00	15.30	24.05	102112.19	51788	0	AnneMcLaren	
34	0:00:34	1/1/2019 	27055	912.00	105.00	30.98	24.05	102112.19	1850	0	AnneMcLaren	
35	0:00:34	1/1/2019 	27551	636.00	9.00	14.42	24.05	102111.80	49823	0	AnneMcLaren	
36	0:00:35	1/1/2019 	28671	81.00	8.00	6.15	24.05	102111.22	49818	0	AnneMcLaren	
37	0:00:40	1/1/2019 	33480	599.00	9.00	14.01	24.04	102110.25	193739	0	AnneMcLaren	
38	0:00:42	1/1/2019 	35071	293.00	8.00	10.96	24.04	102109.87	98541	0	AnneMcLaren	
39	0:00:42	1/1/2019 	35844	726.00	14.00	16.36	24.04	102109.87	49821	0	AnneMcLaren	
40	0:00:43	1/1/2019 	36135	206.00	9.00	9.44	24.04	102109.87	3953	0	AnneMcLaren	
41	0:00:45	1/1/2019 	38251	138.00	8.00	7.67	24.03	102109.26	97792	0	AnneMcLaren	
42	0:00:47	1/1/2019 	40440	141.00	8.00	7.76	24.03	102109.73	97791	0	AnneMcLaren	
43	0:00:50	1/1/2019 	43423	868.00	70.00	24.91	24.02	102109.48	146512	0	AnneMcLaren	
44	0:00:50	1/1/2019 	43852	588.00	9.00	13.87	24.02	102109.27	49822	0	AnneMcLaren	
45	0:00:51	1/1/2019 	44679	131.00	8.00	7.47	24.02	102109.62	49820	1	AnneMcLaren	
46	0:00:52	1/1/2019 	45376	782.00	28.00	19.87	24.02	102109.57	4006	0	AnneMcLaren	
47	0:00:54	1/1/2019 	47674	200.00	8.00	9.30	24.02	102109.91	145767	0	AnneMcLaren	
48	0:00:56	1/1/2019 	49308	943.00	143.00	38.14	24.02	102110.07	49820	0	AnneMcLaren	
49	0:00:57	1/1/2019 	50782	161.00	9.00	8.33	24.01	102109.85	97797	0	AnneMcLaren	
50	0:00:58	1/1/2019 	51023	105.00	8.00	6.73	24.01	102110.03	2598	0	AnneMcLaren	
51	0:00:59	1/1/2019 	52577	886.00	89.00	27.93	24.01	102110.03	97794	0	AnneMcLaren	
52	0:00:59	1/1/2019 	52772	72.00	8.00	6.00	24.01	102110.03	3954	0	AnneMcLaren	
53	0:01:01	1/1/2019 	54646	949.00	148.00	38.97	24.01	102110.33	97793	0	AnneMcLaren	
54	0:01:02	1/1/2019 	55372	652.00	9.00	14.53	24.01	102110.50	1851	0	AnneMcLaren	
55	0:01:02	1/1/2019 	55982	979.00	455.00	81.54	24.01	102110.48	49821	0	AnneMcLaren	
56	0:01:03	1/1/2019 	56000	441.00	9.00	12.50	24.01	102110.48	1849	0	AnneMcLaren	
57	0:01:04	1/1/2019 	57646	385.00	9.00	12.05	24.01	102110.66	97795	0	AnneMcLaren	
58	0:01:05	1/1/2019 	58305	95.00	8.00	6.47	24.01	102110.27	3817	0	AnneMcLaren	
59	0:01:08	1/1/2019 	61165	77.00	8.00	6.08	24.01	102110.78	145767	0	AnneMcLaren	
60	0:01:08	1/1/2019 	61623	138.00	8.00	7.67	24.01	102111.12	50572	0	AnneMcLaren	
61	0:01:08	1/1/2019 	61628	119.00	8.00	7.12	24.01	102111.12	1855	0	AnneMcLaren	
62	0:01:12	1/1/2019 	65895	116.00	8.00	7.03	24.00	102111.28	193739	0	AnneMcLaren	
63	0:01:13	1/1/2019 	66549	152.00	8.00	8.07	24.00	102111.11	49822	0	AnneMcLaren	
64	0:01:14	1/1/2019 	67227	113.00	4.00	6.94	24.00	102111.28	3952	0	AnneMcLaren	
65	0:01:15	1/1/2019 	68071	148.00	8.00	7.96	24.00	102111.28	49820	0	AnneMcLaren	
66	0:01:16	1/1/2019 	69209	568.00	9.00	13.62	24.00	102110.94	49820	0	AnneMcLaren	
67	0:01:18	1/1/2019 	71988	434.00	8.00	12.37	24.00	102110.59	145767	0	AnneMcLaren	
68	0:01:19	1/1/2019 	72240	693.00	11.00	15.30	24.00	102110.59	2597	0	AnneMcLaren	
69	0:01:19	1/1/2019 	72881	71.00	7.00	5.99	24.00	102110.59	49823	0	AnneMcLaren	
70	0:01:20	1/1/2019 	73229	121.00	8.00	7.18	24.00	102110.42	1849	0	AnneMcLaren	
71	0:01:20	1/1/2019 	73484	971.00	297.00	56.58	24.00	102110.42	3953	0	AnneMcLaren	
72	0:01:20	1/1/2019 	73817	104.00	8.00	6.70	24.00	102110.24	49821	0	AnneMcLaren	
73	0:01:20	1/1/2019 	73901	829.00	56.00	23.16	24.00	102110.24	1847	0	AnneMcLaren	
74	0:01:21	1/1/2019 	74376	100.00	8.00	6.59	24.00	102109.67	1849	0	AnneMcLaren	
75	0:01:23	1/1/2019 	76157	535.00	9.00	13.24	24.00	102109.33	97792	0	AnneMcLaren	
76	0:01:23	1/1/2019 	76174	728.00	15.00	16.69	24.00	102109.33	1851	0	AnneMcLaren	
77	0:01:23	1/1/2019 	76330	290.00	8.00	10.92	24.00	102108.98	3818	0	AnneMcLaren	
78	0:01:24	1/1/2019 	77555	144.00	8.00	7.85	24.00	102108.64	97788	0	AnneMcLaren	
79	0:01:24	1/1/2019 	77987	656.00	9.00	14.55	24.00	102108.64	1849	0	AnneMcLaren	
80	0:01:25	1/1/2019 	78187	69.00	8.00	5.97	24.00	102108.64	1850	0	AnneMcLaren	
81	0:01:27	1/1/2019 	80173	84.00	8.00	6.21	24.00	102108.47	97790	0	AnneMcLaren	
82	0:01:27	1/1/2019 	80410	634.00	10.00	14.65	24.00	102108.30	2597	0	AnneMcLaren	
83	0:01:28	1/1/2019 	81928	299.00	8.00	11.05	24.00	102108.69	99896	0	AnneMcLaren	
84	0:01:28	1/1/2019 	81932	255.00	8.00	10.38	24.00	102108.69	1848	0	AnneMcLaren	
85	0:01:29	1/1/2019 	82062	138.00	8.00	7.67	24.00	102108.69	1846	0	AnneMcLaren	
86	0:01:31	1/1/2019 	84981	171.00	9.00	8.60	24.00	102108.52	145762	0	AnneMcLaren	
87	0:01:32	1/1/2019 	85747	739.00	17.00	17.32	24.00	102108.34	49822	1	AnneMcLaren	
88	0:01:33	1/1/2019 	86243	67.00	8.00	5.94	24.01	102108.53	1850	0	AnneMcLaren	
89	0:01:34	1/1/2019 	87209	862.00	70.00	24.89	24.01	102108.02	51786	1	AnneMcLaren	
90	0:01:37	1/1/2019 	90467	539.00	9.00	13.28	24.01	102107.71	145761	0	AnneMcLaren	
91	0:01:37	1/1/2019 	90830	165.00	8.00	8.43	24.01	102107.71	50570	0	AnneMcLaren	
92	0:01:39	1/1/2019 	92020	215.00	12.00	9.68	24.01	102107.37	49816	0	AnneMcLaren	
93	0:01:40	1/1/2019 	93057	119.00	8.00	7.12	24.01	102107.73	49822	0	AnneMcLaren	
94	0:01:40	1/1/2019 	93469	979.00	466.00	82.81	24.01	102107.73	1848	0	AnneMcLaren	
95	0:01:42	1/1/2019 	95052	120.00	8.00	7.15	24.01	102108.12	99953	0	AnneMcLaren	
96	0:01:42	1/1/2019 	95287	83.00	8.00	6.19	24.01	102108.12	1856	0	AnneMcLaren	
97	0:01:43	1/1/2019 	96689	70.00	8.00	5.98	24.01	102107.43	97795	0	AnneMcLaren	
98	0:01:44	1/1/2019 	97275	87.00	8.00	6.28	24.02	102107.83	1848	0	AnneMcLaren	
99	0:01:44	1/1/2019 	97440	650.00	9.00	14.52	24.02	102107.83	1848	0	AnneMcLaren	
100	0:01:46	1/1/2019 	99245	560.00	9.00	13.52	24.02	102107.84	97792	0	AnneMcLaren	
101	0:01:47	1/1/2019 	100314	176.00	8.00	8.72	24.02	102107.67	49824	0	AnneMcLaren	
102	0:01:47	1/1/2019 	100688	102.00	8.00	6.65	24.02	102107.32	52741	0	AnneMcLaren	
103	0:01:47	1/1/2019 	100923	92.00	8.00	6.39	24.02	102107.32	1847	0	AnneMcLaren	
104	0:01:48	1/1/2019 	101954	802.00	34.00	20.79	24.02	102107.55	49819	0	AnneMcLaren	
105	0:01:50	1/1/2019 	103572	662.00	10.00	14.88	24.02	102107.41	97794	0	AnneMcLaren	
106	0:01:50	1/1/2019 	103656	146.00	8.00	7.90	24.02	102107.41	1851	0	AnneMcLaren	
107	0:01:50	1/1/2019 	103843	77.00	8.00	6.08	24.02	102107.41	1848	0	AnneMcLaren	
108	0:01:51	1/1/2019 	104275	156.00	9.00	8.19	24.02	102107.41	3814	0	AnneMcLaren	
109	0:01:51	1/1/2019 	104991	307.00	8.00	11.15	24.03	102107.98	49824	0	AnneMcLaren	
110	0:01:53	1/1/2019 	106397	365.00	9.00	11.86	24.03	102107.46	49819	0	AnneMcLaren	
111	0:01:54	1/1/2019 	107297	441.00	9.00	12.50	24.03	102108.00	49824	1	AnneMcLaren	
112	0:01:55	1/1/2019 	108460	251.00	8.00	10.31	24.03	102107.83	49821	0	AnneMcLaren	
113	0:01:56	1/1/2019 	109096	193.00	8.00	9.14	24.03	102108.05	49820	1	AnneMcLaren	
114	0:01:57	1/1/2019 	110244	105.00	8.00	6.73	24.03	102107.53	51788	0	AnneMcLaren	
115	0:01:57	1/1/2019 	110662	174.00	8.00	8.67	24.03	102107.92	50570	0	AnneMcLaren	
116	0:01:57	1/1/2019 	110764	679.00	11.00	15.27	24.03	102107.92	1848	0	AnneMcLaren	
117	0:01:57	1/1/2019 	110845	197.00	8.00	9.23	24.03	102107.92	1850	0	AnneMcLaren	
118	0:01:58	1/1/2019 	111067	450.00	8.00	12.48	24.03	102107.92	1847	1	AnneMcLaren	
119	0:02:00	1/1/2019 	113036	305.00	8.00	11.13	24.04	102108.31	97790	0	AnneMcLaren	
120	0:02:00	1/1/2019 	113636	688.00	11.00	15.29	24.04	102108.31	51924	0	AnneMcLaren	
121	0:02:01	1/1/2019 	114029	482.00	8.00	12.70	24.04	102108.67	1850	1	AnneMcLaren	
122	0:02:01	1/1/2019 	114040	679.00	10.00	14.94	24.04	102108.67	1849	0	AnneMcLaren	
123	0:02:05	1/1/2019 	118460	73.00	8.00	6.02	24.04	102109.27	193738	0	AnneMcLaren	
124	0:02:05	1/1/2019 	118691	332.00	8.00	11.46	24.04	102109.27	49822	0	AnneMcLaren	
125	0:02:06	1/1/2019 	119671	226.00	8.00	9.85	24.05	102109.48	49822	1	AnneMcLaren	
126	0:02:09	1/1/2019 	122119	89.00	8.00	6.32	24.05	102109.20	100693	0	AnneMcLaren	
127	0:02:09	1/1/2019 	122181	192.00	8.00	9.11	24.05	102109.20	1848	0	AnneMcLaren	
128	0:02:09	1/1/2019 	122313	76.00	8.00	6.07	24.05	102109.20	1846	0	AnneMcLaren	
129	0:02:09	1/1/2019 	122578	84.00	8.00	6.21	24.05	102109.20	49820	0	AnneMcLaren	
130	0:02:10	1/1/2019 	123245	847.00	65.00	24.21	24.05	102109.20	1848	0	AnneMcLaren	
131	0:02:11	1/1/2019 	124411	74.00	7.00	6.03	24.06	102109.95	49822	0	AnneMcLaren	
132	0:02:13	1/1/2019 	126717	455.00	9.00	12.59	24.06	102110.52	147738	0	AnneMcLaren	
133	0:02:15	1/1/2019 	128404	192.00	8.00	9.11	24.06	102110.56	49824	0	AnneMcLaren	
134	0:02:16	1/1/2019 	129044	67.00	8.00	5.94	24.06	102110.79	49822	0	AnneMcLaren	
135	0:02:17	1/1/2019 	130596	656.00	10.00	14.85	24.07	102111.16	97797	0	AnneMcLaren	
136	0:02:17	1/1/2019 	130925	70.00	8.00	5.98	24.07	102111.37	2599	0	AnneMcLaren	
137	0:02:19	1/1/2019 	132477	101.00	8.00	6.62	24.07	102111.24	49819	0	AnneMcLaren	
138	0:02:21	1/1/2019 	134220	837.00	66.00	24.32	24.07	102111.80	99897	0	AnneMcLaren	
139	0:02:21	1/1/2019 	134278	435.00	8.00	12.38	24.07	102111.80	1851	0	AnneMcLaren	
140	0:02:22	1/1/2019 	135125	116.00	8.00	7.03	24.08	102111.84	49821	0	AnneMcLaren	
141	0:02:22	1/1/2019 	135401	113.00	8.00	6.95	24.08	102111.84	1849	0	AnneMcLaren	
142	0:02:22	1/1/2019 	135590	105.00	8.00	6.73	24.08	102111.50	49820	0	AnneMcLaren	
143	0:02:23	1/1/2019 	136067	720.00	14.00	16.35	24.08	102111.37	1847	0	AnneMcLaren	
144	0:02:25	1/1/2019 	138378	210.00	8.00	9.52	24.08	102110.91	99765	0	AnneMcLaren	
145	0:02:25	1/1/2019 	138565	833.00	54.00	22.96	24.08	102110.92	49823	0	AnneMcLaren	
146	0:02:30	1/1/2019 	143793	137.00	8.00	7.64	24.10	102110.43	241722	0	AnneMcLaren	
147	0:02:31	1/1/2019 	144832	871.00	74.00	25.47	24.10	102109.91	50572	0	AnneMcLaren	
148	0:02:33	1/1/2019 	146984	681.00	10.00	14.94	24.10	102109.62	97804	0	AnneMcLaren	
149	0:02:35	1/1/2019 	148370	81.00	8.00	6.15	24.11	102110.06	49829	0	AnneMcLaren	
150	0:02:35	1/1/2019 	148960	596.00	9.00	13.97	24.11	102109.89	51927	0	AnneMcLaren	
151	0:02:36	1/1/2019 	149813	176.00	8.00	8.72	24.11	102109.91	49824	0	AnneMcLaren	
152	0:02:37	1/1/2019 	150941	337.00	8.00	11.52	24.11	102109.76	50568	0	AnneMcLaren	
153	0:02:38	1/1/2019 	151857	158.00	8.00	8.24	24.11	102109.80	49821	0	AnneMcLaren	
154	0:02:40	1/1/2019 	153003	139.00	8.00	7.70	24.12	102109.67	49824	0	AnneMcLaren	
155	0:02:40	1/1/2019 	153285	627.00	9.00	14.34	24.12	102109.50	1849	0	AnneMcLaren	
156	0:02:41	1/1/2019 	154031	379.00	8.00	11.94	24.12	102109.55	51930	0	AnneMcLaren	
157	0:02:44	1/1/2019 	157207	946.00	147.00	38.81	24.13	102109.51	145771	1	AnneMcLaren	
158	0:02:46	1/1/2019 	159622	76.00	8.00	6.07	24.13	102110.30	145779	0	AnneMcLaren	
159	0:02:49	1/1/2019 	162717	389.00	9.00	12.09	24.14	102110.58	146526	0	AnneMcLaren	
160	0:02:52	1/1/2019 	165281	193.00	4.00	9.09	24.15	102110.66	97803	0	AnneMcLaren	
161	0:02:53	1/1/2019 	166757	685.00	11.00	15.29	24.15	102110.75	97801	0	AnneMcLaren	
162	0:02:55	1/1/2019 	168687	634.00	9.00	14.40	24.16	102110.64	99910	0	AnneMcLaren	
163	0:02:56	1/1/2019 	169558	576.00	9.00	13.72	24.16	102110.52	49828	0	AnneMcLaren	
164	0:02:58	1/1/2019 	171565	158.00	8.00	8.24	24.17	102110.75	98551	0	AnneMcLaren	
165	0:02:59	1/1/2019 	172758	183.00	8.00	8.90	24.17	102110.80	49823	0	AnneMcLaren	
166	0:02:59	1/1/2019 	172764	108.00	8.00	6.81	24.17	102110.80	1848	0	AnneMcLaren	
167	0:03:01	1/1/2019 	174423	968.00	273.00	53.05	24.17	102111.06	49822	0	AnneMcLaren	
168	0:03:02	1/1/2019 	175933	186.00	8.00	8.97	24.18	102111.08	99907	0	AnneMcLaren	
169	0:03:05	1/1/2019 	178619	101.00	9.00	6.62	24.19	102111.55	145778	1	AnneMcLaren	
170	0:03:06	1/1/2019 	179220	64.00	8.00	5.92	24.19	102111.20	1850	0	AnneMcLaren	
171	0:03:07	1/1/2019 	180014	626.00	9.00	14.33	24.19	102111.08	49824	0	AnneMcLaren	
172	0:03:09	1/1/2019 	182117	593.00	9.00	13.93	24.20	102111.20	98549	0	AnneMcLaren	
173	0:03:10	1/1/2019 	183169	191.00	8.00	9.09	24.20	102111.06	49826	0	AnneMcLaren	
174	0:03:10	1/1/2019 	183622	130.00	8.00	7.44	24.20	102110.72	49824	1	AnneMcLaren	
175	0:03:12	1/1/2019 	185175	123.00	8.00	7.24	24.20	102110.27	51929	0	AnneMcLaren	
176	0:03:14	1/1/2019 	187313	447.00	9.00	12.54	24.21	102109.67	97803	0	AnneMcLaren	
177	0:03:15	1/1/2019 	188685	110.00	8.00	6.86	24.21	102109.53	97801	0	AnneMcLaren	
178	0:03:16	1/1/2019 	189569	115.00	8.00	7.01	24.21	102109.35	49825	0	AnneMcLaren	
179	0:03:17	1/1/2019 	190694	72.00	8.00	6.00	24.22	102109.28	50573	0	AnneMcLaren	
180	0:03:18	1/1/2019 	191136	79.00	8.00	6.12	24.22	102109.33	1847	0	AnneMcLaren	
181	0:03:19	1/1/2019 	192255	67.00	8.00	5.94	24.22	102109.17	51926	0	AnneMcLaren	
182	0:03:21	1/1/2019 	194403	96.00	8.00	6.49	24.23	102108.91	97800	0	AnneMcLaren	
183	0:03:21	1/1/2019 	194815	69.00	9.00	5.97	24.23	102108.91	49821	0	AnneMcLaren	
184	0:03:22	1/1/2019 	195918	208.00	9.00	9.49	24.23	102108.79	49825	0	AnneMcLaren	
185	0:03:23	1/1/2019 	195999	648.00	9.00	14.51	24.23	102108.79	1851	0	AnneMcLaren	
186	0:03:25	1/1/2019 	198085	144.00	8.00	7.85	24.24	102109.03	97800	0	AnneMcLaren	
187	0:03:25	1/1/2019 	198969	100.00	8.00	6.59	24.24	102109.44	51793	0	AnneMcLaren	
188	0:03:28	1/1/2019 	201263	544.00	9.00	13.34	24.25	102109.67	97800	1	AnneMcLaren	
189	0:03:28	1/1/2019 	201729	218.00	8.00	9.69	24.25	102109.67	50576	0	AnneMcLaren	
190	0:03:29	1/1/2019 	202139	642.00	9.00	14.47	24.25	102109.89	1847	0	AnneMcLaren	
191	0:03:29	1/1/2019 	202475	695.00	12.00	15.65	24.25	102109.55	1850	0	AnneMcLaren	
192	0:03:31	1/1/2019 	204191	194.00	8.00	9.16	24.25	102109.61	97802	0	AnneMcLaren	
193	0:03:31	1/1/2019 	204344	200.00	8.00	9.30	24.25	102109.44	3953	0	AnneMcLaren	
194	0:03:31	1/1/2019 	204475	360.00	3.00	11.46	24.25	102109.44	1848	0	AnneMcLaren	
195	0:03:32	1/1/2019 	205317	279.00	8.00	10.76	24.26	102109.70	49824	0	AnneMcLaren	
196	0:03:36	1/1/2019 	209071	966.00	392.00	73.10	24.27	102109.30	193756	1	AnneMcLaren	
197	0:03:38	1/1/2019 	211357	407.00	9.00	12.24	24.27	102110.61	97805	0	AnneMcLaren	
198	0:03:39	1/1/2019 	212575	104.00	8.00	6.70	24.28	102110.84	98788	0	AnneMcLaren	
199	0:03:41	1/1/2019 	214846	140.00	8.00	7.73	24.28	102111.78	99903	0	AnneMcLaren	
200	0:03:42	1/1/2019 	215078	155.00	8.00	8.16	24.28	102111.61	1848	0	AnneMcLaren	
201	0:03:42	1/1/2019 	215491	788.00	28.00	19.89	24.29	102111.66	1848	0	AnneMcLaren	
202	0:03:42	1/1/2019 	215677	142.00	8.00	7.79	24.29	102111.66	49826	0	AnneMcLaren	
203	0:03:43	1/1/2019 	216451	84.00	8.00	6.21	24.29	102111.50	1847	0	AnneMcLaren	
204	0:03:44	1/1/2019 	217192	521.00	8.00	13.00	24.29	102111.72	49825	0	AnneMcLaren	
205	0:03:44	1/1/2019 	217434	678.00	10.00	14.94	24.29	102111.72	3816	0	AnneMcLaren	
206	0:03:44	1/1/2019 	217831	127.00	8.00	7.35	24.29	102111.72	49827	0	AnneMcLaren	
207	0:03:46	1/1/2019 	219205	686.00	11.00	15.29	24.30	102111.81	49824	0	AnneMcLaren	
208	0:03:50	1/1/2019 	223163	670.00	10.00	14.92	24.31	102112.48	193755	0	AnneMcLaren	
209	0:03:56	1/1/2019 	229451	295.00	8.00	10.99	24.32	102110.82	290693	0	AnneMcLaren	
210	0:04:00	1/1/2019 	233475	168.00	8.00	8.51	24.33	102109.59	193754	0	AnneMcLaren	
211	0:04:04	1/1/2019 	237148	118.00	8.00	7.09	24.34	102109.77	196843	0	AnneMcLaren	
212	0:04:04	1/1/2019 	237809	157.00	8.00	8.21	24.35	102109.95	49824	0	AnneMcLaren	
213	0:04:06	1/1/2019 	239987	776.00	26.00	19.51	24.35	102109.67	97802	1	AnneMcLaren	
214	0:04:07	1/1/2019 	240651	954.00	156.00	40.21	24.35	102109.89	50814	0	AnneMcLaren	
215	0:04:11	1/1/2019 	244035	841.00	59.00	23.51	24.36	102109.53	145783	0	AnneMcLaren	
216	0:04:11	1/1/2019 	244605	68.00	8.00	5.95	24.36	102109.36	49828	0	AnneMcLaren	
217	0:04:11	1/1/2019 	244980	966.00	173.00	42.52	24.37	102109.41	3952	0	AnneMcLaren	
218	0:04:12	1/1/2019 	245566	71.00	8.00	5.99	24.37	102109.23	49827	0	AnneMcLaren	
219	0:04:14	1/1/2019 	247613	175.00	8.00	8.69	24.37	102109.47	97800	0	AnneMcLaren	
220	0:04:15	1/1/2019 	248422	922.00	119.00	33.73	24.37	102109.52	1849	0	AnneMcLaren	
221	0:04:15	1/1/2019 	248650	227.00	8.00	9.87	24.37	102109.52	49828	0	AnneMcLaren	
222	0:04:16	1/1/2019 	249836	639.00	9.00	14.45	24.38	102109.78	49825	1	AnneMcLaren	
223	0:04:17	1/1/2019 	250955	834.00	56.00	23.17	24.38	102109.77	52915	0	AnneMcLaren	
224	0:04:18	1/1/2019 	251123	164.00	8.00	8.40	24.38	102109.77	1851	0	AnneMcLaren	
225	0:04:18	1/1/2019 	251361	77.00	8.00	6.08	24.38	102109.98	1849	0	AnneMcLaren	
226	0:04:18	1/1/2019 	251769	205.00	8.00	9.41	24.38	102109.98	49820	0	AnneMcLaren	
227	0:04:18	1/1/2019 	251802	89.00	7.00	6.32	24.38	102109.98	1847	0	AnneMcLaren	
228	0:04:19	1/1/2019 	252397	131.00	8.00	7.47	24.39	102110.03	1849	0	AnneMcLaren	
229	0:04:19	1/1/2019 	252942	80.00	8.00	6.14	24.39	102110.22	51843	0	AnneMcLaren	
230	0:04:21	1/1/2019 	254283	666.00	10.00	14.90	24.39	102110.45	49822	0	AnneMcLaren	
231	0:04:21	1/1/2019 	254905	848.00	64.00	24.10	24.39	102110.15	49826	1	AnneMcLaren	
232	0:04:22	1/1/2019 	255069	577.00	9.00	13.73	24.39	102110.15	1848	0	AnneMcLaren	
233	0:04:22	1/1/2019 	255484	131.00	8.00	7.47	24.39	102109.80	1849	0	AnneMcLaren	
234	0:04:26	1/1/2019 	259156	689.00	11.00	15.30	24.40	102109.44	193747	0	AnneMcLaren	
235	0:04:26	1/1/2019 	259252	253.00	8.00	10.34	24.40	102109.44	3817	0	AnneMcLaren	
236	0:04:26	1/1/2019 	259857	72.00	8.00	6.00	24.40	102109.09	49823	0	AnneMcLaren	
237	0:04:27	1/1/2019 	260093	421.00	9.00	12.35	24.41	102109.31	2834	1	AnneMcLaren	
238	0:04:28	1/1/2019 	261225	733.00	17.00	17.30	24.41	102109.33	49828	0	AnneMcLaren	
239	0:04:32	1/1/2019 	265177	116.00	8.00	7.03	24.42	102109.16	193753	0	AnneMcLaren	
240	0:04:32	1/1/2019 	265848	103.00	8.00	6.67	24.42	102108.98	49824	0	AnneMcLaren	
241	0:04:34	1/1/2019 	267844	142.00	8.00	7.79	24.43	102108.75	99900	0	AnneMcLaren	
242	0:04:38	1/1/2019 	271656	620.00	9.00	14.26	24.44	102108.26	193750	1	AnneMcLaren	
243	0:04:39	1/1/2019 	272470	718.00	14.00	16.35	24.44	102108.30	2837	0	AnneMcLaren	
244	0:04:39	1/1/2019 	272550	425.00	8.00	12.31	24.44	102108.30	49827	0	AnneMcLaren	
245	0:04:40	1/1/2019 	273017	92.00	8.00	6.39	24.45	102108.31	1847	0	AnneMcLaren	
246	0:04:41	1/1/2019 	274950	196.00	8.00	9.21	24.45	102108.55	97799	0	AnneMcLaren	
247	0:04:42	1/1/2019 	275184	147.00	8.00	7.93	24.45	102108.95	3953	0	AnneMcLaren	
248	0:04:45	1/1/2019 	278134	895.00	95.00	29.04	24.46	102109.23	145776	0	AnneMcLaren	
249	0:04:45	1/1/2019 	278176	334.00	8.00	11.48	24.46	102109.42	1852	0	AnneMcLaren	
250	0:04:45	1/1/2019 	278316	197.00	8.00	9.23	24.46	102109.42	1847	0	AnneMcLaren	
251	0:04:45	1/1/2019 	278332	129.00	8.00	7.41	24.46	102109.42	1847	0	AnneMcLaren	
252	0:04:46	1/1/2019 	279646	67.00	8.00	5.94	24.47	102109.47	97801	0	AnneMcLaren	
253	0:04:46	1/1/2019 	279848	75.00	8.00	6.05	24.47	102109.69	4937	0	AnneMcLaren	
254	0:04:47	1/1/2019 	280457	66.00	8.00	5.93	24.47	102109.52	1846	0	AnneMcLaren	
255	0:04:47	1/1/2019 	280891	101.00	8.00	6.62	24.47	102109.73	49826	1	AnneMcLaren	
256	0:04:48	1/1/2019 	281087	181.00	8.00	8.85	24.47	102109.73	1848	0	AnneMcLaren	
257	0:04:49	1/1/2019 	282256	64.00	8.00	5.92	24.48	102109.80	49825	0	AnneMcLaren	
258	0:04:50	1/1/2019 	283219	711.00	13.00	16.01	24.48	102110.02	49826	1	AnneMcLaren	
259	0:04:51	1/1/2019 	284434	434.00	9.00	12.45	24.48	102109.52	49825	1	AnneMcLaren	
260	0:04:52	1/1/2019 	285832	510.00	9.00	13.01	24.49	102109.41	99771	0	AnneMcLaren	
261	0:04:53	1/1/2019 	286758	126.00	8.00	7.32	24.49	102109.23	49829	0	AnneMcLaren	
262	0:04:54	1/1/2019 	287050	64.00	7.00	5.91	24.49	102109.45	1848	0	AnneMcLaren	
263	0:04:55	1/1/2019 	288390	149.00	8.00	7.99	24.49	102109.52	49825	0	AnneMcLaren	
264	0:04:55	1/1/2019 	288739	231.00	8.00	9.95	24.49	102109.52	49826	0	AnneMcLaren	
265	0:04:56	1/1/2019 	289680	906.00	108.00	31.55	24.50	102109.95	49826	0	AnneMcLaren	
266	0:04:57	1/1/2019 	290043	958.00	159.00	40.65	24.50	102109.78	4950	1	AnneMcLaren	
267	0:04:57	1/1/2019 	290950	277.00	8.00	10.73	24.50	102109.97	49829	0	AnneMcLaren	
268	0:04:57	1/1/2019 	290991	73.00	8.00	6.02	24.50	102109.97	1848	0	AnneMcLaren	
269	0:04:59	1/1/2019 	292443	149.00	8.00	7.99	24.51	102110.93	49824	0	AnneMcLaren	
270	0:04:59	1/1/2019 	292742	154.00	8.00	8.13	24.51	102110.93	49825	0	AnneMcLaren	
271	0:04:59	1/1/2019 	292792	91.00	7.00	6.37	24.51	102110.93	1846	0	AnneMcLaren	
272	0:05:00	1/1/2019 	293214	350.00	8.00	11.66	24.51	102110.93	3816	0	AnneMcLaren	
273	0:05:00	1/1/2019 	293327	831.00	49.00	22.45	24.51	102110.93	1849	0	AnneMcLaren	
274	0:05:01	1/1/2019 	294033	135.00	8.00	7.59	24.51	102110.97	49827	0	AnneMcLaren	
275	0:05:02	1/1/2019 	295151	77.00	7.00	6.08	24.51	102111.73	49827	0	AnneMcLaren	
276	0:05:02	1/1/2019 	295590	923.00	124.00	34.69	24.51	102111.38	49828	1	AnneMcLaren	
277	0:05:09	1/1/2019 	302043	85.00	7.00	6.23	24.53	102112.70	289711	0	AnneMcLaren	
278	0:05:09	1/1/2019 	302383	72.00	8.00	6.00	24.53	102112.70	4995	0	AnneMcLaren	
279	0:05:12	1/1/2019 	305248	152.00	8.00	8.07	24.54	102113.38	145777	0	AnneMcLaren	
280	0:05:13	1/1/2019 	306296	612.00	9.00	14.17	24.54	102113.60	49830	0	AnneMcLaren	
281	0:05:13	1/1/2019 	306654	158.00	10.00	8.25	24.54	102113.43	49827	0	AnneMcLaren	
282	0:05:14	1/1/2019 	307593	656.00	10.00	14.85	24.55	102113.45	49827	1	AnneMcLaren	
283	0:05:15	1/1/2019 	308627	130.00	7.00	7.44	24.55	102113.63	49829	0	AnneMcLaren	
284	0:05:15	1/1/2019 	308918	202.00	8.00	9.34	24.55	102113.63	3818	1	AnneMcLaren	
285	0:05:17	1/1/2019 	310473	698.00	12.00	15.65	24.55	102113.55	49826	0	AnneMcLaren	
286	0:05:19	1/1/2019 	312606	826.00	61.00	23.70	24.56	102113.66	146766	0	AnneMcLaren	
287	0:05:19	1/1/2019 	312680	606.00	9.00	14.10	24.56	102113.66	1851	1	AnneMcLaren	
288	0:05:20	1/1/2019 	313628	99.00	8.00	6.57	24.56	102113.54	49824	0	AnneMcLaren	
289	0:05:22	1/1/2019 	315108	67.00	8.00	5.94	24.57	102113.42	49824	0	AnneMcLaren	
290	0:05:23	1/1/2019 	316270	140.00	8.00	7.73	24.57	102112.95	51928	0	AnneMcLaren	
291	0:05:24	1/1/2019 	317464	66.00	8.00	5.93	24.58	102113.19	49825	0	AnneMcLaren	
292	0:05:25	1/1/2019 	318385	118.00	8.00	7.09	24.58	102113.23	49824	0	AnneMcLaren	
293	0:05:25	1/1/2019 	318835	73.00	8.00	6.02	24.58	102112.89	49825	0	AnneMcLaren	
294	0:05:26	1/1/2019 	319979	622.00	9.00	14.29	24.58	102112.77	49824	1	AnneMcLaren	
295	0:05:27	1/1/2019 	320839	100.00	8.00	6.59	24.58	102112.92	50813	0	AnneMcLaren	
296	0:05:28	1/1/2019 	321980	116.00	8.00	7.03	24.59	102112.45	51931	0	AnneMcLaren	
297	0:05:28	1/1/2019 	322017	134.00	8.00	7.56	24.59	102112.45	1849	0	AnneMcLaren	
298	0:05:30	1/1/2019 	323268	796.00	33.00	20.65	24.59	102112.20	49825	1	AnneMcLaren	
299	0:05:32	1/1/2019 	325804	92.00	8.00	6.39	24.60	102111.44	145781	0	AnneMcLaren	
300	0:05:34	1/1/2019 	327207	202.00	8.00	9.34	24.60	102110.97	49825	1	AnneMcLaren	
301	0:05:34	1/1/2019 	327970	712.00	12.00	15.66	24.60	102110.81	49827	1	AnneMcLaren	
302	0:05:35	1/1/2019 	328046	67.00	8.00	5.94	24.60	102110.81	3816	0	AnneMcLaren	
303	0:05:36	1/1/2019 	329711	70.00	8.00	5.98	24.61	102109.81	97802	0	AnneMcLaren	
304	0:05:36	1/1/2019 	329850	98.00	8.00	6.54	24.61	102109.69	2834	0	AnneMcLaren	
305	0:05:38	1/1/2019 	331958	86.00	7.00	6.26	24.61	102108.86	97802	0	AnneMcLaren	
306	0:05:43	1/1/2019 	336099	389.00	9.00	12.09	24.63	102109.76	193758	0	AnneMcLaren	
307	0:05:44	1/1/2019 	337787	612.00	9.00	14.17	24.63	102110.16	97802	0	AnneMcLaren	
308	0:05:44	1/1/2019 	337855	661.00	10.00	14.88	24.63	102110.16	3954	0	AnneMcLaren	
309	0:05:45	1/1/2019 	338964	232.00	8.00	9.97	24.63	102109.69	49828	0	AnneMcLaren	
310	0:05:46	1/1/2019 	339070	169.00	8.00	8.54	24.63	102109.69	1848	0	AnneMcLaren	
311	0:05:46	1/1/2019 	339180	591.00	8.00	13.73	24.63	102109.69	1848	0	AnneMcLaren	
312	0:05:47	1/1/2019 	340216	192.00	8.00	9.11	24.64	102109.95	49826	0	AnneMcLaren	
313	0:05:49	1/1/2019 	342647	77.00	7.00	6.08	24.64	102110.54	146764	0	AnneMcLaren	
314	0:05:50	1/1/2019 	343376	171.00	8.00	8.59	24.65	102110.94	3954	0	AnneMcLaren	
315	0:05:50	1/1/2019 	343622	778.00	29.00	20.03	24.65	102110.77	49823	0	AnneMcLaren	
316	0:05:51	1/1/2019 	344681	88.00	8.00	6.30	24.65	102111.31	49825	0	AnneMcLaren	
317	0:05:51	1/1/2019 	344750	149.00	8.00	7.99	24.65	102111.31	1848	0	AnneMcLaren	
318	0:05:54	1/1/2019 	347463	594.00	9.00	13.95	24.66	102110.71	97798	0	AnneMcLaren	
319	0:05:56	1/1/2019 	349206	338.00	8.00	11.53	24.66	102110.95	97802	0	AnneMcLaren	
320	0:05:57	1/1/2019 	350725	104.00	12.00	6.71	24.67	102111.21	99769	0	AnneMcLaren	
321	0:05:59	1/1/2019 	352310	484.00	8.00	12.71	24.67	102111.45	50813	0	AnneMcLaren	
322	0:06:01	1/1/2019 	354982	514.00	8.00	12.94	24.68	102111.04	145780	0	AnneMcLaren	
323	0:06:02	1/1/2019 	355579	968.00	384.00	71.80	24.68	102110.69	49826	0	AnneMcLaren	
324	0:06:03	1/1/2019 	356614	259.00	8.00	10.44	24.68	102110.75	49828	0	AnneMcLaren	
325	0:06:03	1/1/2019 	356674	972.00	245.00	49.71	24.68	102110.75	1849	0	AnneMcLaren	
326	0:06:04	1/1/2019 	357461	653.00	10.00	14.83	24.68	102110.58	4028	0	AnneMcLaren	
327	0:06:05	1/1/2019 	358368	137.00	8.00	7.64	24.69	102111.16	49828	0	AnneMcLaren	
328	0:06:06	1/1/2019 	359070	122.00	8.00	7.21	24.69	102111.38	49825	0	AnneMcLaren	
329	0:06:06	1/1/2019 	359553	613.00	9.00	14.18	24.69	102111.04	49825	0	AnneMcLaren	
330	0:06:06	1/1/2019 	359616	65.00	8.00	5.92	24.69	102111.04	2836	0	AnneMcLaren	
331	0:06:09	1/1/2019 	362092	789.00	31.00	20.36	24.70	102111.49	97799	0	AnneMcLaren	
332	0:06:09	1/1/2019 	362194	805.00	35.00	20.93	24.70	102111.71	3976	0	AnneMcLaren	
333	0:06:10	1/1/2019 	363397	526.00	9.00	13.15	24.70	102111.59	49826	0	AnneMcLaren	
334	0:06:10	1/1/2019 	363938	96.00	8.00	6.49	24.71	102111.60	49826	0	AnneMcLaren	
335	0:06:11	1/1/2019 	364943	155.00	8.00	8.16	24.71	102111.47	49823	0	AnneMcLaren	
336	0:06:12	1/1/2019 	365412	85.00	8.00	6.24	24.71	102111.30	1848	0	AnneMcLaren	
337	0:06:12	1/1/2019 	365604	182.00	8.00	8.87	24.71	102111.30	49824	0	AnneMcLaren	
338	0:06:13	1/1/2019 	366853	609.00	9.00	14.14	24.71	102111.73	49822	0	AnneMcLaren	
339	0:06:14	1/1/2019 	367205	961.00	229.00	48.12	24.71	102111.73	3839	1	AnneMcLaren	
340	0:06:17	1/1/2019 	370247	92.00	8.00	6.39	24.72	102111.31	145782	0	AnneMcLaren	
341	0:06:19	1/1/2019 	372549	133.00	8.00	7.53	24.73	102111.06	146763	0	AnneMcLaren	
342	0:06:21	1/1/2019 	374710	680.00	11.00	15.27	24.74	102110.83	97803	0	AnneMcLaren	
343	0:06:22	1/1/2019 	375306	155.00	8.00	8.16	24.74	102110.48	1851	0	AnneMcLaren	
344	0:06:22	1/1/2019 	375841	188.00	8.00	9.02	24.74	102110.35	49826	1	AnneMcLaren	
345	0:06:24	1/1/2019 	377135	85.00	8.00	6.24	24.74	102110.94	51948	0	AnneMcLaren	
346	0:06:24	1/1/2019 	377276	826.00	52.00	22.75	24.74	102110.94	1848	0	AnneMcLaren	
347	0:06:24	1/1/2019 	377325	255.00	8.00	10.38	24.74	102110.94	1849	0	AnneMcLaren	
348	0:06:28	1/1/2019 	381357	99.00	7.00	6.57	24.75	102111.23	193754	0	AnneMcLaren	
349	0:06:29	1/1/2019 	382051	438.00	8.00	12.40	24.75	102111.11	50813	0	AnneMcLaren	
350	0:06:29	1/1/2019 	382272	74.00	8.00	6.03	24.75	102111.11	1849	0	AnneMcLaren	
351	0:06:30	1/1/2019 	383263	284.00	8.00	10.83	24.76	102110.83	51925	0	AnneMcLaren	
352	0:06:31	1/1/2019 	384745	70.00	8.00	5.98	24.76	102110.92	97801	0	AnneMcLaren	
353	0:06:32	1/1/2019 	385326	592.00	8.00	13.74	24.76	102110.57	1848	0	AnneMcLaren	
354	0:06:32	1/1/2019 	385573	878.00	88.00	27.73	24.77	102110.79	49828	0	AnneMcLaren	
355	0:06:33	1/1/2019 	386569	526.00	8.00	13.04	24.77	102110.45	49828	0	AnneMcLaren	
356	0:06:35	1/1/2019 	388697	138.00	8.00	7.67	24.78	102110.42	97803	0	AnneMcLaren	
357	0:06:36	1/1/2019 	389466	144.00	8.00	7.85	24.78	102109.73	3812	0	AnneMcLaren	
358	0:06:38	1/1/2019 	391870	73.00	8.00	6.02	24.78	102109.46	145780	1	AnneMcLaren	
359	0:06:40	1/1/2019 	393094	93.00	8.00	6.42	24.79	102109.53	50811	0	AnneMcLaren	
360	0:06:40	1/1/2019 	393192	898.00	98.00	29.61	24.79	102109.53	1849	0	AnneMcLaren	
361	0:06:40	1/1/2019 	393242	91.00	8.00	6.37	24.79	102109.53	1850	0	AnneMcLaren	
362	0:06:43	1/1/2019 	396175	184.00	8.00	8.92	24.80	102109.16	145775	0	AnneMcLaren	
363	0:06:43	1/1/2019 	396352	66.00	8.00	5.93	24.80	102109.16	3953	0	AnneMcLaren	
364	0:06:43	1/1/2019 	396480	148.00	7.00	7.96	24.80	102109.16	1846	0	AnneMcLaren	
365	0:06:44	1/1/2019 	397931	707.00	13.00	16.00	24.80	102108.86	97803	0	AnneMcLaren	
366	0:06:45	1/1/2019 	398567	219.00	8.00	9.71	24.80	102109.08	49829	0	AnneMcLaren	
367	0:06:46	1/1/2019 	399052	147.00	8.00	7.93	24.80	102108.91	1848	0	AnneMcLaren	
368	0:06:46	1/1/2019 	400031	839.00	62.00	23.84	24.81	102109.14	49828	1	AnneMcLaren	
369	0:06:48	1/1/2019 	401044	180.00	8.00	8.82	24.81	102109.19	52917	0	AnneMcLaren	
370	0:06:49	1/1/2019 	402800	103.00	8.00	6.67	24.82	102109.22	97803	0	AnneMcLaren	
371	0:06:50	1/1/2019 	403313	83.00	8.00	6.19	24.82	102109.44	1848	0	AnneMcLaren	
372	0:06:50	1/1/2019 	403373	185.00	8.00	8.95	24.82	102109.44	1848	0	AnneMcLaren	
373	0:06:51	1/1/2019 	404690	787.00	32.00	20.50	24.82	102109.48	97803	1	AnneMcLaren	
374	0:06:52	1/1/2019 	405627	798.00	38.00	21.27	24.82	102109.53	49827	0	AnneMcLaren	
375	0:06:53	1/1/2019 	406760	88.00	8.00	6.30	24.83	102109.20	51849	0	AnneMcLaren	
376	0:06:54	1/1/2019 	407646	564.00	9.00	13.57	24.83	102109.25	49824	1	AnneMcLaren	
377	0:06:56	1/1/2019 	409745	114.00	8.00	6.98	24.83	102108.62	97808	0	AnneMcLaren	
378	0:06:58	1/1/2019 	411458	769.00	25.00	19.30	24.84	102108.71	50818	0	AnneMcLaren	
379	0:06:59	1/1/2019 	412463	185.00	8.00	8.95	24.84	102108.77	49827	0	AnneMcLaren	
380	0:07:01	1/1/2019 	414288	324.00	8.00	11.37	24.85	102109.17	97804	0	AnneMcLaren	
381	0:07:01	1/1/2019 	414717	540.00	8.00	13.17	24.85	102109.00	51930	0	AnneMcLaren	
382	0:07:01	1/1/2019 	414797	746.00	18.00	17.61	24.85	102109.05	1849	0	AnneMcLaren	
383	0:07:03	1/1/2019 	416700	109.00	8.00	6.84	24.85	102108.89	97806	0	AnneMcLaren	
384	0:07:07	1/1/2019 	420920	157.00	8.00	8.21	24.86	102108.70	193755	0	AnneMcLaren	
385	0:07:07	1/1/2019 	420931	439.00	9.00	12.48	24.86	102108.70	2835	0	AnneMcLaren	
386	0:07:10	1/1/2019 	423584	94.00	8.00	6.44	24.87	102108.28	145776	0	AnneMcLaren	
387	0:07:10	1/1/2019 	423822	195.00	8.00	9.18	24.87	102108.28	3896	0	AnneMcLaren	
388	0:07:12	1/1/2019 	425299	173.00	8.00	8.64	24.87	102108.86	49824	0	AnneMcLaren	
389	0:07:17	1/1/2019 	430349	550.00	10.00	13.52	24.88	102110.55	241726	0	AnneMcLaren	
390	0:07:18	1/1/2019 	431128	565.00	8.00	13.44	24.89	102111.50	50578	0	AnneMcLaren	
391	0:07:18	1/1/2019 	431716	438.00	9.00	12.47	24.89	102111.50	49823	0	AnneMcLaren	
392	0:07:20	1/1/2019 	433748	87.00	8.00	6.28	24.89	102112.26	97802	0	AnneMcLaren	
393	0:07:25	1/1/2019 	438134	804.00	38.00	21.28	24.91	102113.16	197038	0	AnneMcLaren	
394	0:07:25	1/1/2019 	438643	69.00	8.00	5.97	24.91	102113.16	49829	0	AnneMcLaren	
395	0:07:35	1/1/2019 	448045	237.00	8.00	10.06	24.93	102113.10	433629	1	AnneMcLaren	
396	0:07:35	1/1/2019 	448426	91.00	7.00	6.37	24.93	102113.33	2598	0	AnneMcLaren	
397	0:07:35	1/1/2019 	449014	111.00	8.00	6.89	24.93	102113.15	49826	0	AnneMcLaren	
398	0:07:36	1/1/2019 	449137	957.00	173.00	42.52	24.93	102113.15	1848	0	AnneMcLaren	
399	0:07:36	1/1/2019 	449881	138.00	8.00	7.67	24.93	102113.20	51931	0	AnneMcLaren	
400	0:07:36	1/1/2019 	450031	455.00	8.00	12.52	24.93	102113.20	2595	0	AnneMcLaren	
401	0:07:37	1/1/2019 	450055	93.00	8.00	6.42	24.93	102113.20	1847	0	AnneMcLaren	
402	0:07:37	1/1/2019 	450808	82.00	8.00	6.17	24.94	102113.42	49825	0	AnneMcLaren	
403	0:07:39	1/1/2019 	452207	184.00	8.00	8.92	24.94	102113.09	49823	0	AnneMcLaren	
404	0:07:44	1/1/2019 	457438	118.00	8.00	7.09	24.95	102112.44	241732	0	AnneMcLaren	
405	0:07:45	1/1/2019 	458087	166.00	8.00	8.46	24.95	102112.09	51928	0	AnneMcLaren	
406	0:07:45	1/1/2019 	458352	184.00	7.00	8.91	24.96	102112.28	1849	0	AnneMcLaren	
407	0:07:48	1/1/2019 	461999	569.00	8.00	13.48	24.97	102112.26	193755	1	AnneMcLaren	
408	0:07:50	1/1/2019 	463415	596.00	8.00	13.79	24.97	102112.31	50575	1	AnneMcLaren	
409	0:07:50	1/1/2019 	463943	105.00	8.00	6.73	24.97	102112.53	49824	0	AnneMcLaren	
410	0:07:51	1/1/2019 	464165	326.00	8.00	11.39	24.97	102112.53	1848	0	AnneMcLaren	
411	0:07:52	1/1/2019 	465227	754.00	21.00	18.41	24.97	102112.41	51928	0	AnneMcLaren	
412	0:07:52	1/1/2019 	465453	844.00	58.00	23.40	24.97	102112.22	1851	0	AnneMcLaren	
413	0:07:55	1/1/2019 	468953	592.00	9.00	13.92	24.98	102111.28	193756	0	AnneMcLaren	
414	0:07:56	1/1/2019 	469194	93.00	7.00	6.42	24.98	102111.28	1850	0	AnneMcLaren	
415	0:07:56	1/1/2019 	469233	142.00	8.00	7.79	24.98	102111.28	1850	0	AnneMcLaren	
416	0:07:58	1/1/2019 	471220	575.00	8.00	13.55	24.99	102110.51	97803	0	AnneMcLaren	
417	0:07:59	1/1/2019 	472365	104.00	8.00	6.70	24.99	102109.81	50575	0	AnneMcLaren	
418	0:08:01	1/1/2019 	474112	298.00	8.00	11.03	24.99	102109.88	99909	1	AnneMcLaren	
419	0:08:03	1/1/2019 	476265	634.00	9.00	14.40	25.00	102109.97	97803	0	AnneMcLaren	
420	0:08:03	1/1/2019 	476798	558.00	8.00	13.36	25.00	102109.80	49826	1	AnneMcLaren	
421	0:08:03	1/1/2019 	476956	921.00	131.00	36.00	25.00	102109.80	1847	0	AnneMcLaren	
422	0:08:05	1/1/2019 	478770	722.00	15.00	16.68	25.00	102108.98	97804	0	AnneMcLaren	
423	0:08:06	1/1/2019 	479711	137.00	8.00	7.64	25.00	102109.20	49829	0	AnneMcLaren	
424	0:08:08	1/1/2019 	481459	309.00	8.00	11.18	25.01	102109.65	52733	1	AnneMcLaren	
425	0:08:08	1/1/2019 	481797	65.00	8.00	5.92	25.01	102109.47	49823	0	AnneMcLaren	
426	0:08:09	1/1/2019 	482924	160.00	8.00	8.30	25.01	102109.48	49823	0	AnneMcLaren	
427	0:08:13	1/1/2019 	486395	72.00	8.00	6.00	25.02	102109.96	145779	0	AnneMcLaren	
428	0:08:14	1/1/2019 	487644	414.00	8.00	12.23	25.02	102109.61	97801	0	AnneMcLaren	
429	0:08:16	1/1/2019 	489764	101.00	8.00	6.62	25.03	102109.38	97806	0	AnneMcLaren	
430	0:08:17	1/1/2019 	490276	356.00	8.00	11.72	25.03	102109.77	4758	1	AnneMcLaren	
431	0:08:18	1/1/2019 	492020	442.00	8.00	12.43	25.03	102109.64	97801	0	AnneMcLaren	
432	0:08:19	1/1/2019 	492331	74.00	7.00	6.03	25.03	102109.30	1848	0	AnneMcLaren	
433	0:08:20	1/1/2019 	493478	609.00	9.00	14.14	25.04	102109.69	49826	0	AnneMcLaren	
434	0:08:23	1/1/2019 	496158	607.00	3.00	12.70	25.04	102110.63	145780	0	AnneMcLaren	
435	0:08:23	1/1/2019 	497008	69.00	8.00	5.97	25.05	102110.68	49826	0	AnneMcLaren	
436	0:08:24	1/1/2019 	497433	164.00	8.00	8.40	25.05	102110.16	3813	0	AnneMcLaren	
437	0:08:27	1/1/2019 	500060	605.00	9.00	14.09	25.05	102109.58	145771	1	AnneMcLaren	
438	0:08:27	1/1/2019 	500557	247.00	8.00	10.24	25.05	102109.41	50576	1	AnneMcLaren	
439	0:08:27	1/1/2019 	500801	146.00	8.00	7.90	25.05	102109.41	1847	0	AnneMcLaren	
440	0:08:28	1/1/2019 	501171	925.00	135.00	36.74	25.06	102109.59	1848	0	AnneMcLaren	
441	0:08:28	1/1/2019 	501291	77.00	8.00	6.08	25.06	102109.59	1851	0	AnneMcLaren	
442	0:08:28	1/1/2019 	501308	650.00	9.00	14.52	25.06	102109.59	3952	1	AnneMcLaren	
443	0:08:30	1/1/2019 	503744	100.00	8.00	6.59	25.06	102108.64	145777	0	AnneMcLaren	
444	0:08:31	1/1/2019 	504681	140.00	8.00	7.73	25.06	102108.17	49824	0	AnneMcLaren	
445	0:08:31	1/1/2019 	504819	117.00	8.00	7.06	25.06	102108.17	1849	0	AnneMcLaren	
446	0:08:32	1/1/2019 	505053	72.00	8.00	6.00	25.06	102107.82	1847	0	AnneMcLaren	
447	0:08:32	1/1/2019 	505643	73.00	8.00	6.02	25.06	102107.47	49824	0	AnneMcLaren	
448	0:08:34	1/1/2019 	507183	206.00	8.00	9.43	25.07	102107.19	51790	0	AnneMcLaren	
449	0:08:37	1/1/2019 	511026	471.00	8.00	12.62	25.08	102106.62	193756	0	AnneMcLaren	
450	0:08:40	1/1/2019 	513598	185.00	8.00	8.95	25.09	102106.73	146532	0	AnneMcLaren	
451	0:08:40	1/1/2019 	513941	104.00	7.00	6.70	25.09	102106.73	1848	0	AnneMcLaren	
452	0:08:41	1/1/2019 	514144	813.00	42.00	21.73	25.09	102106.55	1849	1	AnneMcLaren	
453	0:08:41	1/1/2019 	514620	770.00	23.00	18.89	25.09	102106.61	49829	0	AnneMcLaren	
454	0:08:41	1/1/2019 	514904	912.00	106.00	31.17	25.09	102106.61	3954	1	AnneMcLaren	
455	0:08:42	1/1/2019 	515126	219.00	8.00	9.71	25.09	102106.26	1850	0	AnneMcLaren	
456	0:08:42	1/1/2019 	515942	109.00	8.00	6.84	25.09	102106.12	49826	0	AnneMcLaren	
457	0:08:44	1/1/2019 	517088	133.00	8.00	7.53	25.10	102105.84	49830	0	AnneMcLaren	
458	0:08:44	1/1/2019 	517689	193.00	8.00	9.14	25.10	102105.67	49825	0	AnneMcLaren	
459	0:08:45	1/1/2019 	518822	222.00	8.00	9.77	25.10	102105.55	49825	0	AnneMcLaren	
460	0:08:46	1/1/2019 	519664	959.00	200.00	45.43	25.10	102105.78	51794	0	AnneMcLaren	
461	0:08:48	1/1/2019 	521972	155.00	8.00	8.16	25.11	102105.70	98555	0	AnneMcLaren	
462	0:08:50	1/1/2019 	523299	78.00	7.00	6.10	25.11	102105.40	49825	0	AnneMcLaren	
463	0:08:51	1/1/2019 	524897	104.00	8.00	6.70	25.12	102105.42	97803	0	AnneMcLaren	
464	0:08:52	1/1/2019 	525210	975.00	471.00	83.40	25.12	102105.26	1849	1	AnneMcLaren	
465	0:08:52	1/1/2019 	525613	135.00	8.00	7.59	25.12	102105.48	49828	0	AnneMcLaren	
466	0:08:52	1/1/2019 	525780	718.00	13.00	16.01	25.12	102105.48	3952	0	AnneMcLaren	
467	0:08:53	1/1/2019 	526417	564.00	12.00	13.95	25.12	102105.48	1849	0	AnneMcLaren	
468	0:08:55	1/1/2019 	528636	952.00	150.00	39.29	25.12	102105.34	145780	1	AnneMcLaren	
469	0:08:55	1/1/2019 	528993	366.00	8.00	11.82	25.12	102105.53	1852	0	AnneMcLaren	
470	0:08:57	1/1/2019 	530364	90.00	8.00	6.35	25.13	102105.62	49826	0	AnneMcLaren	
471	0:08:57	1/1/2019 	531019	676.00	10.00	14.93	25.13	102105.28	50577	0	AnneMcLaren	
472	0:09:00	1/1/2019 	533876	868.00	82.00	26.69	25.14	102105.73	147876	0	AnneMcLaren	
473	0:09:01	1/1/2019 	534098	208.00	8.00	9.48	25.14	102105.73	1851	0	AnneMcLaren	
474	0:09:02	1/1/2019 	535058	898.00	102.00	30.37	25.14	102105.61	49824	0	AnneMcLaren	
475	0:09:04	1/1/2019 	537145	172.00	7.00	8.61	25.14	102105.50	97802	0	AnneMcLaren	
476	0:09:05	1/1/2019 	538364	480.00	8.00	12.68	25.15	102105.39	49826	0	AnneMcLaren	
477	0:09:05	1/1/2019 	538884	608.00	9.00	14.12	25.15	102105.21	49824	0	AnneMcLaren	
478	0:09:08	1/1/2019 	541463	92.00	8.00	6.39	25.16	102105.32	99825	0	AnneMcLaren	
479	0:09:11	1/1/2019 	544320	118.00	8.00	7.09	25.16	102104.86	146525	0	AnneMcLaren	
480	0:09:11	1/1/2019 	544623	72.00	8.00	6.00	25.16	102104.69	49825	0	AnneMcLaren	
481	0:09:11	1/1/2019 	544752	71.00	8.00	5.99	25.16	102104.69	1847	0	AnneMcLaren	
482	0:09:12	1/1/2019 	545887	849.00	67.00	24.47	25.17	102104.95	49823	0	AnneMcLaren	
483	0:09:16	1/1/2019 	549861	105.00	7.00	6.72	25.18	102105.80	193758	0	AnneMcLaren	
484	0:09:17	1/1/2019 	550052	69.00	8.00	5.97	25.18	102105.80	4733	0	AnneMcLaren	
485	0:09:18	1/1/2019 	551454	135.00	8.00	7.59	25.18	102106.01	49825	0	AnneMcLaren	
486	0:09:18	1/1/2019 	551809	746.00	19.00	17.89	25.18	102106.01	49823	0	AnneMcLaren	
487	0:09:19	1/1/2019 	552228	73.00	8.00	6.02	25.18	102106.01	1849	0	AnneMcLaren	
488	0:09:21	1/1/2019 	554950	391.00	8.00	12.05	25.19	102106.28	145774	0	AnneMcLaren	
489	0:09:24	1/1/2019 	558034	142.00	8.00	7.79	25.20	102106.59	145775	0	AnneMcLaren	
490	0:09:26	1/1/2019 	559353	210.00	8.00	9.52	25.20	102106.78	51792	0	AnneMcLaren	
491	0:09:27	1/1/2019 	560593	181.00	8.00	8.85	25.20	102106.66	97803	0	AnneMcLaren	
492	0:09:27	1/1/2019 	560676	81.00	8.00	6.15	25.20	102106.66	2598	0	AnneMcLaren	
493	0:09:27	1/1/2019 	560826	321.00	8.00	11.33	25.20	102106.66	1847	0	AnneMcLaren	
494	0:09:27	1/1/2019 	560893	967.00	222.00	47.47	25.20	102106.66	1847	1	AnneMcLaren	
495	0:09:29	1/1/2019 	562566	204.00	8.00	9.39	25.20	102106.72	97803	0	AnneMcLaren	
496	0:09:29	1/1/2019 	562685	960.00	176.00	42.88	25.20	102106.72	4007	1	AnneMcLaren	
497	0:09:30	1/1/2019 	563167	69.00	7.00	5.96	25.20	102106.55	1850	0	AnneMcLaren	
498	0:09:30	1/1/2019 	563397	83.00	8.00	6.19	25.20	102106.55	1850	0	AnneMcLaren	
499	0:09:31	1/1/2019 	564254	90.00	8.00	6.35	25.21	102106.42	49823	0	AnneMcLaren	
500	0:09:32	1/1/2019 	565348	64.00	9.00	5.92	25.21	102106.30	49825	0	AnneMcLaren	
501	0:09:32	1/1/2019 	565902	74.00	8.00	6.03	25.21	102105.77	49826	0	AnneMcLaren	
502	0:09:33	1/1/2019 	566411	94.00	8.00	6.44	25.21	102105.96	1848	0	AnneMcLaren	
503	0:09:33	1/1/2019 	566661	196.00	8.00	9.21	25.21	102105.62	51791	0	AnneMcLaren	
504	0:09:34	1/1/2019 	567232	171.00	8.00	8.59	25.21	102105.80	1847	0	AnneMcLaren	
505	0:09:35	1/1/2019 	568105	595.00	9.00	13.96	25.22	102105.67	49826	0	AnneMcLaren	
506	0:09:35	1/1/2019 	568167	127.00	8.00	7.35	25.22	102105.67	1851	0	AnneMcLaren	
507	0:09:35	1/1/2019 	568835	141.00	8.00	7.76	25.22	102105.50	49824	0	AnneMcLaren	
508	0:09:38	1/1/2019 	571274	565.00	8.00	13.44	25.22	102105.25	97803	1	AnneMcLaren	
509	0:09:39	1/1/2019 	572473	964.00	251.00	50.36	25.22	102105.61	52731	0	AnneMcLaren	
510	0:09:39	1/1/2019 	573019	142.00	8.00	7.79	25.22	102105.61	49830	0	AnneMcLaren	
511	0:09:43	1/1/2019 	576349	469.00	8.00	12.61	25.23	102105.58	145777	0	AnneMcLaren	
512	0:09:48	1/1/2019 	582032	676.00	11.00	15.26	25.24	102105.19	289710	0	AnneMcLaren	
513	0:09:49	1/1/2019 	582341	106.00	8.00	6.75	25.25	102105.59	2599	0	AnneMcLaren	
514	0:09:49	1/1/2019 	582422	458.00	8.00	12.54	25.25	102105.59	1848	0	AnneMcLaren	
515	0:09:49	1/1/2019 	582669	149.00	8.00	7.99	25.25	102105.59	51926	0	AnneMcLaren	
516	0:09:53	1/1/2019 	586151	803.00	37.00	21.16	25.25	102106.04	145776	0	AnneMcLaren	
517	0:09:53	1/1/2019 	586659	117.00	8.00	7.06	25.25	102106.04	49826	0	AnneMcLaren	
518	0:09:53	1/1/2019 	586807	109.00	8.00	6.84	25.25	102106.04	1847	0	AnneMcLaren	
519	0:09:54	1/1/2019 	587083	89.00	8.00	6.32	25.25	102106.04	1847	0	AnneMcLaren	
520	0:09:55	1/1/2019 	588455	959.00	189.00	44.33	25.26	102106.48	49824	1	AnneMcLaren	
521	0:09:58	1/1/2019 	591770	450.00	9.00	12.56	25.26	102106.19	195726	0	AnneMcLaren	
522	0:10:00	1/1/2019 	593413	955.00	163.00	41.22	25.27	102106.45	50576	0	AnneMcLaren	
523	0:10:01	1/1/2019 	594862	71.00	8.00	5.99	25.27	102106.30	97805	0	AnneMcLaren	
524	0:10:02	1/1/2019 	595583	641.00	9.00	14.46	25.27	102106.17	49826	0	AnneMcLaren	
525	0:10:02	1/1/2019 	595994	189.00	8.00	9.04	25.27	102106.00	1850	0	AnneMcLaren	
526	0:10:03	1/1/2019 	596814	909.00	112.00	32.34	25.28	102106.19	49825	0	AnneMcLaren	
527	0:10:03	1/1/2019 	596986	111.00	8.00	6.89	25.28	102106.02	3955	0	AnneMcLaren	
528	0:10:04	1/1/2019 	597287	962.00	209.00	46.27	25.28	102106.02	1849	0	AnneMcLaren	
529	0:10:06	1/1/2019 	599468	123.00	8.00	7.24	25.28	102106.25	97806	0	AnneMcLaren	
530	0:10:06	1/1/2019 	599699	62.00	8.00	5.90	25.28	102106.25	49826	0	AnneMcLaren	
531	0:10:06	1/1/2019 	599702	583.00	9.00	13.81	25.28	102106.25	2595	0	AnneMcLaren	
532	0:10:08	1/1/2019 	601457	127.00	8.00	7.35	25.29	102106.86	49825	0	AnneMcLaren	
533	0:10:08	1/1/2019 	601934	802.00	39.00	21.39	25.29	102106.69	51929	0	AnneMcLaren	
534	0:10:10	1/1/2019 	602805	918.00	125.00	34.88	25.29	102106.70	49826	0	AnneMcLaren	
535	0:10:10	1/1/2019 	603572	940.00	145.00	38.48	25.29	102106.92	49828	0	AnneMcLaren	
536	0:10:11	1/1/2019 	603857	181.00	8.00	8.85	25.29	102106.92	1851	0	AnneMcLaren	
537	0:10:16	1/1/2019 	609708	142.00	8.00	7.79	25.30	102106.61	289714	0	AnneMcLaren	
538	0:10:17	1/1/2019 	609943	388.00	8.00	12.02	25.30	102106.61	2596	0	AnneMcLaren	
539	0:10:18	1/1/2019 	611497	74.00	8.00	6.03	25.31	102106.10	51928	0	AnneMcLaren	
540	0:10:21	1/1/2019 	614674	421.00	8.00	12.28	25.31	102105.69	193755	0	AnneMcLaren	
541	0:10:21	1/1/2019 	614782	117.00	8.00	7.06	25.31	102105.69	1849	0	AnneMcLaren	
542	0:10:22	1/1/2019 	615486	176.00	8.00	8.72	25.31	102105.52	1848	1	AnneMcLaren	
543	0:10:22	1/1/2019 	615798	112.00	7.00	6.92	25.32	102105.70	49825	1	AnneMcLaren	
544	0:10:24	1/1/2019 	616867	334.00	8.00	11.48	25.32	102105.18	49825	0	AnneMcLaren	
545	0:10:24	1/1/2019 	617634	154.00	8.00	8.13	25.32	102105.41	51844	0	AnneMcLaren	
546	0:10:25	1/1/2019 	618591	404.00	8.00	12.15	25.32	102105.45	49823	0	AnneMcLaren	
547	0:10:26	1/1/2019 	618888	566.00	8.00	13.45	25.32	102105.10	1848	0	AnneMcLaren	
548	0:10:26	1/1/2019 	619468	106.00	8.00	6.75	25.32	102105.14	1849	0	AnneMcLaren	
