###################################################################################################
### CosmicWatch: The Desktop Muon Detector
### Device ID: AnneMcLaren
### Launch time: 0:00:06 1/1/2019
### Questions? Email Spencer N. Axani (saxani@mit.edu)
### Event Time Date TimeStamp[ms] ADC1 ADC2 SiPM[mV] Temp[C] Pressure[Pa] DeadTime[us] Coincident ID
###################################################################################################
1	0:00:07	1/1/2019 	728	81.00	8.00	6.15	25.62	101803.23	95944	0	AnneMcLaren	
2	0:00:10	1/1/2019 	3146	884.00	86.00	27.40	25.61	101806.43	101898	1	AnneMcLaren	
3	0:00:10	1/1/2019 	3151	132.00	8.00	7.50	25.61	101806.43	1850	0	AnneMcLaren	
4	0:00:10	1/1/2019 	3686	512.00	9.00	13.03	25.61	101806.91	49819	1	AnneMcLaren	
5	0:00:12	1/1/2019 	5971	213.00	8.00	9.58	25.60	101809.41	97787	0	AnneMcLaren	
6	0:00:13	1/1/2019 	6413	630.00	9.00	14.37	25.60	101809.56	1848	0	AnneMcLaren	
7	0:00:14	1/1/2019 	7723	968.00	293.00	55.95	25.59	101810.07	97792	1	AnneMcLaren	
8	0:00:17	1/1/2019 	10435	616.00	9.00	14.22	25.58	101811.61	99757	1	AnneMcLaren	
9	0:00:17	1/1/2019 	10556	252.00	9.00	10.35	25.58	101811.61	50570	0	AnneMcLaren	
10	0:00:17	1/1/2019 	10767	184.00	8.00	8.92	25.58	101811.61	1849	0	AnneMcLaren	
11	0:00:17	1/1/2019 	10952	64.00	8.00	5.92	25.58	101811.91	1847	0	AnneMcLaren	
12	0:00:18	1/1/2019 	11360	438.00	9.00	12.47	25.58	101811.91	1845	0	AnneMcLaren	
13	0:00:21	1/1/2019 	14138	534.00	12.00	13.54	25.57	101813.67	145758	0	AnneMcLaren	
14	0:00:21	1/1/2019 	14397	82.00	8.00	6.17	25.57	101813.67	1849	0	AnneMcLaren	
15	0:00:22	1/1/2019 	15733	99.00	8.00	6.57	25.56	101814.12	99889	0	AnneMcLaren	
16	0:00:24	1/1/2019 	17262	451.00	9.00	12.57	25.55	101814.53	49824	0	AnneMcLaren	
17	0:00:27	1/1/2019 	20958	918.00	124.00	34.68	25.54	101815.55	193731	0	AnneMcLaren	
18	0:00:29	1/1/2019 	22901	260.00	8.00	10.46	25.53	101815.62	98541	0	AnneMcLaren	
19	0:00:30	1/1/2019 	23778	83.00	8.00	6.19	25.53	101815.38	49820	0	AnneMcLaren	
20	0:00:32	1/1/2019 	25568	82.00	8.00	6.17	25.52	101815.80	97791	0	AnneMcLaren	
21	0:00:33	1/1/2019 	26195	131.00	8.00	7.47	25.52	101815.92	3950	0	AnneMcLaren	
22	0:00:34	1/1/2019 	27680	151.00	8.00	8.05	25.51	101815.66	97792	0	AnneMcLaren	
23	0:00:35	1/1/2019 	28456	99.00	8.00	6.57	25.51	101815.44	1848	0	AnneMcLaren	
24	0:00:38	1/1/2019 	31431	84.00	8.00	6.21	25.49	101815.80	145762	0	AnneMcLaren	
25	0:00:39	1/1/2019 	32814	843.00	57.00	23.29	25.49	101815.69	98538	0	AnneMcLaren	
26	0:00:40	1/1/2019 	33072	82.00	8.00	6.17	25.49	101815.69	1850	0	AnneMcLaren	
27	0:00:40	1/1/2019 	33667	248.00	8.00	10.26	25.48	101815.99	51922	0	AnneMcLaren	
28	0:00:41	1/1/2019 	34272	880.00	86.00	27.39	25.48	101815.97	1848	1	AnneMcLaren	
29	0:00:41	1/1/2019 	34370	93.00	8.00	6.42	25.48	101815.97	1850	0	AnneMcLaren	
30	0:00:42	1/1/2019 	35674	285.00	9.00	10.88	25.48	101816.23	97791	0	AnneMcLaren	
31	0:00:43	1/1/2019 	36113	185.00	8.00	8.95	25.48	101816.23	1850	0	AnneMcLaren	
32	0:00:44	1/1/2019 	37910	229.00	8.00	9.91	25.47	101816.48	97792	0	AnneMcLaren	
33	0:00:45	1/1/2019 	38378	90.00	8.00	6.35	25.47	101816.46	3813	0	AnneMcLaren	
34	0:00:46	1/1/2019 	39846	692.00	12.00	15.64	25.46	101816.70	97792	0	AnneMcLaren	
35	0:00:47	1/1/2019 	40135	78.00	7.00	6.10	25.46	101816.70	2597	1	AnneMcLaren	
36	0:00:47	1/1/2019 	40935	161.00	8.00	8.32	25.46	101816.66	49823	0	AnneMcLaren	
37	0:00:47	1/1/2019 	40946	630.00	9.00	14.37	25.46	101816.66	1847	0	AnneMcLaren	
38	0:00:49	1/1/2019 	42273	275.00	8.00	10.70	25.45	101816.08	49819	0	AnneMcLaren	
39	0:00:51	1/1/2019 	44240	754.00	20.00	18.16	25.44	101815.28	97791	0	AnneMcLaren	
40	0:00:51	1/1/2019 	44381	599.00	9.00	14.01	25.44	101815.28	3953	0	AnneMcLaren	
41	0:00:51	1/1/2019 	44916	350.00	8.00	11.66	25.44	101815.06	49820	0	AnneMcLaren	
42	0:00:52	1/1/2019 	45917	381.00	9.00	12.02	25.44	101814.66	49821	0	AnneMcLaren	
43	0:00:53	1/1/2019 	46464	86.00	8.00	6.26	25.43	101814.48	1850	0	AnneMcLaren	
44	0:00:54	1/1/2019 	47003	629.00	9.00	14.36	25.43	101814.43	49819	0	AnneMcLaren	
45	0:00:54	1/1/2019 	47735	624.00	9.00	14.31	25.43	101814.21	49821	0	AnneMcLaren	
46	0:00:55	1/1/2019 	48022	151.00	8.00	8.05	25.43	101814.39	3815	0	AnneMcLaren	
47	0:00:55	1/1/2019 	48252	918.00	114.00	32.75	25.43	101814.39	1847	0	AnneMcLaren	
48	0:00:56	1/1/2019 	49042	121.00	8.00	7.18	25.43	101814.50	49820	0	AnneMcLaren	
49	0:00:58	1/1/2019 	51658	66.00	8.00	5.93	25.42	101815.44	145759	0	AnneMcLaren	
50	0:01:01	1/1/2019 	54096	234.00	8.00	10.00	25.41	101815.12	98541	1	AnneMcLaren	
51	0:01:01	1/1/2019 	54723	726.00	15.00	16.69	25.41	101815.46	49819	0	AnneMcLaren	
52	0:01:02	1/1/2019 	55669	184.00	8.00	8.92	25.40	101815.41	51978	0	AnneMcLaren	
53	0:01:03	1/1/2019 	56344	81.00	8.00	6.15	25.40	101815.58	1849	0	AnneMcLaren	
54	0:01:04	1/1/2019 	57249	359.00	8.00	11.75	25.40	101816.05	49820	1	AnneMcLaren	
55	0:01:11	1/1/2019 	64303	208.00	8.00	9.48	25.38	101815.27	337644	0	AnneMcLaren	
56	0:01:11	1/1/2019 	64644	101.00	8.00	6.62	25.38	101815.27	50565	0	AnneMcLaren	
57	0:01:16	1/1/2019 	69077	538.00	9.00	13.27	25.37	101813.89	193729	0	AnneMcLaren	
58	0:01:18	1/1/2019 	71325	617.00	9.00	14.23	25.36	101813.28	99896	0	AnneMcLaren	
59	0:01:18	1/1/2019 	71423	902.00	104.00	30.76	25.36	101813.28	2599	1	AnneMcLaren	
60	0:01:18	1/1/2019 	71953	976.00	468.00	83.05	25.36	101813.28	49818	0	AnneMcLaren	
61	0:01:20	1/1/2019 	73179	109.00	8.00	6.84	25.36	101812.36	49819	0	AnneMcLaren	
62	0:01:20	1/1/2019 	73977	198.00	8.00	9.25	25.36	101812.53	49816	0	AnneMcLaren	
63	0:01:21	1/1/2019 	74611	150.00	8.00	8.02	25.36	101812.31	49816	0	AnneMcLaren	
64	0:01:21	1/1/2019 	74860	65.00	8.00	5.92	25.36	101812.31	3950	0	AnneMcLaren	
65	0:01:23	1/1/2019 	75998	189.00	8.00	9.04	25.35	101812.27	49817	0	AnneMcLaren	
66	0:01:23	1/1/2019 	76261	72.00	8.00	6.00	25.35	101812.44	1849	0	AnneMcLaren	
67	0:01:25	1/1/2019 	78833	875.00	73.00	25.34	25.35	101811.81	145756	0	AnneMcLaren	
68	0:01:26	1/1/2019 	79186	592.00	9.00	13.92	25.35	101811.81	1851	1	AnneMcLaren	
69	0:01:26	1/1/2019 	79917	65.00	8.00	5.92	25.35	101812.16	49824	0	AnneMcLaren	
70	0:01:27	1/1/2019 	80878	106.00	8.00	6.75	25.35	101812.68	50567	0	AnneMcLaren	
71	0:01:28	1/1/2019 	81043	685.00	11.00	15.29	25.35	101812.68	4005	1	AnneMcLaren	
72	0:01:28	1/1/2019 	81119	137.00	8.00	7.64	25.35	101812.68	1850	0	AnneMcLaren	
73	0:01:29	1/1/2019 	82458	515.00	8.00	12.95	25.34	101812.80	49819	0	AnneMcLaren	
74	0:01:30	1/1/2019 	83959	467.00	8.00	12.60	25.34	101812.78	97796	0	AnneMcLaren	
75	0:01:30	1/1/2019 	83996	209.00	8.00	9.50	25.34	101812.78	1848	0	AnneMcLaren	
76	0:01:31	1/1/2019 	84004	99.00	8.00	6.57	25.34	101812.78	1847	0	AnneMcLaren	
77	0:01:31	1/1/2019 	84169	159.00	8.00	8.27	25.34	101812.78	3812	0	AnneMcLaren	
78	0:01:32	1/1/2019 	85908	962.00	188.00	44.23	25.34	101813.08	97792	0	AnneMcLaren	
79	0:01:34	1/1/2019 	87045	514.00	9.00	13.04	25.34	101813.43	49824	0	AnneMcLaren	
80	0:01:34	1/1/2019 	87696	702.00	12.00	15.66	25.34	101813.43	49823	0	AnneMcLaren	
81	0:01:34	1/1/2019 	87732	329.00	8.00	11.43	25.34	101813.43	1848	0	AnneMcLaren	
82	0:01:34	1/1/2019 	87984	342.00	8.00	11.57	25.34	101813.61	1847	0	AnneMcLaren	
83	0:01:35	1/1/2019 	88039	648.00	10.00	14.79	25.34	101813.61	3812	0	AnneMcLaren	
84	0:01:36	1/1/2019 	89164	109.00	8.00	6.84	25.33	101813.59	49823	0	AnneMcLaren	
85	0:01:36	1/1/2019 	89300	110.00	8.00	6.86	25.33	101813.77	1847	0	AnneMcLaren	
86	0:01:38	1/1/2019 	91912	97.00	8.00	6.52	25.33	101814.23	145764	0	AnneMcLaren	
87	0:01:39	1/1/2019 	92851	279.00	8.00	10.76	25.33	101814.19	50568	0	AnneMcLaren	
88	0:01:40	1/1/2019 	93782	114.00	8.00	6.98	25.33	101814.19	49821	0	AnneMcLaren	
89	0:01:42	1/1/2019 	95003	551.00	9.00	13.41	25.33	101814.89	51922	1	AnneMcLaren	
90	0:01:43	1/1/2019 	96898	415.00	8.00	12.24	25.33	101815.36	97795	1	AnneMcLaren	
91	0:01:45	1/1/2019 	98244	352.00	8.00	11.68	25.33	101815.70	49821	0	AnneMcLaren	
92	0:01:45	1/1/2019 	98996	190.00	8.00	9.07	25.33	101815.70	49821	0	AnneMcLaren	
93	0:01:46	1/1/2019 	99431	454.00	9.00	12.59	25.33	101815.53	1847	0	AnneMcLaren	
94	0:01:46	1/1/2019 	99597	566.00	8.00	13.45	25.33	101815.53	49825	0	AnneMcLaren	
95	0:01:49	1/1/2019 	102481	123.00	8.00	7.24	25.32	101815.00	98540	0	AnneMcLaren	
96	0:01:50	1/1/2019 	103128	923.00	133.00	36.37	25.32	101814.83	51922	0	AnneMcLaren	
97	0:01:51	1/1/2019 	104949	172.00	8.00	8.62	25.32	101815.00	97798	0	AnneMcLaren	
98	0:01:53	1/1/2019 	106803	216.00	8.00	9.65	25.32	101815.00	97797	0	AnneMcLaren	
99	0:01:54	1/1/2019 	107801	168.00	8.00	8.51	25.32	101814.83	49821	1	AnneMcLaren	
100	0:01:57	1/1/2019 	110225	963.00	192.00	44.64	25.32	101814.27	97796	0	AnneMcLaren	
101	0:01:57	1/1/2019 	110554	953.00	145.00	38.48	25.32	101814.44	50574	0	AnneMcLaren	
102	0:01:58	1/1/2019 	111551	900.00	103.00	30.56	25.32	101814.44	51928	0	AnneMcLaren	
103	0:01:58	1/1/2019 	111820	558.00	9.00	13.50	25.32	101814.44	1851	0	AnneMcLaren	
104	0:02:00	1/1/2019 	113921	65.00	8.00	5.92	25.32	101814.61	97798	0	AnneMcLaren	
105	0:02:01	1/1/2019 	114371	66.00	8.00	5.93	25.32	101814.61	1849	0	AnneMcLaren	
106	0:02:03	1/1/2019 	116438	121.00	7.00	7.18	25.32	101814.61	97798	0	AnneMcLaren	
107	0:02:04	1/1/2019 	117477	201.00	8.00	9.32	25.32	101814.61	49824	0	AnneMcLaren	
108	0:02:04	1/1/2019 	117713	312.00	8.00	11.22	25.32	101814.61	51791	0	AnneMcLaren	
109	0:02:07	1/1/2019 	120635	89.00	8.00	6.32	25.32	101814.83	145773	0	AnneMcLaren	
110	0:02:07	1/1/2019 	120681	184.00	8.00	8.92	25.32	101814.83	2596	0	AnneMcLaren	
111	0:02:07	1/1/2019 	120835	245.00	9.00	10.22	25.32	101814.83	1848	0	AnneMcLaren	
112	0:02:08	1/1/2019 	121014	700.00	12.00	15.65	25.32	101814.83	1851	0	AnneMcLaren	
113	0:02:09	1/1/2019 	122601	93.00	8.00	6.42	25.32	101814.83	97798	0	AnneMcLaren	
114	0:02:11	1/1/2019 	124771	83.00	8.00	6.19	25.32	101814.83	99900	0	AnneMcLaren	
115	0:02:12	1/1/2019 	125471	77.00	8.00	6.08	25.32	101814.83	1848	0	AnneMcLaren	
116	0:02:13	1/1/2019 	126112	252.00	8.00	10.33	25.32	101814.66	49821	1	AnneMcLaren	
117	0:02:14	1/1/2019 	127035	544.00	8.00	13.21	25.32	101814.48	49827	1	AnneMcLaren	
118	0:02:14	1/1/2019 	127733	890.00	80.00	26.43	25.32	101814.30	49823	0	AnneMcLaren	
119	0:02:15	1/1/2019 	128176	71.00	8.00	5.99	25.32	101814.30	1850	0	AnneMcLaren	
120	0:02:16	1/1/2019 	129278	424.00	9.00	12.37	25.32	101813.79	51789	0	AnneMcLaren	
121	0:02:16	1/1/2019 	129878	224.00	8.00	9.81	25.32	101813.62	49827	1	AnneMcLaren	
122	0:02:18	1/1/2019 	131117	148.00	8.00	7.96	25.32	101813.44	50571	0	AnneMcLaren	
123	0:02:18	1/1/2019 	131357	104.00	8.00	6.70	25.32	101813.44	1849	0	AnneMcLaren	
124	0:02:18	1/1/2019 	131657	63.00	8.00	5.91	25.32	101813.44	49820	0	AnneMcLaren	
125	0:02:24	1/1/2019 	137243	73.00	8.00	6.02	25.33	101813.11	241719	0	AnneMcLaren	
126	0:02:25	1/1/2019 	138250	915.00	116.00	33.13	25.33	101812.94	51927	0	AnneMcLaren	
127	0:02:25	1/1/2019 	138893	77.00	8.00	6.08	25.33	101812.94	49826	0	AnneMcLaren	
128	0:02:26	1/1/2019 	139256	199.00	8.00	9.28	25.33	101812.94	1847	0	AnneMcLaren	
129	0:02:27	1/1/2019 	140048	132.00	7.00	7.49	25.33	101812.94	49823	0	AnneMcLaren	
130	0:02:27	1/1/2019 	140269	109.00	8.00	6.84	25.33	101812.94	2599	0	AnneMcLaren	
131	0:02:29	1/1/2019 	142687	390.00	9.00	12.10	25.33	101813.11	145772	0	AnneMcLaren	
132	0:02:30	1/1/2019 	143167	89.00	8.00	6.32	25.33	101813.11	3953	0	AnneMcLaren	
133	0:02:30	1/1/2019 	143402	184.00	8.00	8.92	25.33	101812.94	1848	0	AnneMcLaren	
134	0:02:30	1/1/2019 	143430	90.00	8.00	6.35	25.33	101812.94	1847	0	AnneMcLaren	
135	0:02:31	1/1/2019 	144821	76.00	8.00	6.07	25.33	101813.33	97796	0	AnneMcLaren	
136	0:02:33	1/1/2019 	146698	130.00	8.00	7.44	25.33	101813.33	97798	0	AnneMcLaren	
137	0:02:38	1/1/2019 	151834	98.00	8.00	6.54	25.33	101814.06	241723	0	AnneMcLaren	
138	0:02:39	1/1/2019 	152867	92.00	8.00	6.39	25.33	101814.06	52700	0	AnneMcLaren	
139	0:02:40	1/1/2019 	153490	68.00	8.00	5.95	25.33	101814.23	1848	0	AnneMcLaren	
140	0:02:40	1/1/2019 	153496	74.00	8.00	6.03	25.33	101814.80	1848	0	AnneMcLaren	
141	0:02:40	1/1/2019 	153807	160.00	8.00	8.30	25.33	101814.80	49821	0	AnneMcLaren	
142	0:02:41	1/1/2019 	154210	621.00	9.00	14.28	25.33	101814.98	1847	0	AnneMcLaren	
143	0:02:41	1/1/2019 	154563	104.00	8.00	6.70	25.33	101814.98	49824	0	AnneMcLaren	
144	0:02:41	1/1/2019 	154979	157.00	8.00	8.21	25.33	101814.98	3814	0	AnneMcLaren	
145	0:02:42	1/1/2019 	155728	63.00	8.00	5.91	25.33	101815.15	49821	0	AnneMcLaren	
146	0:02:43	1/1/2019 	156139	567.00	9.00	13.60	25.34	101815.52	1848	0	AnneMcLaren	
147	0:02:44	1/1/2019 	157985	94.00	8.00	6.44	25.34	101814.81	97797	0	AnneMcLaren	
148	0:02:46	1/1/2019 	159121	91.00	8.00	6.37	25.34	101815.20	49822	0	AnneMcLaren	
149	0:02:48	1/1/2019 	161882	183.00	8.00	8.90	25.34	101815.20	145767	0	AnneMcLaren	
150	0:02:49	1/1/2019 	162553	287.00	8.00	10.88	25.34	101815.03	50571	0	AnneMcLaren	
151	0:02:49	1/1/2019 	162704	82.00	8.00	6.17	25.34	101815.03	3951	0	AnneMcLaren	
152	0:02:52	1/1/2019 	165838	305.00	9.00	11.16	25.34	101815.62	145773	0	AnneMcLaren	
153	0:02:53	1/1/2019 	166596	101.00	7.00	6.62	25.34	101815.44	49824	0	AnneMcLaren	
154	0:02:56	1/1/2019 	169787	174.00	8.00	8.67	25.35	101815.62	145778	0	AnneMcLaren	
155	0:02:57	1/1/2019 	170052	96.00	8.00	6.49	25.35	101815.62	2602	0	AnneMcLaren	
156	0:02:57	1/1/2019 	170149	62.00	8.00	5.90	25.35	101815.62	1854	0	AnneMcLaren	
157	0:02:57	1/1/2019 	170376	74.00	8.00	6.03	25.35	101815.62	3959	0	AnneMcLaren	
158	0:02:59	1/1/2019 	172722	901.00	102.00	30.38	25.35	101815.84	145777	0	AnneMcLaren	
159	0:03:02	1/1/2019 	175484	92.00	8.00	6.39	25.35	101816.06	97802	0	AnneMcLaren	
160	0:03:03	1/1/2019 	176688	401.00	9.00	12.19	25.35	101816.25	97798	0	AnneMcLaren	
161	0:03:03	1/1/2019 	176813	127.00	8.00	7.35	25.35	101816.25	1851	0	AnneMcLaren	
162	0:03:04	1/1/2019 	177624	950.00	148.00	38.97	25.36	101816.47	49823	0	AnneMcLaren	
163	0:03:05	1/1/2019 	178567	890.00	94.00	28.84	25.36	101816.64	51794	0	AnneMcLaren	
164	0:03:06	1/1/2019 	179190	592.00	8.00	13.74	25.36	101816.30	1851	0	AnneMcLaren	
165	0:03:06	1/1/2019 	179619	93.00	8.00	6.42	25.36	101816.52	49826	0	AnneMcLaren	
166	0:03:06	1/1/2019 	179718	120.00	8.00	7.15	25.36	101816.52	2595	0	AnneMcLaren	
167	0:03:06	1/1/2019 	179748	797.00	31.00	20.37	25.36	101816.52	1847	0	AnneMcLaren	
168	0:03:08	1/1/2019 	181089	106.00	7.00	6.75	25.36	101816.69	49826	0	AnneMcLaren	
169	0:03:08	1/1/2019 	181892	631.00	9.00	14.38	25.36	101816.73	180014	0	AnneMcLaren	
170	0:03:09	1/1/2019 	182705	586.00	9.00	13.84	25.36	101816.73	49825	0	AnneMcLaren	
171	0:03:11	1/1/2019 	184082	171.00	8.00	8.59	25.36	101816.23	49826	0	AnneMcLaren	
172	0:03:11	1/1/2019 	184764	71.00	8.00	5.99	25.36	101816.05	49823	0	AnneMcLaren	
173	0:03:12	1/1/2019 	185917	577.00	9.00	13.73	25.36	101815.19	49822	0	AnneMcLaren	
174	0:03:13	1/1/2019 	186743	162.00	2.00	8.31	25.37	101815.23	49824	1	AnneMcLaren	
175	0:03:13	1/1/2019 	186836	133.00	8.00	7.53	25.37	101815.23	3814	0	AnneMcLaren	
176	0:03:14	1/1/2019 	187695	95.00	8.00	6.47	25.37	101815.06	49821	0	AnneMcLaren	
177	0:03:15	1/1/2019 	188444	86.00	8.00	6.26	25.37	101814.71	1848	0	AnneMcLaren	
178	0:03:15	1/1/2019 	188556	168.00	8.00	8.51	25.37	101814.71	49824	0	AnneMcLaren	
179	0:03:16	1/1/2019 	189747	108.00	8.00	6.81	25.37	101814.76	49824	0	AnneMcLaren	
180	0:03:17	1/1/2019 	190919	151.00	8.00	8.05	25.37	101814.77	50571	0	AnneMcLaren	
181	0:03:18	1/1/2019 	191903	943.00	145.00	38.48	25.37	101814.42	51927	0	AnneMcLaren	
182	0:03:19	1/1/2019 	192359	63.00	8.00	5.91	25.37	101814.08	1851	0	AnneMcLaren	
183	0:03:19	1/1/2019 	192892	153.00	8.00	8.10	25.37	101813.91	49824	0	AnneMcLaren	
184	0:03:20	1/1/2019 	193942	970.00	357.00	67.14	25.37	101813.92	49824	0	AnneMcLaren	
185	0:03:21	1/1/2019 	194078	265.00	8.00	10.54	25.37	101813.75	1851	0	AnneMcLaren	
186	0:03:21	1/1/2019 	194797	685.00	11.00	15.29	25.37	101813.75	49824	0	AnneMcLaren	
187	0:03:22	1/1/2019 	195368	99.00	8.00	6.57	25.37	101813.57	3815	0	AnneMcLaren	
188	0:03:22	1/1/2019 	195617	179.00	8.00	8.80	25.38	101813.79	49823	0	AnneMcLaren	
189	0:03:22	1/1/2019 	195748	931.00	133.00	36.38	25.38	101813.79	1848	0	AnneMcLaren	
190	0:03:22	1/1/2019 	195799	146.00	8.00	7.90	25.38	101813.79	1849	0	AnneMcLaren	
191	0:03:24	1/1/2019 	197327	633.00	9.00	14.40	25.38	101813.66	49822	0	AnneMcLaren	
192	0:03:24	1/1/2019 	197628	147.00	8.00	7.93	25.38	101813.66	49824	0	AnneMcLaren	
193	0:03:24	1/1/2019 	197642	135.00	8.00	7.59	25.38	101813.66	3813	0	AnneMcLaren	
194	0:03:25	1/1/2019 	198811	100.00	8.00	6.59	25.38	101813.14	49823	0	AnneMcLaren	
195	0:03:26	1/1/2019 	199496	171.00	8.00	8.59	25.38	101812.97	1849	0	AnneMcLaren	
196	0:03:26	1/1/2019 	199603	688.00	11.00	15.29	25.38	101813.19	49825	0	AnneMcLaren	
197	0:03:27	1/1/2019 	200378	308.00	8.00	11.17	25.38	101813.19	2816	0	AnneMcLaren	
198	0:03:28	1/1/2019 	201552	824.00	56.00	23.15	25.38	101813.38	97805	0	AnneMcLaren	
199	0:03:29	1/1/2019 	202062	153.00	8.00	8.10	25.38	101813.20	4013	1	AnneMcLaren	
200	0:03:30	1/1/2019 	203905	964.00	195.00	44.94	25.39	101813.42	97802	0	AnneMcLaren	
201	0:03:31	1/1/2019 	204481	466.00	8.00	12.59	25.39	101813.81	1851	1	AnneMcLaren	
202	0:03:31	1/1/2019 	204488	174.00	8.00	8.67	25.39	101813.81	1849	0	AnneMcLaren	
203	0:03:31	1/1/2019 	204609	745.00	18.00	17.61	25.39	101813.64	49821	0	AnneMcLaren	
204	0:03:31	1/1/2019 	204825	891.00	88.00	27.77	25.39	101813.64	1850	1	AnneMcLaren	
205	0:03:33	1/1/2019 	206824	262.00	8.00	10.49	25.39	101813.33	99766	0	AnneMcLaren	
206	0:03:34	1/1/2019 	207732	182.00	8.00	8.87	25.39	101813.17	49822	0	AnneMcLaren	
207	0:03:36	1/1/2019 	209269	126.00	8.00	7.32	25.39	101812.48	49822	0	AnneMcLaren	
208	0:03:37	1/1/2019 	210409	77.00	8.00	6.08	25.40	101812.70	49822	0	AnneMcLaren	
209	0:03:37	1/1/2019 	210661	926.00	128.00	35.45	25.40	101812.70	50789	1	AnneMcLaren	
210	0:03:37	1/1/2019 	210718	794.00	30.00	20.22	25.40	101812.70	1849	0	AnneMcLaren	
211	0:03:38	1/1/2019 	211059	133.00	8.00	7.53	25.40	101812.70	3953	0	AnneMcLaren	
212	0:03:38	1/1/2019 	211752	69.00	8.00	5.97	25.40	101812.92	49822	0	AnneMcLaren	
213	0:03:42	1/1/2019 	215444	246.00	8.00	10.22	25.40	101812.80	145771	0	AnneMcLaren	
214	0:03:43	1/1/2019 	216270	252.00	8.00	10.33	25.41	101812.64	49824	0	AnneMcLaren	
215	0:03:43	1/1/2019 	216693	64.00	8.00	5.92	25.41	101812.64	49823	0	AnneMcLaren	
216	0:03:43	1/1/2019 	216800	826.00	52.00	22.75	25.41	101812.47	1845	0	AnneMcLaren	
217	0:03:46	1/1/2019 	219683	83.00	9.00	6.20	25.41	101812.36	147741	0	AnneMcLaren	
218	0:03:46	1/1/2019 	219871	967.00	260.00	51.40	25.41	101812.57	2817	0	AnneMcLaren	
219	0:03:47	1/1/2019 	220105	130.00	8.00	7.44	25.41	101812.57	1849	0	AnneMcLaren	
220	0:03:48	1/1/2019 	221219	225.00	8.00	9.83	25.41	101812.40	49824	1	AnneMcLaren	
221	0:03:48	1/1/2019 	221618	141.00	8.00	7.76	25.42	101812.62	49825	0	AnneMcLaren	
222	0:03:49	1/1/2019 	222287	69.00	8.00	5.97	25.42	101812.10	1852	0	AnneMcLaren	
223	0:03:50	1/1/2019 	223993	72.00	8.00	6.00	25.42	101811.97	99902	0	AnneMcLaren	
224	0:03:51	1/1/2019 	224053	101.00	8.00	6.62	25.42	101811.97	1848	0	AnneMcLaren	
225	0:03:51	1/1/2019 	224159	195.00	8.00	9.18	25.42	101811.97	1848	0	AnneMcLaren	
226	0:03:52	1/1/2019 	225028	119.00	8.00	7.12	25.42	101811.98	49824	0	AnneMcLaren	
227	0:03:52	1/1/2019 	225578	366.00	8.00	11.82	25.42	101811.81	49824	1	AnneMcLaren	
228	0:03:53	1/1/2019 	226968	415.00	8.00	12.24	25.42	101811.68	49822	0	AnneMcLaren	
229	0:03:53	1/1/2019 	226976	64.00	8.00	5.92	25.42	101811.68	1849	0	AnneMcLaren	
230	0:03:54	1/1/2019 	227856	212.00	8.00	9.56	25.42	101811.51	51839	0	AnneMcLaren	
231	0:03:54	1/1/2019 	227977	102.00	8.00	6.65	25.42	101811.51	1848	0	AnneMcLaren	
232	0:03:55	1/1/2019 	228197	323.00	8.00	11.35	25.42	101811.51	1847	0	AnneMcLaren	
233	0:03:56	1/1/2019 	229464	158.00	8.00	8.24	25.43	101811.55	49823	0	AnneMcLaren	
234	0:03:56	1/1/2019 	229786	438.00	8.00	12.40	25.43	101811.55	49824	0	AnneMcLaren	
235	0:03:56	1/1/2019 	229995	468.00	8.00	12.60	25.43	101811.38	2817	0	AnneMcLaren	
236	0:03:57	1/1/2019 	230813	397.00	8.00	12.10	25.43	101811.77	51930	0	AnneMcLaren	
237	0:03:58	1/1/2019 	231973	117.00	8.00	7.06	25.43	101811.94	49824	0	AnneMcLaren	
238	0:03:59	1/1/2019 	232497	629.00	9.00	14.36	25.43	101812.13	1849	0	AnneMcLaren	
239	0:04:01	1/1/2019 	234385	97.00	8.00	6.52	25.43	101811.78	97800	0	AnneMcLaren	
240	0:04:02	1/1/2019 	235354	131.00	8.00	7.47	25.43	101811.78	49823	0	AnneMcLaren	
241	0:04:02	1/1/2019 	235619	73.00	8.00	6.02	25.43	101811.78	49823	0	AnneMcLaren	
242	0:04:02	1/1/2019 	235854	96.00	8.00	6.49	25.43	101811.78	3814	0	AnneMcLaren	
243	0:04:03	1/1/2019 	236077	533.00	8.00	13.11	25.43	101811.78	1847	0	AnneMcLaren	
244	0:04:04	1/1/2019 	237366	76.00	8.00	6.07	25.43	101812.00	49825	0	AnneMcLaren	
245	0:04:04	1/1/2019 	237834	67.00	8.00	5.94	25.43	101812.00	49824	0	AnneMcLaren	
246	0:04:04	1/1/2019 	237899	68.00	8.00	5.95	25.43	101812.00	1847	0	AnneMcLaren	
247	0:04:05	1/1/2019 	238109	862.00	62.00	23.89	25.43	101812.22	1846	0	AnneMcLaren	
248	0:04:05	1/1/2019 	238282	445.00	9.00	12.52	25.43	101812.22	3817	0	AnneMcLaren	
249	0:04:05	1/1/2019 	238388	139.00	8.00	7.70	25.43	101812.22	1849	0	AnneMcLaren	
250	0:04:06	1/1/2019 	239060	72.00	8.00	6.00	25.43	101811.88	49826	0	AnneMcLaren	
251	0:04:06	1/1/2019 	239413	569.00	9.00	13.63	25.43	101811.88	1857	0	AnneMcLaren	
252	0:04:06	1/1/2019 	239809	284.00	8.00	10.83	25.43	101811.53	49830	1	AnneMcLaren	
253	0:04:07	1/1/2019 	240494	121.00	8.00	7.18	25.44	101811.37	2814	0	AnneMcLaren	
254	0:04:08	1/1/2019 	241387	298.00	8.00	11.03	25.44	101811.20	51927	0	AnneMcLaren	
255	0:04:08	1/1/2019 	241441	65.00	8.00	5.92	25.44	101811.20	1848	0	AnneMcLaren	
256	0:04:09	1/1/2019 	242614	317.00	8.00	11.28	25.44	101810.86	97798	0	AnneMcLaren	
257	0:04:09	1/1/2019 	242774	451.00	8.00	12.49	25.44	101810.86	1848	0	AnneMcLaren	
258	0:04:14	1/1/2019 	247103	326.00	8.00	11.39	25.44	101810.09	193745	0	AnneMcLaren	
259	0:04:15	1/1/2019 	248150	415.00	8.00	12.24	25.45	101810.27	49824	0	AnneMcLaren	
260	0:04:16	1/1/2019 	249697	518.00	8.00	12.97	25.45	101810.27	99820	1	AnneMcLaren	
261	0:04:17	1/1/2019 	250283	169.00	8.00	8.54	25.45	101810.49	2815	0	AnneMcLaren	
262	0:04:17	1/1/2019 	250981	109.00	8.00	6.84	25.45	101810.32	49823	0	AnneMcLaren	
263	0:04:18	1/1/2019 	251735	562.00	9.00	13.54	25.45	101810.88	49822	0	AnneMcLaren	
264	0:04:23	1/1/2019 	256749	509.00	8.00	12.90	25.46	101812.33	241721	0	AnneMcLaren	
265	0:04:23	1/1/2019 	256757	125.00	8.00	7.29	25.46	101812.33	1848	0	AnneMcLaren	
266	0:04:25	1/1/2019 	258350	101.00	7.00	6.62	25.46	101812.33	51925	0	AnneMcLaren	
267	0:04:25	1/1/2019 	258415	512.00	8.00	12.92	25.46	101812.33	1850	0	AnneMcLaren	
268	0:04:25	1/1/2019 	258901	158.00	8.00	8.24	25.46	101812.50	49821	0	AnneMcLaren	
269	0:04:27	1/1/2019 	260467	211.00	8.00	9.54	25.46	101812.72	49825	0	AnneMcLaren	
270	0:04:29	1/1/2019 	262271	72.00	8.00	6.00	25.46	101813.11	98765	0	AnneMcLaren	
271	0:04:30	1/1/2019 	263248	569.00	9.00	13.63	25.46	101812.94	49823	0	AnneMcLaren	
272	0:04:31	1/1/2019 	264916	795.00	34.00	20.78	25.46	101812.80	99904	1	AnneMcLaren	
273	0:04:33	1/1/2019 	266278	969.00	317.00	59.93	25.46	101812.80	49826	0	AnneMcLaren	
274	0:04:37	1/1/2019 	270905	409.00	9.00	12.26	25.47	101813.05	241730	0	AnneMcLaren	
275	0:04:37	1/1/2019 	270985	72.00	8.00	6.00	25.47	101813.05	2816	0	AnneMcLaren	
276	0:04:40	1/1/2019 	273186	626.00	9.00	14.33	25.47	101812.19	97798	0	AnneMcLaren	
277	0:04:40	1/1/2019 	273326	92.00	8.00	6.39	25.47	101812.19	1849	0	AnneMcLaren	
278	0:04:40	1/1/2019 	273437	453.00	8.00	12.50	25.47	101812.55	4004	0	AnneMcLaren	
279	0:04:41	1/1/2019 	274741	702.00	16.00	16.89	25.47	101812.72	97795	1	AnneMcLaren	
280	0:04:42	1/1/2019 	275055	110.00	8.00	6.86	25.47	101812.72	1849	0	AnneMcLaren	
281	0:04:42	1/1/2019 	275461	246.00	8.00	10.22	25.48	101813.11	1848	0	AnneMcLaren	
282	0:04:44	1/1/2019 	277481	160.00	8.00	8.30	25.48	101813.33	97799	0	AnneMcLaren	
283	0:04:44	1/1/2019 	277642	790.00	29.00	20.05	25.48	101813.33	49823	0	AnneMcLaren	
284	0:04:44	1/1/2019 	277897	91.00	8.00	6.37	25.48	101813.33	3816	0	AnneMcLaren	
285	0:04:45	1/1/2019 	278098	974.00	393.00	73.25	25.48	101813.33	1847	0	AnneMcLaren	
286	0:04:46	1/1/2019 	279112	850.00	71.00	25.00	25.48	101813.72	49826	0	AnneMcLaren	
287	0:04:46	1/1/2019 	279136	577.00	9.00	13.73	25.48	101813.72	1851	0	AnneMcLaren	
288	0:04:46	1/1/2019 	279238	75.00	8.00	6.05	25.48	101813.72	1849	0	AnneMcLaren	
289	0:04:46	1/1/2019 	279349	246.00	8.00	10.22	25.48	101813.72	1846	0	AnneMcLaren	
290	0:04:46	1/1/2019 	279925	309.00	8.00	11.18	25.48	101813.89	49825	0	AnneMcLaren	
291	0:04:48	1/1/2019 	281886	87.00	8.00	6.28	25.48	101814.08	100880	0	AnneMcLaren	
292	0:04:50	1/1/2019 	283072	758.00	21.00	18.41	25.49	101814.30	49825	0	AnneMcLaren	
293	0:04:50	1/1/2019 	283491	814.00	43.00	21.83	25.49	101814.30	1852	0	AnneMcLaren	
294	0:04:50	1/1/2019 	283856	69.00	8.00	5.97	25.49	101814.30	49825	0	AnneMcLaren	
295	0:04:50	1/1/2019 	283912	83.00	8.00	6.19	25.49	101814.30	1847	0	AnneMcLaren	
296	0:04:50	1/1/2019 	283975	126.00	8.00	7.32	25.49	101814.30	1847	0	AnneMcLaren	
297	0:04:53	1/1/2019 	286813	348.00	8.00	11.64	25.49	101814.39	147741	0	AnneMcLaren	
298	0:04:53	1/1/2019 	286981	80.00	8.00	6.14	25.49	101814.39	1848	0	AnneMcLaren	
299	0:04:55	1/1/2019 	288478	825.00	51.00	22.64	25.49	101814.58	49822	0	AnneMcLaren	
300	0:04:57	1/1/2019 	290274	64.00	8.00	5.92	25.50	101814.97	97802	0	AnneMcLaren	
301	0:04:58	1/1/2019 	291106	276.00	8.00	10.71	25.50	101815.14	50791	0	AnneMcLaren	
302	0:05:00	1/1/2019 	293222	137.00	8.00	7.64	25.50	101815.53	97799	0	AnneMcLaren	
303	0:05:02	1/1/2019 	295076	226.00	8.00	9.85	25.50	101815.41	99902	0	AnneMcLaren	
304	0:05:02	1/1/2019 	295679	416.00	8.00	12.24	25.50	101815.56	49825	0	AnneMcLaren	
305	0:05:03	1/1/2019 	296873	155.00	8.00	8.16	25.50	101815.22	49826	0	AnneMcLaren	
306	0:05:04	1/1/2019 	297030	783.00	28.00	19.88	25.50	101815.22	1848	0	AnneMcLaren	
307	0:05:04	1/1/2019 	297044	133.00	8.00	7.53	25.50	101815.22	1851	0	AnneMcLaren	
308	0:05:05	1/1/2019 	298312	625.00	9.00	14.32	25.51	101815.09	49822	0	AnneMcLaren	
309	0:05:05	1/1/2019 	298795	878.00	86.00	27.38	25.51	101815.09	51847	0	AnneMcLaren	
310	0:05:06	1/1/2019 	299422	128.00	8.00	7.38	25.51	101814.74	1850	0	AnneMcLaren	
311	0:05:07	1/1/2019 	300654	565.00	8.00	13.44	25.51	101814.61	97804	0	AnneMcLaren	
312	0:05:07	1/1/2019 	300848	810.00	39.00	21.40	25.51	101814.09	2817	0	AnneMcLaren	
313	0:05:08	1/1/2019 	301404	167.00	8.00	8.48	25.51	101813.92	1850	0	AnneMcLaren	
314	0:05:08	1/1/2019 	301864	856.00	68.00	24.61	25.51	101813.57	49826	0	AnneMcLaren	
315	0:05:09	1/1/2019 	302675	381.00	8.00	11.96	25.51	101813.76	51930	0	AnneMcLaren	
316	0:05:10	1/1/2019 	303590	76.00	8.00	6.07	25.51	101813.23	49826	0	AnneMcLaren	
317	0:05:12	1/1/2019 	305385	170.00	8.00	8.56	25.51	101812.59	49825	0	AnneMcLaren	
318	0:05:12	1/1/2019 	305867	239.00	8.00	10.10	25.51	101812.41	49825	0	AnneMcLaren	
319	0:05:13	1/1/2019 	306856	682.00	11.00	15.28	25.52	101812.63	49824	0	AnneMcLaren	
320	0:05:13	1/1/2019 	306956	91.00	8.00	6.37	25.52	101812.63	1851	1	AnneMcLaren	
321	0:05:14	1/1/2019 	307990	112.00	8.00	6.92	25.52	101812.46	51791	0	AnneMcLaren	
322	0:05:14	1/1/2019 	308014	106.00	8.00	6.75	25.52	101812.46	1849	0	AnneMcLaren	
323	0:05:16	1/1/2019 	309930	241.00	8.00	10.13	25.52	101812.16	97799	0	AnneMcLaren	
324	0:05:17	1/1/2019 	310728	453.00	9.00	12.58	25.52	101812.34	50792	0	AnneMcLaren	
325	0:05:17	1/1/2019 	310817	321.00	8.00	11.33	25.52	101812.34	1851	0	AnneMcLaren	
326	0:05:18	1/1/2019 	311697	76.00	8.00	6.07	25.52	101812.52	49822	0	AnneMcLaren	
327	0:05:18	1/1/2019 	312067	657.00	10.00	14.85	25.52	101812.73	3952	1	AnneMcLaren	
328	0:05:20	1/1/2019 	314141	120.00	7.00	7.15	25.52	101812.73	97797	0	AnneMcLaren	
329	0:05:21	1/1/2019 	314456	77.00	8.00	6.08	25.53	101813.12	1852	0	AnneMcLaren	
330	0:05:25	1/1/2019 	318371	111.00	7.00	6.89	25.53	101813.00	193757	0	AnneMcLaren	
331	0:05:25	1/1/2019 	318973	95.00	8.00	6.47	25.53	101813.36	49828	0	AnneMcLaren	
332	0:05:25	1/1/2019 	319223	129.00	7.00	7.41	25.53	101813.36	1847	0	AnneMcLaren	
333	0:05:26	1/1/2019 	320011	687.00	11.00	15.29	25.53	101813.36	51793	0	AnneMcLaren	
334	0:05:26	1/1/2019 	320035	276.00	8.00	10.71	25.53	101813.36	2817	1	AnneMcLaren	
335	0:05:26	1/1/2019 	320306	81.00	8.00	6.15	25.53	101813.36	1848	0	AnneMcLaren	
336	0:05:27	1/1/2019 	320745	613.00	9.00	14.18	25.53	101813.36	49822	0	AnneMcLaren	
337	0:05:28	1/1/2019 	322250	63.00	8.00	5.91	25.53	101813.55	49824	0	AnneMcLaren	
338	0:05:31	1/1/2019 	324375	80.00	8.00	6.14	25.54	101813.42	97794	0	AnneMcLaren	
339	0:05:34	1/1/2019 	327761	189.00	7.00	9.03	25.54	101813.47	195851	1	AnneMcLaren	
340	0:05:35	1/1/2019 	328672	963.00	254.00	50.70	25.54	101813.29	49826	0	AnneMcLaren	
341	0:05:35	1/1/2019 	329056	125.00	8.00	7.29	25.54	101813.82	1852	0	AnneMcLaren	
342	0:05:36	1/1/2019 	330300	86.00	7.00	6.26	25.54	101813.66	49823	0	AnneMcLaren	
343	0:05:39	1/1/2019 	332813	519.00	9.00	13.09	25.54	101813.52	146740	1	AnneMcLaren	
344	0:05:39	1/1/2019 	333191	443.00	8.00	12.43	25.54	101813.52	1851	0	AnneMcLaren	
345	0:05:40	1/1/2019 	333985	290.00	7.00	10.89	25.54	101813.52	51926	0	AnneMcLaren	
346	0:05:40	1/1/2019 	334269	671.00	11.00	15.24	25.55	101813.74	1851	0	AnneMcLaren	
347	0:05:41	1/1/2019 	334569	165.00	8.00	8.43	25.55	101813.56	49825	0	AnneMcLaren	
348	0:05:41	1/1/2019 	335256	147.00	7.00	7.93	25.55	101813.22	1847	0	AnneMcLaren	
349	0:05:43	1/1/2019 	336745	179.00	8.00	8.80	25.55	101813.41	97798	0	AnneMcLaren	
350	0:05:43	1/1/2019 	336988	690.00	12.00	15.63	25.55	101813.41	1848	1	AnneMcLaren	
351	0:05:43	1/1/2019 	337135	122.00	8.00	7.21	25.55	101813.23	3815	0	AnneMcLaren	
352	0:05:48	1/1/2019 	342024	76.00	7.00	6.06	25.55	101812.80	241723	0	AnneMcLaren	
353	0:05:48	1/1/2019 	342232	101.00	8.00	6.62	25.55	101812.80	2816	0	AnneMcLaren	
354	0:05:48	1/1/2019 	342254	105.00	8.00	6.73	25.55	101812.80	1846	0	AnneMcLaren	
355	0:05:48	1/1/2019 	342291	121.00	8.00	7.18	25.55	101812.80	1848	0	AnneMcLaren	
356	0:05:49	1/1/2019 	342662	817.00	51.00	22.63	25.55	101812.80	49822	0	AnneMcLaren	
357	0:05:49	1/1/2019 	343011	87.00	8.00	6.28	25.55	101812.80	4007	1	AnneMcLaren	
358	0:05:50	1/1/2019 	343857	85.00	8.00	6.24	25.56	101813.19	49823	0	AnneMcLaren	
359	0:05:51	1/1/2019 	344490	98.00	8.00	6.54	25.56	101813.19	1847	0	AnneMcLaren	
360	0:05:51	1/1/2019 	344969	138.00	8.00	7.67	25.56	101813.19	49822	0	AnneMcLaren	
361	0:05:52	1/1/2019 	345931	851.00	70.00	24.86	25.56	101813.02	49823	0	AnneMcLaren	
362	0:05:53	1/1/2019 	347248	80.00	8.00	6.14	25.56	101813.38	49825	0	AnneMcLaren	
363	0:05:55	1/1/2019 	348468	63.00	8.00	5.91	25.56	101813.03	49822	0	AnneMcLaren	
364	0:05:55	1/1/2019 	348760	756.00	22.00	18.64	25.56	101812.86	180474	0	AnneMcLaren	
365	0:05:56	1/1/2019 	349348	78.00	8.00	6.10	25.56	101812.86	1850	0	AnneMcLaren	
366	0:05:56	1/1/2019 	349695	594.00	9.00	13.95	25.56	101812.86	49823	0	AnneMcLaren	
367	0:05:56	1/1/2019 	349844	597.00	9.00	13.99	25.56	101813.08	2816	0	AnneMcLaren	
368	0:06:00	1/1/2019 	354246	137.00	8.00	7.64	25.57	101812.82	193750	0	AnneMcLaren	
369	0:06:01	1/1/2019 	354755	152.00	8.00	8.07	25.57	101812.65	49824	0	AnneMcLaren	
370	0:06:04	1/1/2019 	357327	85.00	8.00	6.24	25.57	101813.02	99900	0	AnneMcLaren	
371	0:06:04	1/1/2019 	357900	131.00	8.00	7.47	25.57	101812.85	49822	0	AnneMcLaren	
372	0:06:05	1/1/2019 	358785	792.00	34.00	20.78	25.57	101812.50	49821	0	AnneMcLaren	
373	0:06:06	1/1/2019 	360071	211.00	8.00	9.54	25.57	101812.55	49827	1	AnneMcLaren	
374	0:06:06	1/1/2019 	360292	550.00	9.00	13.40	25.57	101812.55	2815	0	AnneMcLaren	
375	0:06:08	1/1/2019 	361460	510.00	8.00	12.91	25.58	101812.59	49826	0	AnneMcLaren	
376	0:06:08	1/1/2019 	361479	938.00	140.00	37.63	25.58	101812.59	3953	1	AnneMcLaren	
377	0:06:08	1/1/2019 	362196	707.00	13.00	16.00	25.58	101812.42	49825	0	AnneMcLaren	
378	0:06:09	1/1/2019 	362404	686.00	11.00	15.29	25.58	101812.59	1851	0	AnneMcLaren	
379	0:06:09	1/1/2019 	362764	88.00	8.00	6.30	25.58	101812.59	49825	0	AnneMcLaren	
380	0:06:09	1/1/2019 	363026	120.00	8.00	7.15	25.58	101812.42	1848	0	AnneMcLaren	
381	0:06:10	1/1/2019 	363488	343.00	8.00	11.58	25.58	101812.25	1847	0	AnneMcLaren	
382	0:06:11	1/1/2019 	365265	916.00	118.00	33.52	25.58	101812.43	99761	0	AnneMcLaren	
383	0:06:12	1/1/2019 	365373	402.00	9.00	12.20	25.58	101812.43	1852	0	AnneMcLaren	
384	0:06:12	1/1/2019 	365494	160.00	8.00	8.30	25.58	101812.43	1850	1	AnneMcLaren	
385	0:06:14	1/1/2019 	367922	574.00	9.00	13.69	25.58	101812.82	145769	0	AnneMcLaren	
386	0:06:15	1/1/2019 	369042	88.00	8.00	6.30	25.58	101813.04	49825	0	AnneMcLaren	
387	0:06:15	1/1/2019 	369180	96.00	8.00	6.49	25.58	101813.04	1848	0	AnneMcLaren	
388	0:06:16	1/1/2019 	369348	77.00	8.00	6.08	25.58	101813.04	3783	0	AnneMcLaren	
389	0:06:17	1/1/2019 	370448	627.00	9.00	14.34	25.59	101813.41	49825	0	AnneMcLaren	
390	0:06:18	1/1/2019 	371703	124.00	8.00	7.27	25.59	101812.71	98547	0	AnneMcLaren	
391	0:06:19	1/1/2019 	372846	67.00	8.00	5.94	25.59	101813.27	49822	0	AnneMcLaren	
392	0:06:19	1/1/2019 	372975	626.00	9.00	14.33	25.59	101813.27	1848	0	AnneMcLaren	
393	0:06:19	1/1/2019 	373061	88.00	8.00	6.30	25.59	101813.27	1849	0	AnneMcLaren	
394	0:06:21	1/1/2019 	375262	165.00	8.00	8.43	25.59	101812.58	101079	0	AnneMcLaren	
395	0:06:22	1/1/2019 	375777	621.00	9.00	14.28	25.59	101812.97	49822	0	AnneMcLaren	
396	0:06:22	1/1/2019 	375788	973.00	259.00	51.28	25.59	101812.97	1851	1	AnneMcLaren	
397	0:06:23	1/1/2019 	376350	910.00	111.00	32.15	25.59	101812.80	1850	0	AnneMcLaren	
398	0:06:23	1/1/2019 	376870	249.00	8.00	10.28	25.59	101812.62	49827	0	AnneMcLaren	
399	0:06:26	1/1/2019 	379572	63.00	8.00	5.91	25.59	101812.67	145773	0	AnneMcLaren	
400	0:06:26	1/1/2019 	380099	191.00	8.00	9.09	25.59	101812.67	4730	0	AnneMcLaren	
401	0:06:28	1/1/2019 	381939	700.00	11.00	15.30	25.60	101813.03	97798	0	AnneMcLaren	
402	0:06:29	1/1/2019 	382644	924.00	132.00	36.19	25.60	101812.86	49825	0	AnneMcLaren	
403	0:06:29	1/1/2019 	383060	728.00	16.00	17.00	25.60	101812.86	1851	0	AnneMcLaren	
404	0:06:30	1/1/2019 	383831	592.00	9.00	13.92	25.60	101813.05	49823	0	AnneMcLaren	
405	0:06:32	1/1/2019 	385739	531.00	8.00	13.09	25.60	101813.61	97798	0	AnneMcLaren	
406	0:06:33	1/1/2019 	386607	517.00	9.00	13.07	25.60	101813.61	51843	0	AnneMcLaren	
407	0:06:33	1/1/2019 	386620	632.00	10.00	14.63	25.60	101813.61	1850	0	AnneMcLaren	
408	0:06:34	1/1/2019 	387618	694.00	12.00	15.64	25.60	101813.27	49823	0	AnneMcLaren	
409	0:06:35	1/1/2019 	388334	438.00	8.00	12.40	25.60	101813.30	1850	1	AnneMcLaren	
410	0:06:35	1/1/2019 	389254	779.00	28.00	19.87	25.60	101812.96	49825	0	AnneMcLaren	
411	0:06:36	1/1/2019 	389411	201.00	8.00	9.32	25.60	101812.96	1849	0	AnneMcLaren	
412	0:06:36	1/1/2019 	389415	90.00	8.00	6.35	25.60	101812.96	3813	0	AnneMcLaren	
413	0:06:36	1/1/2019 	389640	586.00	9.00	13.84	25.60	101812.96	49822	0	AnneMcLaren	
414	0:06:36	1/1/2019 	389908	97.00	8.00	6.52	25.61	101812.97	2597	0	AnneMcLaren	
415	0:06:36	1/1/2019 	390082	73.00	8.00	6.02	25.61	101812.97	1846	0	AnneMcLaren	
416	0:06:37	1/1/2019 	390406	77.00	8.00	6.08	25.61	101812.80	1846	0	AnneMcLaren	
417	0:06:39	1/1/2019 	392874	114.00	8.00	6.98	25.61	101812.32	145766	0	AnneMcLaren	
418	0:06:40	1/1/2019 	393723	308.00	8.00	11.17	25.61	101812.32	51924	1	AnneMcLaren	
419	0:06:42	1/1/2019 	395998	73.00	7.00	6.02	25.61	101812.41	97794	0	AnneMcLaren	
420	0:06:43	1/1/2019 	396616	206.00	8.00	9.43	25.61	101812.41	49822	0	AnneMcLaren	
421	0:06:44	1/1/2019 	397975	969.00	273.00	53.05	25.61	101812.41	49820	0	AnneMcLaren	
422	0:06:45	1/1/2019 	399012	95.00	8.00	6.47	25.62	101812.60	49824	0	AnneMcLaren	
423	0:06:46	1/1/2019 	400215	124.00	6.00	7.26	25.62	101812.25	49823	0	AnneMcLaren	
424	0:06:48	1/1/2019 	402264	968.00	312.00	59.07	25.62	101812.81	100673	0	AnneMcLaren	
425	0:06:49	1/1/2019 	403127	126.00	8.00	7.32	25.62	101813.03	49824	0	AnneMcLaren	
426	0:06:49	1/1/2019 	403229	83.00	8.00	6.19	25.62	101813.03	1848	0	AnneMcLaren	
427	0:06:51	1/1/2019 	405069	427.00	9.00	12.39	25.62	101812.69	97791	1	AnneMcLaren	
428	0:06:52	1/1/2019 	405576	657.00	10.00	14.85	25.62	101812.88	49827	1	AnneMcLaren	
429	0:06:54	1/1/2019 	408037	520.00	9.00	13.10	25.63	101812.23	97799	1	AnneMcLaren	
430	0:06:55	1/1/2019 	408460	72.00	8.00	6.00	25.63	101812.05	3816	0	AnneMcLaren	
431	0:06:55	1/1/2019 	408609	170.00	7.00	8.56	25.63	101812.05	49822	0	AnneMcLaren	
432	0:06:56	1/1/2019 	409830	165.00	8.00	8.43	25.63	101811.70	49823	1	AnneMcLaren	
433	0:06:57	1/1/2019 	410454	444.00	10.00	12.59	25.63	101811.92	2598	0	AnneMcLaren	
434	0:06:57	1/1/2019 	410497	954.00	151.00	39.45	25.63	101811.92	1851	0	AnneMcLaren	
435	0:06:57	1/1/2019 	410972	86.00	8.00	6.26	25.63	101811.75	49822	0	AnneMcLaren	
436	0:06:59	1/1/2019 	412809	65.00	8.00	5.92	25.63	101812.14	99894	0	AnneMcLaren	
437	0:07:01	1/1/2019 	414572	578.00	9.00	13.74	25.63	101811.78	97795	1	AnneMcLaren	
438	0:07:01	1/1/2019 	414886	86.00	7.00	6.26	25.63	101811.78	1850	0	AnneMcLaren	
439	0:07:02	1/1/2019 	416276	126.00	8.00	7.32	25.63	101811.61	49821	0	AnneMcLaren	
440	0:07:05	1/1/2019 	418385	89.00	8.00	6.32	25.63	101811.82	97792	0	AnneMcLaren	
441	0:07:07	1/1/2019 	420689	126.00	8.00	7.32	25.64	101812.04	145769	0	AnneMcLaren	
442	0:07:07	1/1/2019 	421230	92.00	8.00	6.39	25.64	101812.04	2596	0	AnneMcLaren	
443	0:07:09	1/1/2019 	422404	649.00	9.00	14.52	25.64	101811.87	51923	0	AnneMcLaren	
444	0:07:09	1/1/2019 	422443	985.00	576.00	99.58	25.64	101811.87	1851	0	AnneMcLaren	
445	0:07:10	1/1/2019 	424114	633.00	9.00	14.40	25.64	101812.09	97794	0	AnneMcLaren	
446	0:07:11	1/1/2019 	425130	605.00	9.00	14.09	25.64	101812.10	49824	0	AnneMcLaren	
447	0:07:12	1/1/2019 	425825	64.00	8.00	5.92	25.64	101811.92	49823	0	AnneMcLaren	
448	0:07:12	1/1/2019 	426151	279.00	8.00	10.76	25.64	101812.14	1847	0	AnneMcLaren	
449	0:07:13	1/1/2019 	427194	135.00	8.00	7.59	25.64	101811.97	128436	0	AnneMcLaren	
450	0:07:14	1/1/2019 	428060	84.00	8.00	6.21	25.64	101811.97	49820	0	AnneMcLaren	
451	0:07:15	1/1/2019 	428989	101.00	8.00	6.62	25.65	101812.36	49820	0	AnneMcLaren	
452	0:07:17	1/1/2019 	431226	216.00	8.00	9.65	25.65	101812.23	97793	0	AnneMcLaren	
453	0:07:18	1/1/2019 	432155	135.00	8.00	7.59	25.65	101812.23	50568	0	AnneMcLaren	
454	0:07:19	1/1/2019 	433091	860.00	73.00	25.30	25.65	101812.06	49820	0	AnneMcLaren	
455	0:07:22	1/1/2019 	435371	73.00	8.00	6.02	25.65	101811.90	130471	0	AnneMcLaren	
456	0:07:22	1/1/2019 	435458	182.00	8.00	8.87	25.65	101811.90	1847	0	AnneMcLaren	
457	0:07:22	1/1/2019 	436227	683.00	11.00	15.28	25.65	101811.90	49819	0	AnneMcLaren	
458	0:07:22	1/1/2019 	436235	173.00	8.00	8.64	25.65	101811.90	1850	0	AnneMcLaren	
459	0:07:24	1/1/2019 	437593	113.00	8.00	6.95	25.65	101812.29	97792	0	AnneMcLaren	
460	0:07:26	1/1/2019 	440017	104.00	8.00	6.70	25.66	101812.51	97794	0	AnneMcLaren	
461	0:07:26	1/1/2019 	440157	721.00	14.00	16.36	25.66	101812.51	35244	0	AnneMcLaren	
462	0:07:26	1/1/2019 	440173	800.00	46.00	22.10	25.66	101812.51	1851	0	AnneMcLaren	
463	0:07:27	1/1/2019 	440857	77.00	7.00	6.08	25.66	101813.05	49823	0	AnneMcLaren	
464	0:07:28	1/1/2019 	441426	81.00	8.00	6.15	25.66	101813.22	1850	0	AnneMcLaren	
465	0:07:28	1/1/2019 	442132	389.00	8.00	12.03	25.66	101813.05	49821	0	AnneMcLaren	
466	0:07:30	1/1/2019 	443438	93.00	8.00	6.42	25.66	101813.23	49821	0	AnneMcLaren	
467	0:07:30	1/1/2019 	443677	104.00	8.00	6.70	25.66	101813.23	82292	0	AnneMcLaren	
468	0:07:31	1/1/2019 	444693	921.00	131.00	36.00	25.66	101812.88	49821	0	AnneMcLaren	
469	0:07:31	1/1/2019 	444927	107.00	8.00	6.78	25.66	101812.92	1852	0	AnneMcLaren	
470	0:07:32	1/1/2019 	446242	77.00	8.00	6.08	25.66	101812.58	49819	0	AnneMcLaren	
471	0:07:33	1/1/2019 	446900	59.00	8.00	5.89	25.66	101812.23	49820	0	AnneMcLaren	
472	0:07:34	1/1/2019 	447397	644.00	9.00	14.48	25.67	101812.45	1848	0	AnneMcLaren	
473	0:07:34	1/1/2019 	448003	90.00	7.00	6.34	25.67	101812.28	82290	0	AnneMcLaren	
474	0:07:37	1/1/2019 	451234	104.00	8.00	6.70	25.67	101811.81	145770	0	AnneMcLaren	
475	0:07:38	1/1/2019 	451988	338.00	8.00	11.53	25.67	101811.64	50569	1	AnneMcLaren	
476	0:07:38	1/1/2019 	452021	841.00	66.00	24.32	25.67	101811.64	1848	0	AnneMcLaren	
477	0:07:39	1/1/2019 	452446	263.00	8.00	10.51	25.67	101811.64	1851	1	AnneMcLaren	
478	0:07:41	1/1/2019 	454648	346.00	8.00	11.62	25.67	101811.86	145766	0	AnneMcLaren	
479	0:07:41	1/1/2019 	455214	164.00	7.00	8.40	25.67	101811.86	3952	0	AnneMcLaren	
480	0:07:42	1/1/2019 	455947	959.00	178.00	43.12	25.68	101811.91	49822	0	AnneMcLaren	
481	0:07:44	1/1/2019 	457800	74.00	8.00	6.03	25.68	101811.92	97794	0	AnneMcLaren	
482	0:07:47	1/1/2019 	460570	86.00	8.00	6.26	25.68	101811.79	145771	0	AnneMcLaren	
483	0:07:47	1/1/2019 	460896	225.00	8.00	9.83	25.68	101811.79	2595	1	AnneMcLaren	
484	0:07:54	1/1/2019 	467763	190.00	8.00	9.07	25.69	101811.20	337658	0	AnneMcLaren	
485	0:07:55	1/1/2019 	468674	794.00	38.00	21.26	25.69	101811.24	51926	0	AnneMcLaren	
486	0:07:56	1/1/2019 	469695	144.00	8.00	7.85	25.69	101811.28	49826	0	AnneMcLaren	
487	0:07:56	1/1/2019 	469880	756.00	20.00	18.16	25.69	101811.28	2596	0	AnneMcLaren	
488	0:07:56	1/1/2019 	470109	786.00	29.00	20.05	25.69	101811.28	1849	0	AnneMcLaren	
489	0:07:58	1/1/2019 	471635	211.00	8.00	9.54	25.69	101810.59	97797	0	AnneMcLaren	
490	0:08:01	1/1/2019 	474407	536.00	8.00	13.14	25.70	101810.80	97797	0	AnneMcLaren	
491	0:08:01	1/1/2019 	474438	88.00	8.00	6.30	25.70	101810.80	3952	0	AnneMcLaren	
492	0:08:02	1/1/2019 	475695	973.00	538.00	92.40	25.70	101810.62	97801	0	AnneMcLaren	
493	0:08:03	1/1/2019 	476459	958.00	163.00	41.22	25.70	101810.84	1857	1	AnneMcLaren	
494	0:08:03	1/1/2019 	476476	616.00	9.00	14.22	25.70	101810.84	1852	0	AnneMcLaren	
495	0:08:03	1/1/2019 	476626	242.00	8.00	10.15	25.70	101810.84	49824	0	AnneMcLaren	
496	0:08:03	1/1/2019 	477119	599.00	9.00	14.01	25.70	101810.84	1848	0	AnneMcLaren	
497	0:08:05	1/1/2019 	479177	231.00	8.00	9.95	25.70	101810.32	99766	0	AnneMcLaren	
498	0:08:08	1/1/2019 	481577	108.00	7.00	6.81	25.70	101809.67	145775	0	AnneMcLaren	
499	0:08:08	1/1/2019 	481865	89.00	8.00	6.32	25.71	101810.03	2598	0	AnneMcLaren	
500	0:08:09	1/1/2019 	483065	943.00	144.00	38.31	25.71	101809.69	49822	0	AnneMcLaren	
501	0:08:10	1/1/2019 	483311	811.00	40.00	21.51	25.71	101809.69	1851	0	AnneMcLaren	
502	0:08:10	1/1/2019 	483749	71.00	8.00	5.99	25.71	101809.69	49827	0	AnneMcLaren	
503	0:08:12	1/1/2019 	485562	367.00	8.00	11.83	25.71	101809.73	99957	0	AnneMcLaren	
504	0:08:12	1/1/2019 	486192	69.00	8.00	5.97	25.71	101809.73	1848	0	AnneMcLaren	
505	0:08:13	1/1/2019 	486650	434.00	8.00	12.37	25.71	101810.12	49826	1	AnneMcLaren	
506	0:08:13	1/1/2019 	486948	120.00	8.00	7.15	25.71	101810.12	1855	0	AnneMcLaren	
507	0:08:14	1/1/2019 	488263	68.00	8.00	5.95	25.71	101809.95	49825	1	AnneMcLaren	
508	0:08:15	1/1/2019 	488469	797.00	37.00	21.15	25.71	101810.12	1851	0	AnneMcLaren	
509	0:08:15	1/1/2019 	488605	457.00	8.00	12.53	25.71	101810.12	51799	0	AnneMcLaren	
510	0:08:18	1/1/2019 	492102	125.00	8.00	7.29	25.72	101810.52	145775	0	AnneMcLaren	
511	0:08:19	1/1/2019 	492381	532.00	8.00	13.10	25.72	101810.70	2596	1	AnneMcLaren	
512	0:08:19	1/1/2019 	493274	225.00	8.00	9.83	25.72	101810.70	49823	0	AnneMcLaren	
513	0:08:20	1/1/2019 	494179	93.00	8.00	6.42	25.72	101810.91	49821	0	AnneMcLaren	
514	0:08:21	1/1/2019 	494469	83.00	7.00	6.19	25.72	101810.91	1848	0	AnneMcLaren	
515	0:08:21	1/1/2019 	494832	648.00	9.00	14.51	25.72	101810.91	51927	1	AnneMcLaren	
516	0:08:21	1/1/2019 	495007	504.00	8.00	12.86	25.72	101810.91	1851	0	AnneMcLaren	
517	0:08:23	1/1/2019 	496376	974.00	523.00	90.02	25.72	101811.13	49821	0	AnneMcLaren	
518	0:08:23	1/1/2019 	497293	206.00	8.00	9.43	25.72	101811.52	49825	0	AnneMcLaren	
519	0:08:24	1/1/2019 	497962	529.00	9.00	13.18	25.72	101811.70	49821	0	AnneMcLaren	
520	0:08:25	1/1/2019 	499196	84.00	8.00	6.21	25.72	101812.05	49824	0	AnneMcLaren	
521	0:08:26	1/1/2019 	499817	963.00	293.00	55.95	25.73	101812.55	49822	1	AnneMcLaren	
522	0:08:27	1/1/2019 	500993	125.00	8.00	7.29	25.73	101812.72	52732	0	AnneMcLaren	
523	0:08:27	1/1/2019 	501146	398.00	8.00	12.10	25.73	101812.72	1847	0	AnneMcLaren	
524	0:08:27	1/1/2019 	501243	105.00	8.00	6.73	25.73	101812.72	1847	0	AnneMcLaren	
525	0:08:29	1/1/2019 	502472	608.00	9.00	14.12	25.73	101812.94	49819	0	AnneMcLaren	
526	0:08:29	1/1/2019 	503095	200.00	8.00	9.30	25.73	101812.77	49824	0	AnneMcLaren	
527	0:08:30	1/1/2019 	503493	326.00	9.00	11.43	25.73	101813.16	1847	0	AnneMcLaren	
528	0:08:30	1/1/2019 	503863	574.00	9.00	13.69	25.73	101813.16	51790	0	AnneMcLaren	
529	0:08:31	1/1/2019 	505278	662.00	10.00	14.88	25.73	101813.87	49824	0	AnneMcLaren	
530	0:08:32	1/1/2019 	506047	789.00	33.00	20.64	25.73	101814.04	49826	1	AnneMcLaren	
531	0:08:32	1/1/2019 	506208	697.00	11.00	15.30	25.73	101814.04	1850	0	AnneMcLaren	
532	0:08:34	1/1/2019 	507824	67.00	8.00	5.94	25.73	101813.87	97797	0	AnneMcLaren	
533	0:08:35	1/1/2019 	508469	326.00	8.00	11.39	25.73	101813.69	1848	0	AnneMcLaren	
534	0:08:36	1/1/2019 	509429	154.00	9.00	8.13	25.74	101813.73	51843	0	AnneMcLaren	
535	0:08:36	1/1/2019 	509723	245.00	8.00	10.20	25.74	101813.56	49826	0	AnneMcLaren	
536	0:08:38	1/1/2019 	512022	247.00	6.00	10.20	25.74	101813.44	98544	0	AnneMcLaren	
537	0:08:40	1/1/2019 	513552	912.00	116.00	33.13	25.74	101813.66	97798	0	AnneMcLaren	
538	0:08:40	1/1/2019 	513720	246.00	8.00	10.22	25.74	101813.48	1853	0	AnneMcLaren	
539	0:08:41	1/1/2019 	514737	201.00	8.00	9.32	25.74	101812.95	49821	0	AnneMcLaren	
540	0:08:45	1/1/2019 	518738	169.00	8.00	8.54	25.74	101811.41	195847	0	AnneMcLaren	
541	0:08:45	1/1/2019 	518970	88.00	8.00	6.30	25.74	101811.41	1848	0	AnneMcLaren	
542	0:08:46	1/1/2019 	519603	71.00	8.00	5.99	25.74	101811.41	49822	0	AnneMcLaren	
543	0:08:46	1/1/2019 	519756	113.00	8.00	6.95	25.75	101811.62	2599	0	AnneMcLaren	
544	0:08:46	1/1/2019 	519964	67.00	7.00	5.94	25.75	101811.62	1855	0	AnneMcLaren	
545	0:08:48	1/1/2019 	521838	695.00	12.00	15.65	25.75	101810.94	97801	1	AnneMcLaren	
546	0:08:50	1/1/2019 	523336	172.00	8.00	8.62	25.75	101810.98	51928	0	AnneMcLaren	
547	0:08:51	1/1/2019 	524960	73.00	8.00	6.02	25.75	101810.46	97794	0	AnneMcLaren	
548	0:08:52	1/1/2019 	526010	549.00	8.00	13.26	25.75	101810.50	49821	0	AnneMcLaren	
549	0:08:52	1/1/2019 	526066	111.00	8.00	6.89	25.75	101810.50	1849	0	AnneMcLaren	
550	0:08:54	1/1/2019 	527311	112.00	8.00	6.92	25.75	101810.16	49822	0	AnneMcLaren	
551	0:08:54	1/1/2019 	527440	615.00	9.00	14.21	25.75	101810.16	1849	0	AnneMcLaren	
552	0:08:54	1/1/2019 	527799	104.00	8.00	6.70	25.75	101810.16	51789	0	AnneMcLaren	
553	0:08:54	1/1/2019 	528036	785.00	31.00	20.35	25.75	101810.16	1847	0	AnneMcLaren	
554	0:08:54	1/1/2019 	528266	590.00	8.00	13.72	25.75	101810.16	1850	0	AnneMcLaren	
555	0:08:55	1/1/2019 	529042	161.00	8.00	8.32	25.75	101809.98	49820	0	AnneMcLaren	
556	0:08:57	1/1/2019 	531040	457.00	8.00	12.53	25.75	101809.83	97795	1	AnneMcLaren	
557	0:08:58	1/1/2019 	531387	145.00	8.00	7.87	25.76	101810.22	2597	0	AnneMcLaren	
558	0:08:59	1/1/2019 	532765	94.00	8.00	6.44	25.76	101810.04	99920	0	AnneMcLaren	
559	0:08:59	1/1/2019 	533232	637.00	9.00	14.43	25.76	101810.04	1849	0	AnneMcLaren	
560	0:09:01	1/1/2019 	534570	154.00	8.00	8.13	25.76	101810.26	97796	0	AnneMcLaren	
561	0:09:01	1/1/2019 	534657	122.00	8.00	7.21	25.76	101810.26	1848	0	AnneMcLaren	
562	0:09:03	1/1/2019 	536763	436.00	9.00	12.46	25.76	101810.27	97793	0	AnneMcLaren	
563	0:09:03	1/1/2019 	537002	70.00	8.00	5.98	25.76	101810.27	1851	0	AnneMcLaren	
564	0:09:05	1/1/2019 	538381	66.00	8.00	5.93	25.76	101810.27	51806	0	AnneMcLaren	
565	0:09:06	1/1/2019 	539633	127.00	7.00	7.35	25.76	101810.28	97798	0	AnneMcLaren	
566	0:09:06	1/1/2019 	539651	743.00	17.00	17.32	25.76	101810.28	2598	1	AnneMcLaren	
567	0:09:08	1/1/2019 	541564	358.00	8.00	11.74	25.76	101809.77	97797	0	AnneMcLaren	
568	0:09:08	1/1/2019 	541592	465.00	8.00	12.58	25.76	101809.77	1850	0	AnneMcLaren	
569	0:09:08	1/1/2019 	542043	66.00	8.00	5.93	25.76	101809.77	1847	0	AnneMcLaren	
570	0:09:09	1/1/2019 	542348	114.00	8.00	6.98	25.76	101809.77	3971	0	AnneMcLaren	
571	0:09:09	1/1/2019 	542698	77.00	8.00	6.08	25.77	101809.98	49822	0	AnneMcLaren	
572	0:09:09	1/1/2019 	542967	62.00	8.00	5.90	25.77	101809.81	1847	0	AnneMcLaren	
573	0:09:10	1/1/2019 	543711	102.00	8.00	6.65	25.77	101809.64	49821	0	AnneMcLaren	
574	0:09:10	1/1/2019 	543877	352.00	8.00	11.68	25.77	101809.64	1849	0	AnneMcLaren	
575	0:09:12	1/1/2019 	545455	278.00	8.00	10.75	25.77	101810.03	49819	0	AnneMcLaren	
576	0:09:13	1/1/2019 	546562	68.00	7.00	5.95	25.77	101809.86	99782	0	AnneMcLaren	
577	0:09:13	1/1/2019 	547294	98.00	8.00	6.54	25.77	101809.86	1850	0	AnneMcLaren	
578	0:09:15	1/1/2019 	548673	894.00	92.00	28.49	25.77	101809.70	97793	0	AnneMcLaren	
579	0:09:16	1/1/2019 	549373	928.00	134.00	36.56	25.77	101809.87	1852	0	AnneMcLaren	
580	0:09:16	1/1/2019 	549456	86.00	7.00	6.26	25.77	101809.87	1851	0	AnneMcLaren	
581	0:09:16	1/1/2019 	550017	143.00	8.00	7.82	25.77	101809.87	49823	0	AnneMcLaren	
582	0:09:18	1/1/2019 	552074	75.00	8.00	6.05	25.77	101810.09	100736	0	AnneMcLaren	
583	0:09:18	1/1/2019 	552096	131.00	8.00	7.47	25.77	101810.09	1848	0	AnneMcLaren	
584	0:09:19	1/1/2019 	553118	77.00	8.00	6.08	25.77	101810.09	49820	0	AnneMcLaren	
585	0:09:21	1/1/2019 	554590	226.00	8.00	9.85	25.77	101809.73	97793	0	AnneMcLaren	
586	0:09:24	1/1/2019 	557635	724.00	15.00	16.68	25.78	101809.44	145769	0	AnneMcLaren	
587	0:09:24	1/1/2019 	558229	318.00	8.00	11.29	25.78	101809.27	1852	0	AnneMcLaren	
588	0:09:26	1/1/2019 	560252	99.00	8.00	6.57	25.78	101808.96	97794	0	AnneMcLaren	
589	0:09:27	1/1/2019 	560761	832.00	54.00	22.96	25.78	101808.61	52906	0	AnneMcLaren	
590	0:09:27	1/1/2019 	560800	733.00	16.00	17.01	25.78	101808.61	1852	0	AnneMcLaren	
591	0:09:29	1/1/2019 	562863	920.00	127.00	35.26	25.78	101808.62	97796	0	AnneMcLaren	
592	0:09:29	1/1/2019 	563243	460.00	8.00	12.55	25.78	101808.28	1857	0	AnneMcLaren	
593	0:09:29	1/1/2019 	563275	859.00	69.00	24.75	25.78	101808.28	1847	0	AnneMcLaren	
594	0:09:31	1/1/2019 	564717	67.00	8.00	5.94	25.78	101807.41	97798	0	AnneMcLaren	
595	0:09:31	1/1/2019 	564936	88.00	8.00	6.30	25.78	101807.41	3814	0	AnneMcLaren	
596	0:09:33	1/1/2019 	567139	926.00	134.00	36.56	25.78	101807.28	97795	1	AnneMcLaren	
597	0:09:34	1/1/2019 	567450	596.00	9.00	13.97	25.78	101807.28	1853	0	AnneMcLaren	
598	0:09:34	1/1/2019 	567828	472.00	8.00	12.63	25.78	101807.28	49823	0	AnneMcLaren	
599	0:09:35	1/1/2019 	568675	98.00	8.00	6.54	25.78	101807.28	49821	0	AnneMcLaren	
600	0:09:35	1/1/2019 	569163	979.00	592.00	103.08	25.78	101807.11	1849	0	AnneMcLaren	
601	0:09:38	1/1/2019 	572141	199.00	8.00	9.28	25.79	101807.50	147737	0	AnneMcLaren	
602	0:09:39	1/1/2019 	573115	66.00	8.00	5.93	25.79	101807.89	50792	0	AnneMcLaren	
603	0:09:40	1/1/2019 	573901	70.00	8.00	5.98	25.79	101807.72	49823	0	AnneMcLaren	
604	0:09:41	1/1/2019 	574580	68.00	8.00	5.95	25.79	101807.72	49820	0	AnneMcLaren	
605	0:09:41	1/1/2019 	574667	612.00	9.00	14.17	25.79	101807.72	1849	0	AnneMcLaren	
606	0:09:44	1/1/2019 	577703	234.00	8.00	10.00	25.79	101807.36	145772	0	AnneMcLaren	
607	0:09:45	1/1/2019 	578360	496.00	8.00	12.80	25.79	101807.01	3952	1	AnneMcLaren	
608	0:09:45	1/1/2019 	578417	567.00	8.00	13.46	25.79	101807.01	1850	0	AnneMcLaren	
609	0:09:45	1/1/2019 	578564	962.00	156.00	40.21	25.79	101807.01	49821	0	AnneMcLaren	
610	0:09:45	1/1/2019 	578955	530.00	8.00	13.08	25.79	101806.84	1850	0	AnneMcLaren	
611	0:09:45	1/1/2019 	579158	141.00	8.00	7.76	25.79	101806.84	1846	0	AnneMcLaren	
612	0:09:45	1/1/2019 	579263	217.00	8.00	9.67	25.79	101806.84	1847	0	AnneMcLaren	
613	0:09:45	1/1/2019 	579305	521.00	9.00	13.11	25.79	101806.84	3867	0	AnneMcLaren	
614	0:09:46	1/1/2019 	579465	97.00	8.00	6.52	25.79	101807.23	1849	0	AnneMcLaren	
615	0:09:46	1/1/2019 	579678	96.00	7.00	6.49	25.79	101807.23	49820	0	AnneMcLaren	
616	0:09:46	1/1/2019 	579917	340.00	8.00	11.55	25.79	101807.05	2818	0	AnneMcLaren	
617	0:09:47	1/1/2019 	580948	380.00	8.00	11.95	25.79	101807.05	49819	0	AnneMcLaren	
618	0:09:48	1/1/2019 	581585	442.00	8.00	12.43	25.79	101807.23	49819	0	AnneMcLaren	
619	0:09:48	1/1/2019 	581614	193.00	8.00	9.14	25.79	101807.23	3951	1	AnneMcLaren	
620	0:09:50	1/1/2019 	583925	342.00	8.00	11.57	25.80	101808.19	97793	0	AnneMcLaren	
621	0:09:51	1/1/2019 	584374	868.00	79.00	26.21	25.80	101808.19	1848	0	AnneMcLaren	
622	0:09:53	1/1/2019 	586797	106.00	7.00	6.75	25.80	101808.89	145769	0	AnneMcLaren	
623	0:09:54	1/1/2019 	588129	67.00	8.00	5.94	25.80	101809.23	49822	0	AnneMcLaren	
624	0:09:55	1/1/2019 	588613	85.00	8.00	6.24	25.80	101809.80	49821	0	AnneMcLaren	
625	0:09:55	1/1/2019 	588856	169.00	8.00	8.54	25.80	101809.80	3814	0	AnneMcLaren	
626	0:09:56	1/1/2019 	589696	468.00	8.00	12.60	25.80	101809.98	49819	0	AnneMcLaren	
627	0:10:01	1/1/2019 	594672	929.00	138.00	37.28	25.81	101810.55	242678	0	AnneMcLaren	
628	0:10:04	1/1/2019 	598009	87.00	8.00	6.28	25.81	101810.59	145772	0	AnneMcLaren	
629	0:10:04	1/1/2019 	598042	443.00	8.00	12.43	25.81	101810.59	1848	0	AnneMcLaren	
630	0:10:06	1/1/2019 	598631	88.00	8.00	6.30	25.81	101810.42	49822	0	AnneMcLaren	
631	0:10:06	1/1/2019 	599591	796.00	32.00	20.51	25.81	101810.08	51926	0	AnneMcLaren	
632	0:10:07	1/1/2019 	599650	81.00	7.00	6.15	25.81	101810.08	2816	0	AnneMcLaren	
633	0:10:07	1/1/2019 	600167	671.00	11.00	15.24	25.81	101810.47	1851	0	AnneMcLaren	
634	0:10:07	1/1/2019 	600482	73.00	8.00	6.02	25.81	101810.47	1849	0	AnneMcLaren	
635	0:10:08	1/1/2019 	601040	70.00	8.00	5.98	25.81	101810.30	49820	0	AnneMcLaren	
636	0:10:09	1/1/2019 	601716	797.00	37.00	21.15	25.81	101809.95	49822	0	AnneMcLaren	
637	0:10:10	1/1/2019 	602792	153.00	8.00	8.10	25.81	101809.42	51927	0	AnneMcLaren	
638	0:10:11	1/1/2019 	603653	175.00	8.00	8.69	25.82	101809.47	49821	0	AnneMcLaren	
639	0:10:12	1/1/2019 	604742	457.00	8.00	12.53	25.82	101809.30	49819	0	AnneMcLaren	
640	0:10:12	1/1/2019 	605449	123.00	7.00	7.23	25.82	101809.30	1848	0	AnneMcLaren	
641	0:10:12	1/1/2019 	605599	715.00	13.00	16.01	25.82	101809.30	49821	0	AnneMcLaren	
642	0:10:14	1/1/2019 	607133	590.00	8.00	13.72	25.82	101809.31	49821	0	AnneMcLaren	
643	0:10:15	1/1/2019 	608464	71.00	8.00	5.99	25.82	101808.97	51785	0	AnneMcLaren	
644	0:10:16	1/1/2019 	608998	157.00	8.00	8.21	25.82	101808.79	49822	0	AnneMcLaren	
645	0:10:17	1/1/2019 	610342	126.00	8.00	7.32	25.82	101809.19	49822	0	AnneMcLaren	
646	0:10:17	1/1/2019 	610548	804.00	37.00	21.16	25.82	101809.19	50791	0	AnneMcLaren	
647	0:10:20	1/1/2019 	613436	466.00	9.00	12.67	25.82	101808.88	97796	0	AnneMcLaren	
648	0:10:21	1/1/2019 	614244	66.00	8.00	5.93	25.82	101808.70	49827	0	AnneMcLaren	
649	0:10:22	1/1/2019 	615220	120.00	8.00	7.15	25.82	101808.70	51922	0	AnneMcLaren	
650	0:10:24	1/1/2019 	617177	108.00	8.00	6.81	25.83	101808.72	97794	0	AnneMcLaren	
651	0:10:26	1/1/2019 	618656	722.00	15.00	16.68	25.83	101808.38	97798	0	AnneMcLaren	
