###################################################################################################
### CosmicWatch: The Desktop Muon Detector
### Device ID: AnneMcLaren
### Launch time: 0:00:10 1/1/2019
### Questions? Email Spencer N. Axani (saxani@mit.edu)
### Event Time Date TimeStamp[ms] ADC1 ADC2 SiPM[mV] Temp[C] Pressure[Pa] DeadTime[us] Coincident ID
###################################################################################################
1	0:00:11	1/1/2019 	376	179.00	9.00	8.80	25.98	101912.19	47973	0	AnneMcLaren	
2	0:00:13	1/1/2019 	2548	99.00	8.00	6.57	25.98	101912.88	149792	0	AnneMcLaren	
3	0:00:14	1/1/2019 	3401	232.00	9.00	9.98	25.98	101913.19	2012	0	AnneMcLaren	
4	0:00:15	1/1/2019 	4285	144.00	9.00	7.85	25.98	101913.36	49821	0	AnneMcLaren	
5	0:00:18	1/1/2019 	7052	585.00	9.00	13.83	25.98	101915.27	145762	0	AnneMcLaren	
6	0:00:18	1/1/2019 	7575	923.00	127.00	35.26	25.98	101915.44	49820	0	AnneMcLaren	
7	0:00:18	1/1/2019 	7865	92.00	8.00	6.39	25.98	101915.61	1848	0	AnneMcLaren	
8	0:00:20	1/1/2019 	9429	529.00	9.00	13.18	25.98	101916.09	51780	0	AnneMcLaren	
9	0:00:23	1/1/2019 	12219	84.00	8.00	6.21	25.97	101916.59	145764	0	AnneMcLaren	
10	0:00:25	1/1/2019 	14007	270.00	8.00	10.62	25.97	101916.59	98534	0	AnneMcLaren	
11	0:00:26	1/1/2019 	15318	333.00	9.00	11.51	25.97	101916.20	49818	0	AnneMcLaren	
12	0:00:31	1/1/2019 	20430	101.00	8.00	6.62	25.96	101916.05	241703	0	AnneMcLaren	
13	0:00:33	1/1/2019 	22714	580.00	9.00	13.77	25.96	101915.97	146505	0	AnneMcLaren	
14	0:00:35	1/1/2019 	24010	463.00	9.00	12.65	25.95	101915.95	49821	0	AnneMcLaren	
15	0:00:36	1/1/2019 	25324	237.00	8.00	10.06	25.95	101916.04	51920	0	AnneMcLaren	
16	0:00:37	1/1/2019 	26306	245.00	8.00	10.20	25.95	101916.05	49819	0	AnneMcLaren	
17	0:00:37	1/1/2019 	26722	378.00	9.00	11.99	25.95	101916.05	49821	0	AnneMcLaren	
18	0:00:37	1/1/2019 	26874	697.00	12.00	15.65	25.94	101916.02	1849	0	AnneMcLaren	
19	0:00:38	1/1/2019 	27579	336.00	9.00	11.55	25.94	101915.80	49818	1	AnneMcLaren	
20	0:00:39	1/1/2019 	28349	85.00	8.00	6.24	25.94	101915.97	1850	0	AnneMcLaren	
21	0:00:41	1/1/2019 	30451	193.00	8.00	9.14	25.93	101915.86	99808	0	AnneMcLaren	
22	0:00:42	1/1/2019 	31857	965.00	313.00	59.24	25.93	101915.95	98538	1	AnneMcLaren	
23	0:00:43	1/1/2019 	32093	832.00	58.00	23.38	25.93	101915.95	1850	0	AnneMcLaren	
24	0:00:43	1/1/2019 	32811	152.00	8.00	8.07	25.93	101915.94	49824	1	AnneMcLaren	
25	0:00:44	1/1/2019 	33866	487.00	9.00	12.82	25.92	101915.71	49819	1	AnneMcLaren	
26	0:00:44	1/1/2019 	33996	426.00	9.00	12.39	25.92	101915.71	1850	0	AnneMcLaren	
27	0:00:45	1/1/2019 	34130	548.00	9.00	13.38	25.92	101915.71	3948	1	AnneMcLaren	
28	0:00:46	1/1/2019 	35572	136.00	8.00	7.62	25.92	101914.77	97795	0	AnneMcLaren	
29	0:00:47	1/1/2019 	36590	162.00	8.00	8.35	25.91	101914.91	49820	0	AnneMcLaren	
30	0:00:47	1/1/2019 	36644	102.00	8.00	6.65	25.91	101914.91	1847	0	AnneMcLaren	
31	0:00:49	1/1/2019 	38846	629.00	9.00	14.36	25.91	101914.45	97790	0	AnneMcLaren	
32	0:00:53	1/1/2019 	42781	661.00	10.00	14.88	25.90	101914.30	193739	0	AnneMcLaren	
33	0:00:56	1/1/2019 	45215	596.00	8.00	13.79	25.89	101914.33	100660	0	AnneMcLaren	
34	0:00:57	1/1/2019 	46432	673.00	10.00	14.93	25.88	101914.63	49818	0	AnneMcLaren	
35	0:00:59	1/1/2019 	48931	108.00	8.00	6.81	25.88	101915.08	145761	0	AnneMcLaren	
36	0:01:03	1/1/2019 	52373	256.00	8.00	10.39	25.87	101914.77	145762	0	AnneMcLaren	
37	0:01:05	1/1/2019 	54062	74.00	8.00	6.03	25.86	101914.48	98536	0	AnneMcLaren	
38	0:01:07	1/1/2019 	56193	123.00	8.00	7.24	25.85	101914.73	97792	0	AnneMcLaren	
39	0:01:07	1/1/2019 	56401	776.00	26.00	19.51	25.85	101914.73	4023	0	AnneMcLaren	
40	0:01:08	1/1/2019 	57106	959.00	166.00	41.62	25.85	101914.58	49821	0	AnneMcLaren	
41	0:01:09	1/1/2019 	58414	112.00	8.00	6.92	25.85	101915.02	49822	0	AnneMcLaren	
42	0:01:09	1/1/2019 	58571	689.00	11.00	15.30	25.85	101915.02	49821	0	AnneMcLaren	
43	0:01:10	1/1/2019 	59442	199.00	8.00	9.28	25.85	101914.97	1849	0	AnneMcLaren	
44	0:01:12	1/1/2019 	61743	728.00	15.00	16.69	25.84	101914.56	145766	1	AnneMcLaren	
45	0:01:13	1/1/2019 	62075	887.00	83.00	26.91	25.84	101914.34	2594	0	AnneMcLaren	
46	0:01:13	1/1/2019 	62246	90.00	8.00	6.35	25.84	101914.34	154621	0	AnneMcLaren	
47	0:01:13	1/1/2019 	62353	102.00	8.00	6.65	25.84	101914.34	1847	0	AnneMcLaren	
48	0:01:13	1/1/2019 	62452	128.00	8.00	7.38	25.84	101914.34	1847	0	AnneMcLaren	
49	0:01:13	1/1/2019 	62551	513.00	9.00	13.03	25.84	101914.34	49814	0	AnneMcLaren	
50	0:01:13	1/1/2019 	62800	163.00	8.00	8.38	25.84	101914.69	1849	0	AnneMcLaren	
51	0:01:16	1/1/2019 	65881	864.00	64.00	24.13	25.83	101914.20	145760	0	AnneMcLaren	
52	0:01:17	1/1/2019 	66893	268.00	8.00	10.59	25.83	101914.36	51780	0	AnneMcLaren	
53	0:01:18	1/1/2019 	67432	962.00	202.00	45.62	25.83	101914.53	1848	0	AnneMcLaren	
54	0:01:19	1/1/2019 	68453	223.00	8.00	9.79	25.82	101914.52	49822	0	AnneMcLaren	
55	0:01:20	1/1/2019 	69137	164.00	8.00	8.40	25.82	101914.47	49821	0	AnneMcLaren	
56	0:01:21	1/1/2019 	70394	140.00	8.00	7.73	25.82	101914.59	49820	0	AnneMcLaren	
57	0:01:23	1/1/2019 	72158	104.00	8.00	6.70	25.82	101915.11	98536	0	AnneMcLaren	
58	0:01:23	1/1/2019 	72338	124.00	3.00	7.25	25.81	101915.06	3947	0	AnneMcLaren	
59	0:01:25	1/1/2019 	74260	699.00	12.00	15.65	25.81	101915.54	97791	0	AnneMcLaren	
60	0:01:25	1/1/2019 	74861	92.00	8.00	6.39	25.81	101915.84	49821	0	AnneMcLaren	
61	0:01:27	1/1/2019 	76658	102.00	8.00	6.65	25.80	101915.78	97792	0	AnneMcLaren	
62	0:01:29	1/1/2019 	78756	655.00	10.00	14.84	25.80	101916.08	97793	0	AnneMcLaren	
63	0:01:30	1/1/2019 	79206	970.00	314.00	59.41	25.80	101915.72	1849	1	AnneMcLaren	
64	0:01:31	1/1/2019 	80079	461.00	9.00	12.64	25.80	101916.07	51787	0	AnneMcLaren	
65	0:01:31	1/1/2019 	80432	116.00	8.00	7.03	25.80	101916.02	2595	0	AnneMcLaren	
66	0:01:32	1/1/2019 	81266	185.00	8.00	8.95	25.79	101915.98	49819	0	AnneMcLaren	
67	0:01:32	1/1/2019 	81607	388.00	8.00	12.02	25.79	101915.98	49821	1	AnneMcLaren	
68	0:01:34	1/1/2019 	83271	648.00	10.00	14.79	25.79	101916.28	49819	0	AnneMcLaren	
69	0:01:35	1/1/2019 	84345	903.00	104.00	30.77	25.79	101916.62	49826	0	AnneMcLaren	
70	0:01:36	1/1/2019 	85781	846.00	59.00	23.52	25.79	101916.98	99901	0	AnneMcLaren	
71	0:01:37	1/1/2019 	86214	673.00	10.00	14.93	25.79	101916.77	1851	1	AnneMcLaren	
72	0:01:38	1/1/2019 	87908	97.00	7.00	6.51	25.78	101916.38	97792	0	AnneMcLaren	
73	0:01:38	1/1/2019 	87994	124.00	8.00	7.27	25.78	101916.38	1850	0	AnneMcLaren	
74	0:01:40	1/1/2019 	89870	252.00	8.00	10.33	25.78	101915.64	97790	0	AnneMcLaren	
75	0:01:41	1/1/2019 	90194	96.00	8.00	6.49	25.78	101915.64	2592	0	AnneMcLaren	
76	0:01:42	1/1/2019 	91413	814.00	46.00	22.13	25.78	101915.45	49818	1	AnneMcLaren	
77	0:01:44	1/1/2019 	93622	94.00	8.00	6.44	25.78	101915.06	147871	0	AnneMcLaren	
78	0:01:49	1/1/2019 	98421	844.00	65.00	24.21	25.77	101914.79	193749	1	AnneMcLaren	
79	0:01:50	1/1/2019 	99219	393.00	8.00	12.06	25.77	101914.96	49825	0	AnneMcLaren	
80	0:01:50	1/1/2019 	99848	774.00	25.00	19.31	25.77	101915.14	49822	1	AnneMcLaren	
81	0:01:51	1/1/2019 	100659	81.00	7.00	6.15	25.77	101915.27	50569	0	AnneMcLaren	
82	0:01:53	1/1/2019 	102070	452.00	8.00	12.50	25.77	101916.13	49823	0	AnneMcLaren	
83	0:01:56	1/1/2019 	105367	803.00	37.00	21.16	25.76	101916.07	147873	0	AnneMcLaren	
84	0:01:56	1/1/2019 	105742	187.00	8.00	8.99	25.76	101916.07	49826	0	AnneMcLaren	
85	0:01:56	1/1/2019 	105812	128.00	8.00	7.38	25.76	101916.07	1848	0	AnneMcLaren	
86	0:01:57	1/1/2019 	106056	89.00	8.00	6.32	25.76	101916.07	1846	0	AnneMcLaren	
87	0:01:57	1/1/2019 	106107	324.00	8.00	11.37	25.76	101916.07	1848	1	AnneMcLaren	
88	0:01:57	1/1/2019 	106307	671.00	10.00	14.92	25.76	101916.07	1849	0	AnneMcLaren	
89	0:01:58	1/1/2019 	107310	90.00	8.00	6.35	25.76	101916.06	51786	1	AnneMcLaren	
90	0:02:01	1/1/2019 	110602	183.00	8.00	8.90	25.76	101916.19	193744	0	AnneMcLaren	
91	0:02:02	1/1/2019 	111582	437.00	8.00	12.39	25.75	101915.62	50567	0	AnneMcLaren	
92	0:02:02	1/1/2019 	111821	103.00	8.00	6.67	25.75	101915.80	1848	0	AnneMcLaren	
93	0:02:03	1/1/2019 	112696	953.00	150.00	39.29	25.75	101915.97	49821	0	AnneMcLaren	
94	0:02:04	1/1/2019 	113674	230.00	8.00	9.93	25.75	101916.48	49826	0	AnneMcLaren	
95	0:02:04	1/1/2019 	113851	224.00	8.00	9.81	25.75	101916.12	4005	0	AnneMcLaren	
96	0:02:04	1/1/2019 	113948	77.00	8.00	6.08	25.75	101916.12	1854	0	AnneMcLaren	
97	0:02:05	1/1/2019 	114019	203.00	12.00	9.41	25.75	101916.12	1855	0	AnneMcLaren	
98	0:02:07	1/1/2019 	116965	385.00	9.00	12.05	25.75	101916.30	145777	0	AnneMcLaren	
99	0:02:08	1/1/2019 	117078	88.00	8.00	6.30	25.75	101916.47	1850	0	AnneMcLaren	
100	0:02:11	1/1/2019 	120035	147.00	8.00	7.93	25.75	101916.60	145774	1	AnneMcLaren	
101	0:02:12	1/1/2019 	121346	960.00	189.00	44.33	25.75	101916.60	52671	0	AnneMcLaren	
102	0:02:13	1/1/2019 	122799	193.00	8.00	9.14	25.75	101916.56	97801	0	AnneMcLaren	
103	0:02:14	1/1/2019 	123430	98.00	8.00	6.54	25.75	101916.39	1848	0	AnneMcLaren	
104	0:02:14	1/1/2019 	123485	352.00	9.00	11.73	25.75	101916.39	1847	0	AnneMcLaren	
105	0:02:16	1/1/2019 	125157	694.00	12.00	15.64	25.75	101916.21	97799	0	AnneMcLaren	
106	0:02:17	1/1/2019 	126181	629.00	10.00	14.59	25.74	101915.82	49825	0	AnneMcLaren	
107	0:02:17	1/1/2019 	126299	174.00	8.00	8.67	25.74	101915.82	3813	0	AnneMcLaren	
108	0:02:18	1/1/2019 	127376	373.00	9.00	11.94	25.74	101915.82	49823	0	AnneMcLaren	
109	0:02:18	1/1/2019 	127825	87.00	8.00	6.28	25.74	101915.65	49824	0	AnneMcLaren	
110	0:02:18	1/1/2019 	127881	974.00	441.00	79.90	25.74	101915.65	1846	0	AnneMcLaren	
111	0:02:20	1/1/2019 	129731	169.00	8.00	8.54	25.74	101915.28	97801	0	AnneMcLaren	
112	0:02:22	1/1/2019 	131993	159.00	8.00	8.27	25.74	101915.45	98541	0	AnneMcLaren	
113	0:02:23	1/1/2019 	132833	180.00	8.00	8.82	25.74	101915.45	51920	0	AnneMcLaren	
114	0:02:23	1/1/2019 	132954	152.00	8.00	8.07	25.74	101915.45	1848	0	AnneMcLaren	
115	0:02:25	1/1/2019 	134587	153.00	8.00	8.10	25.74	101915.23	97795	0	AnneMcLaren	
116	0:02:26	1/1/2019 	135054	111.00	8.00	6.89	25.74	101915.23	1848	0	AnneMcLaren	
117	0:02:27	1/1/2019 	136740	860.00	79.00	26.19	25.74	101915.41	97797	0	AnneMcLaren	
118	0:02:27	1/1/2019 	136834	699.00	11.00	15.30	25.74	101915.41	1851	0	AnneMcLaren	
119	0:02:27	1/1/2019 	136911	933.00	139.00	37.45	25.74	101915.41	3812	1	AnneMcLaren	
120	0:02:28	1/1/2019 	137996	619.00	9.00	14.25	25.74	101915.59	49822	1	AnneMcLaren	
121	0:02:29	1/1/2019 	138311	87.00	8.00	6.28	25.74	101915.59	1850	0	AnneMcLaren	
122	0:02:29	1/1/2019 	138320	457.00	8.00	12.53	25.74	101915.59	1848	0	AnneMcLaren	
123	0:02:29	1/1/2019 	138869	463.00	7.00	12.48	25.74	101915.77	49820	0	AnneMcLaren	
124	0:02:30	1/1/2019 	139366	801.00	43.00	21.80	25.74	101915.20	1849	0	AnneMcLaren	
125	0:02:32	1/1/2019 	141423	99.00	8.00	6.57	25.74	101915.37	99816	0	AnneMcLaren	
126	0:02:32	1/1/2019 	141945	885.00	76.00	25.80	25.74	101915.55	50566	0	AnneMcLaren	
127	0:02:35	1/1/2019 	144866	710.00	14.00	16.34	25.73	101915.67	145775	0	AnneMcLaren	
128	0:02:37	1/1/2019 	146271	84.00	8.00	6.21	25.73	101916.02	49827	0	AnneMcLaren	
129	0:02:38	1/1/2019 	147363	179.00	8.00	8.80	25.73	101916.36	49824	0	AnneMcLaren	
130	0:02:39	1/1/2019 	148729	686.00	11.00	15.29	25.73	101916.54	97797	1	AnneMcLaren	
131	0:02:45	1/1/2019 	154449	769.00	25.00	19.30	25.73	101917.05	243829	0	AnneMcLaren	
132	0:02:46	1/1/2019 	155380	957.00	162.00	41.08	25.73	101916.87	49826	0	AnneMcLaren	
133	0:02:46	1/1/2019 	155417	153.00	8.00	8.10	25.73	101916.87	1851	0	AnneMcLaren	
134	0:02:47	1/1/2019 	156825	814.00	47.00	22.23	25.73	101917.05	97796	0	AnneMcLaren	
135	0:02:48	1/1/2019 	157738	957.00	169.00	42.02	25.73	101917.05	49824	0	AnneMcLaren	
136	0:02:49	1/1/2019 	158629	678.00	11.00	15.27	25.73	101916.83	49826	0	AnneMcLaren	
137	0:02:49	1/1/2019 	158941	412.00	8.00	12.21	25.73	101916.83	130234	0	AnneMcLaren	
138	0:02:54	1/1/2019 	163971	166.00	8.00	8.46	25.73	101917.91	241719	0	AnneMcLaren	
139	0:02:55	1/1/2019 	164782	96.00	8.00	6.49	25.73	101918.08	50567	0	AnneMcLaren	
140	0:02:56	1/1/2019 	165337	789.00	33.00	20.64	25.73	101917.91	1847	0	AnneMcLaren	
141	0:02:57	1/1/2019 	166161	605.00	9.00	14.09	25.73	101917.91	49824	0	AnneMcLaren	
142	0:02:57	1/1/2019 	166496	131.00	8.00	7.47	25.73	101917.91	1850	0	AnneMcLaren	
143	0:02:58	1/1/2019 	167408	163.00	8.00	8.38	25.73	101917.73	49821	1	AnneMcLaren	
144	0:03:00	1/1/2019 	169910	556.00	9.00	13.47	25.73	101917.22	147872	0	AnneMcLaren	
145	0:03:01	1/1/2019 	170982	94.00	8.00	6.44	25.73	101916.87	50567	0	AnneMcLaren	
146	0:03:02	1/1/2019 	171063	922.00	125.00	34.88	25.73	101916.87	1849	0	AnneMcLaren	
147	0:03:06	1/1/2019 	175176	689.00	11.00	15.30	25.73	101916.34	193745	0	AnneMcLaren	
148	0:03:07	1/1/2019 	176047	85.00	8.00	6.24	25.73	101916.17	49826	0	AnneMcLaren	
149	0:03:09	1/1/2019 	178571	540.00	9.00	13.29	25.73	101915.83	145769	0	AnneMcLaren	
150	0:03:10	1/1/2019 	179232	269.00	8.00	10.61	25.73	101915.66	3949	0	AnneMcLaren	
151	0:03:11	1/1/2019 	180052	935.00	141.00	37.80	25.73	101915.83	49824	1	AnneMcLaren	
152	0:03:13	1/1/2019 	182767	158.00	8.00	8.24	25.73	101915.48	146517	0	AnneMcLaren	
153	0:03:14	1/1/2019 	183479	453.00	8.00	12.50	25.73	101915.66	1847	0	AnneMcLaren	
154	0:03:14	1/1/2019 	183633	194.00	8.00	9.16	25.73	101915.66	49823	0	AnneMcLaren	
155	0:03:15	1/1/2019 	184575	762.00	24.00	19.09	25.73	101916.02	49821	0	AnneMcLaren	
156	0:03:15	1/1/2019 	184738	83.00	8.00	6.19	25.73	101916.02	3949	1	AnneMcLaren	
157	0:03:16	1/1/2019 	185389	463.00	9.00	12.65	25.73	101915.84	1846	0	AnneMcLaren	
158	0:03:18	1/1/2019 	187149	929.00	136.00	36.92	25.73	101915.67	97796	0	AnneMcLaren	
159	0:03:18	1/1/2019 	187236	123.00	8.00	7.24	25.73	101915.67	1851	0	AnneMcLaren	
160	0:03:18	1/1/2019 	187989	603.00	9.00	14.06	25.73	101915.33	49819	0	AnneMcLaren	
161	0:03:22	1/1/2019 	191069	838.00	66.00	24.32	25.73	101914.63	145773	0	AnneMcLaren	
162	0:03:27	1/1/2019 	196162	268.00	8.00	10.59	25.74	101913.98	244592	0	AnneMcLaren	
163	0:03:28	1/1/2019 	197213	643.00	9.00	14.48	25.74	101913.46	49824	0	AnneMcLaren	
164	0:03:28	1/1/2019 	197996	168.00	8.00	8.51	25.74	101913.29	49824	0	AnneMcLaren	
165	0:03:29	1/1/2019 	198321	165.00	8.00	8.43	25.74	101913.12	1847	0	AnneMcLaren	
166	0:03:30	1/1/2019 	199772	88.00	8.00	6.30	25.74	101913.16	97795	0	AnneMcLaren	
167	0:03:30	1/1/2019 	199816	198.00	8.00	9.25	25.74	101913.16	2591	0	AnneMcLaren	
168	0:03:31	1/1/2019 	200743	578.00	9.00	13.74	25.74	101913.33	51921	0	AnneMcLaren	
169	0:03:31	1/1/2019 	200979	695.00	11.00	15.30	25.74	101913.16	1851	0	AnneMcLaren	
170	0:03:32	1/1/2019 	201698	115.00	10.00	7.01	25.74	101913.16	49822	0	AnneMcLaren	
171	0:03:37	1/1/2019 	206126	111.00	8.00	6.89	25.74	101912.86	193751	0	AnneMcLaren	
172	0:03:38	1/1/2019 	207899	848.00	56.00	23.19	25.74	101912.52	97798	0	AnneMcLaren	
173	0:03:39	1/1/2019 	208377	592.00	9.00	13.92	25.74	101912.88	1852	0	AnneMcLaren	
174	0:03:39	1/1/2019 	208462	97.00	8.00	6.52	25.74	101912.88	3820	0	AnneMcLaren	
175	0:03:41	1/1/2019 	210286	619.00	9.00	14.25	25.74	101912.35	97805	0	AnneMcLaren	
176	0:03:42	1/1/2019 	211196	739.00	18.00	17.60	25.74	101912.35	50570	0	AnneMcLaren	
177	0:03:42	1/1/2019 	211807	958.00	163.00	41.22	25.74	101912.17	49825	0	AnneMcLaren	
178	0:03:44	1/1/2019 	213369	75.00	8.00	6.05	25.74	101912.52	49824	0	AnneMcLaren	
179	0:03:45	1/1/2019 	214838	86.00	7.00	6.26	25.75	101912.56	97798	0	AnneMcLaren	
180	0:03:46	1/1/2019 	215135	137.00	8.00	7.64	25.75	101912.56	3950	0	AnneMcLaren	
181	0:03:47	1/1/2019 	216352	103.00	8.00	6.67	25.75	101912.22	49825	0	AnneMcLaren	
182	0:03:48	1/1/2019 	217439	470.00	8.00	12.62	25.75	101912.22	49824	0	AnneMcLaren	
183	0:03:49	1/1/2019 	218020	169.00	8.00	8.54	25.75	101912.39	49825	0	AnneMcLaren	
184	0:03:50	1/1/2019 	219636	132.00	8.00	7.50	25.75	101913.13	97799	0	AnneMcLaren	
185	0:03:51	1/1/2019 	220074	197.00	8.00	9.23	25.75	101913.13	2592	0	AnneMcLaren	
186	0:03:52	1/1/2019 	221635	91.00	8.00	6.37	25.75	101913.13	99954	0	AnneMcLaren	
187	0:03:52	1/1/2019 	221826	143.00	8.00	7.82	25.75	101913.13	1848	0	AnneMcLaren	
188	0:03:53	1/1/2019 	222231	614.00	9.00	14.20	25.75	101913.30	1847	1	AnneMcLaren	
189	0:03:53	1/1/2019 	222585	212.00	8.00	9.56	25.75	101913.30	49825	0	AnneMcLaren	
190	0:03:54	1/1/2019 	223433	484.00	4.00	12.30	25.75	101912.95	1846	1	AnneMcLaren	
191	0:03:55	1/1/2019 	224794	958.00	176.00	42.88	25.75	101913.17	97801	0	AnneMcLaren	
192	0:03:55	1/1/2019 	224945	648.00	9.00	14.51	25.75	101913.17	3814	0	AnneMcLaren	
193	0:04:00	1/1/2019 	229385	102.00	8.00	6.65	25.75	101911.96	193754	0	AnneMcLaren	
194	0:04:00	1/1/2019 	229418	142.00	8.00	7.79	25.75	101911.96	1848	0	AnneMcLaren	
195	0:04:00	1/1/2019 	229482	315.00	10.00	11.33	25.75	101911.96	1847	0	AnneMcLaren	
196	0:04:00	1/1/2019 	229580	104.00	8.00	6.70	25.75	101911.96	49825	0	AnneMcLaren	
197	0:04:01	1/1/2019 	230282	100.00	8.00	6.59	25.75	101912.16	2785	0	AnneMcLaren	
198	0:04:01	1/1/2019 	230558	649.00	9.00	14.52	25.75	101912.16	51925	0	AnneMcLaren	
199	0:04:02	1/1/2019 	231203	209.00	8.00	9.50	25.75	101911.98	1849	0	AnneMcLaren	
200	0:04:02	1/1/2019 	231728	528.00	9.00	13.17	25.75	101911.80	49824	0	AnneMcLaren	
201	0:04:03	1/1/2019 	232827	200.00	8.00	9.30	25.75	101911.63	49825	0	AnneMcLaren	
202	0:04:04	1/1/2019 	233293	220.00	8.00	9.73	25.75	101911.63	1848	0	AnneMcLaren	
203	0:04:04	1/1/2019 	233661	962.00	167.00	41.76	25.75	101911.45	49824	0	AnneMcLaren	
204	0:04:05	1/1/2019 	234077	76.00	8.00	6.07	25.75	101911.28	3812	0	AnneMcLaren	
205	0:04:05	1/1/2019 	234258	209.00	8.00	9.50	25.75	101911.28	1848	0	AnneMcLaren	
206	0:04:05	1/1/2019 	234310	76.00	8.00	6.07	25.75	101911.28	1846	0	AnneMcLaren	
207	0:04:06	1/1/2019 	235367	181.00	8.00	8.85	25.76	101911.16	49823	0	AnneMcLaren	
208	0:04:07	1/1/2019 	236123	660.00	9.00	14.57	25.76	101910.64	49824	0	AnneMcLaren	
209	0:04:07	1/1/2019 	236715	124.00	8.00	7.27	25.76	101910.29	49825	0	AnneMcLaren	
210	0:04:11	1/1/2019 	240359	107.00	8.00	6.78	25.76	101908.73	147738	0	AnneMcLaren	
211	0:04:13	1/1/2019 	242182	128.00	7.00	7.38	25.76	101909.12	98738	0	AnneMcLaren	
212	0:04:14	1/1/2019 	243337	358.00	8.00	11.74	25.76	101908.94	49830	0	AnneMcLaren	
213	0:04:15	1/1/2019 	244050	88.00	8.00	6.30	25.76	101908.59	49824	0	AnneMcLaren	
214	0:04:16	1/1/2019 	245360	227.00	8.00	9.87	25.76	101908.61	49825	0	AnneMcLaren	
215	0:04:19	1/1/2019 	248392	215.00	8.00	9.63	25.76	101908.09	145779	0	AnneMcLaren	
216	0:04:20	1/1/2019 	249319	243.00	8.00	10.17	25.76	101908.27	51980	0	AnneMcLaren	
217	0:04:25	1/1/2019 	254866	966.00	345.00	64.97	25.77	101910.23	289711	1	AnneMcLaren	
218	0:04:26	1/1/2019 	255195	169.00	8.00	8.54	25.77	101910.23	2789	0	AnneMcLaren	
219	0:04:26	1/1/2019 	255387	386.00	8.00	12.00	25.77	101910.23	1848	0	AnneMcLaren	
220	0:04:26	1/1/2019 	255651	141.00	8.00	7.76	25.77	101910.23	49822	0	AnneMcLaren	
221	0:04:29	1/1/2019 	258192	97.00	8.00	6.52	25.77	101909.72	97799	0	AnneMcLaren	
222	0:04:29	1/1/2019 	258436	115.00	8.00	7.01	25.77	101910.11	3947	0	AnneMcLaren	
223	0:04:29	1/1/2019 	258455	458.00	8.00	12.54	25.77	101910.11	1847	1	AnneMcLaren	
224	0:04:29	1/1/2019 	258459	179.00	8.00	8.80	25.77	101910.11	1847	0	AnneMcLaren	
225	0:04:31	1/1/2019 	260233	139.00	8.00	7.70	25.77	101910.11	97798	0	AnneMcLaren	
226	0:04:31	1/1/2019 	260285	134.00	8.00	7.56	25.77	101910.11	2785	0	AnneMcLaren	
227	0:04:31	1/1/2019 	260744	958.00	155.00	40.06	25.77	101910.11	49822	0	AnneMcLaren	
228	0:04:33	1/1/2019 	262818	740.00	18.00	17.60	25.77	101910.29	99902	0	AnneMcLaren	
229	0:04:33	1/1/2019 	262912	75.00	8.00	6.05	25.77	101910.29	1850	0	AnneMcLaren	
230	0:04:34	1/1/2019 	263016	963.00	209.00	46.27	25.77	101910.29	1847	0	AnneMcLaren	
231	0:04:34	1/1/2019 	263042	120.00	8.00	7.15	25.77	101910.29	1850	0	AnneMcLaren	
232	0:04:34	1/1/2019 	263636	156.00	8.00	8.19	25.77	101910.47	49822	0	AnneMcLaren	
233	0:04:34	1/1/2019 	263929	124.00	8.00	7.27	25.77	101910.81	1847	0	AnneMcLaren	
234	0:04:35	1/1/2019 	264135	957.00	160.00	40.80	25.77	101910.81	1847	1	AnneMcLaren	
235	0:04:36	1/1/2019 	265605	89.00	8.00	6.32	25.77	101911.16	99765	0	AnneMcLaren	
236	0:04:38	1/1/2019 	267329	94.00	8.00	6.44	25.77	101911.38	49826	0	AnneMcLaren	
237	0:04:39	1/1/2019 	268221	140.00	8.00	7.73	25.77	101911.55	49829	0	AnneMcLaren	
238	0:04:39	1/1/2019 	268318	89.00	8.00	6.32	25.77	101911.55	1848	0	AnneMcLaren	
239	0:04:41	1/1/2019 	270480	223.00	8.00	9.79	25.77	101911.38	97802	1	AnneMcLaren	
240	0:04:42	1/1/2019 	271208	929.00	132.00	36.20	25.77	101911.38	50770	0	AnneMcLaren	
241	0:04:42	1/1/2019 	271470	110.00	8.00	6.86	25.77	101911.38	3959	0	AnneMcLaren	
242	0:04:42	1/1/2019 	271731	829.00	48.00	22.35	25.77	101911.38	49830	0	AnneMcLaren	
243	0:04:42	1/1/2019 	271801	521.00	8.00	13.00	25.78	101911.94	1854	1	AnneMcLaren	
244	0:04:43	1/1/2019 	272339	86.00	8.00	6.26	25.78	101911.94	1847	0	AnneMcLaren	
245	0:04:43	1/1/2019 	272916	611.00	9.00	14.16	25.78	101912.12	49825	0	AnneMcLaren	
246	0:04:44	1/1/2019 	273421	963.00	267.00	52.26	25.78	101912.29	1849	0	AnneMcLaren	
247	0:04:45	1/1/2019 	274681	631.00	9.00	14.38	25.78	101912.81	99766	0	AnneMcLaren	
248	0:04:46	1/1/2019 	275224	932.00	138.00	37.28	25.78	101913.16	1849	0	AnneMcLaren	
249	0:04:46	1/1/2019 	275375	354.00	8.00	11.70	25.78	101913.16	1850	0	AnneMcLaren	
250	0:04:47	1/1/2019 	276319	163.00	8.00	8.38	25.78	101913.89	49824	0	AnneMcLaren	
251	0:04:47	1/1/2019 	276881	646.00	10.00	14.77	25.78	101913.89	49823	0	AnneMcLaren	
252	0:04:50	1/1/2019 	279945	117.00	8.00	7.06	25.78	101913.55	145780	0	AnneMcLaren	
253	0:04:51	1/1/2019 	280125	85.00	8.00	6.24	25.78	101913.55	4884	0	AnneMcLaren	
254	0:04:53	1/1/2019 	282882	631.00	9.00	14.38	25.78	101912.70	145776	0	AnneMcLaren	
255	0:04:55	1/1/2019 	284360	121.00	8.00	7.18	25.78	101912.35	49825	0	AnneMcLaren	
256	0:04:57	1/1/2019 	286713	962.00	217.00	47.01	25.78	101912.05	145775	0	AnneMcLaren	
257	0:04:59	1/1/2019 	288005	80.00	8.00	6.14	25.78	101911.70	49827	0	AnneMcLaren	
258	0:04:59	1/1/2019 	288461	670.00	10.00	14.92	25.78	101911.70	1848	1	AnneMcLaren	
259	0:05:00	1/1/2019 	289611	604.00	8.00	13.88	25.78	101911.88	99767	0	AnneMcLaren	
260	0:05:00	1/1/2019 	289681	976.00	450.00	80.96	25.78	101911.88	2794	0	AnneMcLaren	
261	0:05:01	1/1/2019 	290931	779.00	27.00	19.70	25.78	101912.05	49832	0	AnneMcLaren	
262	0:05:04	1/1/2019 	293690	87.00	8.00	6.28	25.79	101913.48	145777	0	AnneMcLaren	
263	0:05:04	1/1/2019 	293795	90.00	8.00	6.35	25.79	101913.48	1848	0	AnneMcLaren	
264	0:05:05	1/1/2019 	294756	541.00	8.00	13.18	25.79	101913.48	49821	0	AnneMcLaren	
265	0:05:05	1/1/2019 	294798	137.00	8.00	7.64	25.79	101913.48	4001	0	AnneMcLaren	
266	0:05:07	1/1/2019 	296075	100.00	8.00	6.59	25.79	101913.48	49823	0	AnneMcLaren	
267	0:05:07	1/1/2019 	296387	209.00	8.00	9.50	25.79	101914.05	1848	0	AnneMcLaren	
268	0:05:12	1/1/2019 	301015	733.00	17.00	17.30	25.79	101913.52	241725	0	AnneMcLaren	
269	0:05:12	1/1/2019 	301258	573.00	9.00	13.68	25.79	101913.33	2790	0	AnneMcLaren	
270	0:05:12	1/1/2019 	301867	806.00	41.00	21.61	25.79	101913.16	49823	0	AnneMcLaren	
271	0:05:13	1/1/2019 	302346	101.00	7.00	6.62	25.79	101913.16	3949	0	AnneMcLaren	
272	0:05:15	1/1/2019 	304247	98.00	8.00	6.54	25.79	101912.64	97798	0	AnneMcLaren	
273	0:05:15	1/1/2019 	304564	260.00	8.00	10.46	25.79	101912.47	49823	0	AnneMcLaren	
274	0:05:16	1/1/2019 	305729	133.00	8.00	7.53	25.79	101912.30	49823	0	AnneMcLaren	
275	0:05:17	1/1/2019 	306142	396.00	8.00	12.09	25.79	101912.12	1851	0	AnneMcLaren	
276	0:05:17	1/1/2019 	306841	612.00	9.00	14.17	25.79	101912.52	49830	0	AnneMcLaren	
277	0:05:18	1/1/2019 	307276	153.00	8.00	8.10	25.79	101912.34	3812	0	AnneMcLaren	
278	0:05:20	1/1/2019 	309285	148.00	8.00	7.96	25.79	101911.81	97799	0	AnneMcLaren	
279	0:05:22	1/1/2019 	311114	663.00	10.00	14.89	25.80	101912.03	97804	0	AnneMcLaren	
280	0:05:22	1/1/2019 	311145	967.00	269.00	52.52	25.80	101912.03	2790	1	AnneMcLaren	
281	0:05:23	1/1/2019 	312581	112.00	8.00	6.92	25.80	101911.69	97798	0	AnneMcLaren	
282	0:05:24	1/1/2019 	313038	93.00	8.00	6.42	25.80	101911.52	1848	0	AnneMcLaren	
283	0:05:24	1/1/2019 	313915	600.00	9.00	14.02	25.80	101911.56	51922	0	AnneMcLaren	
284	0:05:27	1/1/2019 	316324	667.00	10.00	14.91	25.80	101911.04	97800	0	AnneMcLaren	
285	0:05:34	1/1/2019 	323589	421.00	9.00	12.35	25.80	101909.31	385671	1	AnneMcLaren	
286	0:05:35	1/1/2019 	324660	192.00	8.00	9.11	25.80	101909.49	50764	0	AnneMcLaren	
287	0:05:37	1/1/2019 	326561	959.00	190.00	44.43	25.80	101909.71	97797	1	AnneMcLaren	
288	0:05:38	1/1/2019 	327498	146.00	8.00	7.90	25.80	101909.36	1851	0	AnneMcLaren	
289	0:05:39	1/1/2019 	328224	77.00	8.00	6.08	25.80	101909.36	51923	0	AnneMcLaren	
290	0:05:39	1/1/2019 	328566	846.00	51.00	22.68	25.80	101909.36	49824	1	AnneMcLaren	
291	0:05:40	1/1/2019 	329109	128.00	8.00	7.38	25.80	101909.36	1849	0	AnneMcLaren	
292	0:05:41	1/1/2019 	330228	967.00	291.00	55.64	25.80	101909.19	49824	0	AnneMcLaren	
293	0:05:43	1/1/2019 	332259	93.00	6.00	6.41	25.81	101909.41	98740	0	AnneMcLaren	
294	0:05:45	1/1/2019 	334402	206.00	8.00	9.43	25.81	101909.23	97801	0	AnneMcLaren	
295	0:05:47	1/1/2019 	336799	938.00	144.00	38.31	25.81	101909.23	147874	0	AnneMcLaren	
296	0:05:49	1/1/2019 	338380	785.00	32.00	20.49	25.81	101909.77	49826	0	AnneMcLaren	
297	0:05:49	1/1/2019 	338680	117.00	7.00	7.06	25.81	101909.77	49824	0	AnneMcLaren	
298	0:05:51	1/1/2019 	340580	729.00	15.00	16.69	25.81	101910.12	97802	0	AnneMcLaren	
299	0:05:51	1/1/2019 	340900	277.00	8.00	10.73	25.81	101910.12	2789	0	AnneMcLaren	
300	0:05:52	1/1/2019 	341792	765.00	22.00	18.66	25.81	101910.51	49822	0	AnneMcLaren	
301	0:05:52	1/1/2019 	341828	222.00	8.00	9.77	25.81	101910.51	3951	0	AnneMcLaren	
302	0:05:53	1/1/2019 	342452	270.00	8.00	10.62	25.81	101910.68	1848	0	AnneMcLaren	
303	0:05:54	1/1/2019 	343572	134.00	8.00	7.56	25.81	101910.51	97800	0	AnneMcLaren	
304	0:05:57	1/1/2019 	346074	446.00	9.00	12.53	25.81	101910.73	97798	0	AnneMcLaren	
305	0:05:57	1/1/2019 	346333	79.00	7.00	6.12	25.81	101910.73	1850	0	AnneMcLaren	
306	0:05:57	1/1/2019 	346396	934.00	140.00	37.63	25.81	101910.73	1850	1	AnneMcLaren	
307	0:05:57	1/1/2019 	346804	661.00	10.00	14.88	25.81	101910.90	51789	0	AnneMcLaren	
308	0:06:00	1/1/2019 	349159	82.00	8.00	6.17	25.82	101911.46	97799	0	AnneMcLaren	
309	0:06:00	1/1/2019 	349484	144.00	8.00	7.85	25.82	101911.46	1847	0	AnneMcLaren	
310	0:06:00	1/1/2019 	349849	310.00	8.00	11.19	25.82	101911.46	49822	0	AnneMcLaren	
311	0:06:01	1/1/2019 	350349	652.00	10.00	14.82	25.82	101911.64	2786	0	AnneMcLaren	
312	0:06:01	1/1/2019 	350806	790.00	34.00	20.77	25.82	101911.64	49826	0	AnneMcLaren	
313	0:06:02	1/1/2019 	351227	336.00	8.00	11.51	25.82	101911.46	3949	1	AnneMcLaren	
314	0:06:02	1/1/2019 	351454	266.00	8.00	10.56	25.82	101911.46	1848	0	AnneMcLaren	
315	0:06:03	1/1/2019 	352030	443.00	8.00	12.43	25.82	101911.66	49822	0	AnneMcLaren	
316	0:06:03	1/1/2019 	352707	705.00	13.00	16.00	25.82	101911.83	49823	1	AnneMcLaren	
317	0:06:04	1/1/2019 	353831	197.00	8.00	9.23	25.82	101911.66	49825	0	AnneMcLaren	
318	0:06:06	1/1/2019 	355404	77.00	8.00	6.08	25.82	101911.48	49823	0	AnneMcLaren	
319	0:06:06	1/1/2019 	355432	190.00	8.00	9.07	25.82	101911.48	3810	0	AnneMcLaren	
320	0:06:07	1/1/2019 	356633	428.00	8.00	12.33	25.82	101911.30	97798	0	AnneMcLaren	
321	0:06:08	1/1/2019 	357623	109.00	4.00	6.83	25.82	101911.70	49824	0	AnneMcLaren	
322	0:06:10	1/1/2019 	359627	141.00	3.00	7.74	25.82	101911.70	97801	0	AnneMcLaren	
323	0:06:11	1/1/2019 	360490	85.00	11.00	6.24	25.82	101911.52	2787	0	AnneMcLaren	
324	0:06:11	1/1/2019 	360652	333.00	8.00	11.47	25.82	101911.52	49826	0	AnneMcLaren	
325	0:06:14	1/1/2019 	363830	625.00	9.00	14.32	25.82	101911.74	147873	0	AnneMcLaren	
326	0:06:14	1/1/2019 	363910	771.00	24.00	19.11	25.82	101911.74	1851	1	AnneMcLaren	
327	0:06:15	1/1/2019 	364556	152.00	8.00	8.07	25.82	101911.74	49825	1	AnneMcLaren	
328	0:06:16	1/1/2019 	365676	650.00	9.00	14.52	25.82	101911.22	49824	1	AnneMcLaren	
329	0:06:17	1/1/2019 	366664	928.00	133.00	36.38	25.82	101911.39	49825	0	AnneMcLaren	
330	0:06:18	1/1/2019 	367902	676.00	10.00	14.93	25.83	101911.58	49825	0	AnneMcLaren	
331	0:06:19	1/1/2019 	368625	123.00	8.00	7.24	25.83	101911.58	51786	0	AnneMcLaren	
332	0:06:20	1/1/2019 	369452	434.00	8.00	12.37	25.83	101911.41	1847	1	AnneMcLaren	
333	0:06:21	1/1/2019 	370584	172.00	8.00	8.62	25.83	101911.41	97795	0	AnneMcLaren	
334	0:06:22	1/1/2019 	371052	567.00	8.00	13.46	25.83	101911.77	2786	0	AnneMcLaren	
335	0:06:22	1/1/2019 	371586	969.00	250.00	50.25	25.83	101911.77	49821	0	AnneMcLaren	
336	0:06:22	1/1/2019 	371981	310.00	8.00	11.19	25.83	101911.77	1851	0	AnneMcLaren	
337	0:06:23	1/1/2019 	372155	91.00	8.00	6.37	25.83	101911.77	1847	0	AnneMcLaren	
338	0:06:23	1/1/2019 	372161	374.00	8.00	11.90	25.83	101911.77	3948	0	AnneMcLaren	
339	0:06:23	1/1/2019 	372927	140.00	8.00	7.73	25.83	101911.94	49821	0	AnneMcLaren	
340	0:06:24	1/1/2019 	373395	418.00	8.00	12.26	25.83	101912.12	1846	0	AnneMcLaren	
341	0:06:26	1/1/2019 	375818	125.00	8.00	7.29	25.83	101912.33	145770	0	AnneMcLaren	
342	0:06:27	1/1/2019 	376088	450.00	8.00	12.48	25.83	101912.33	1848	0	AnneMcLaren	
343	0:06:27	1/1/2019 	376671	769.00	26.00	19.49	25.83	101912.16	49822	0	AnneMcLaren	
344	0:06:27	1/1/2019 	376815	103.00	8.00	6.67	25.83	101912.16	3812	0	AnneMcLaren	
345	0:06:28	1/1/2019 	377868	182.00	8.00	8.87	25.83	101912.16	49821	0	AnneMcLaren	
346	0:06:33	1/1/2019 	382244	684.00	11.00	15.29	25.83	101912.38	193750	1	AnneMcLaren	
347	0:06:33	1/1/2019 	382552	728.00	15.00	16.69	25.83	101912.38	50771	0	AnneMcLaren	
348	0:06:34	1/1/2019 	383768	111.00	8.00	6.89	25.83	101912.20	49828	0	AnneMcLaren	
349	0:06:35	1/1/2019 	384291	404.00	8.00	12.15	25.83	101912.03	1848	0	AnneMcLaren	
350	0:06:35	1/1/2019 	384617	909.00	109.00	31.75	25.83	101912.03	51923	0	AnneMcLaren	
351	0:06:37	1/1/2019 	386771	667.00	10.00	14.91	25.84	101912.25	97795	0	AnneMcLaren	
352	0:06:38	1/1/2019 	387468	816.00	42.00	21.73	25.84	101912.08	1850	0	AnneMcLaren	
353	0:06:40	1/1/2019 	389774	77.00	8.00	6.08	25.84	101911.38	145768	0	AnneMcLaren	
354	0:06:43	1/1/2019 	392747	432.00	8.00	12.36	25.84	101911.57	146705	1	AnneMcLaren	
355	0:06:44	1/1/2019 	393238	78.00	8.00	6.10	25.84	101911.57	1849	0	AnneMcLaren	
356	0:06:44	1/1/2019 	393806	694.00	12.00	15.64	25.84	101911.57	51922	0	AnneMcLaren	
357	0:06:44	1/1/2019 	393989	633.00	9.00	14.40	25.84	101911.40	1849	0	AnneMcLaren	
358	0:06:45	1/1/2019 	394171	682.00	10.00	14.94	25.84	101911.40	1848	1	AnneMcLaren	
359	0:06:45	1/1/2019 	394760	163.00	8.00	8.38	25.84	101911.40	49827	0	AnneMcLaren	
360	0:06:47	1/1/2019 	396123	90.00	7.00	6.34	25.84	101911.23	49823	0	AnneMcLaren	
361	0:06:48	1/1/2019 	397377	93.00	8.00	6.42	25.84	101910.88	49827	0	AnneMcLaren	
362	0:06:49	1/1/2019 	398224	108.00	8.00	6.81	25.84	101910.70	51843	0	AnneMcLaren	
363	0:06:55	1/1/2019 	404042	966.00	329.00	62.07	25.84	101910.23	289695	0	AnneMcLaren	
364	0:06:58	1/1/2019 	407268	831.00	61.00	23.71	25.84	101909.75	146710	0	AnneMcLaren	
365	0:06:58	1/1/2019 	407447	539.00	8.00	13.16	25.84	101909.75	1851	0	AnneMcLaren	
366	0:06:59	1/1/2019 	408383	375.00	9.00	11.96	25.84	101909.75	49818	0	AnneMcLaren	
367	0:06:59	1/1/2019 	408633	238.00	8.00	10.08	25.84	101909.75	49823	0	AnneMcLaren	
368	0:07:00	1/1/2019 	409975	204.00	8.00	9.39	25.84	101909.75	51921	0	AnneMcLaren	
369	0:07:01	1/1/2019 	410167	177.00	8.00	8.75	25.84	101909.75	2786	0	AnneMcLaren	
370	0:07:01	1/1/2019 	410866	689.00	11.00	15.30	25.84	101909.75	49822	0	AnneMcLaren	
371	0:07:03	1/1/2019 	412587	76.00	10.00	6.07	25.85	101909.77	97797	0	AnneMcLaren	
372	0:07:03	1/1/2019 	412959	973.00	386.00	72.13	25.85	101909.77	1850	0	AnneMcLaren	
373	0:07:04	1/1/2019 	413047	117.00	8.00	7.06	25.85	101909.77	1849	0	AnneMcLaren	
374	0:07:04	1/1/2019 	413093	84.00	8.00	6.21	25.85	101909.77	3947	0	AnneMcLaren	
375	0:07:05	1/1/2019 	414994	250.00	8.00	10.29	25.85	101909.59	97797	0	AnneMcLaren	
376	0:07:08	1/1/2019 	417290	513.00	8.00	12.93	25.85	101909.98	97798	0	AnneMcLaren	
377	0:07:09	1/1/2019 	418619	919.00	132.00	36.19	25.85	101909.81	97799	0	AnneMcLaren	
378	0:07:10	1/1/2019 	419069	185.00	8.00	8.95	25.85	101909.98	1851	0	AnneMcLaren	
379	0:07:11	1/1/2019 	420246	137.00	7.00	7.64	25.85	101909.98	49824	0	AnneMcLaren	
380	0:07:12	1/1/2019 	421305	129.00	8.00	7.41	25.85	101909.98	52914	0	AnneMcLaren	
381	0:07:15	1/1/2019 	424298	256.00	8.00	10.39	25.85	101910.20	145770	0	AnneMcLaren	
382	0:07:15	1/1/2019 	424723	81.00	8.00	6.15	25.85	101910.38	49825	0	AnneMcLaren	
383	0:07:16	1/1/2019 	425129	686.00	11.00	15.29	25.85	101910.55	1852	0	AnneMcLaren	
384	0:07:18	1/1/2019 	427204	437.00	8.00	12.39	25.85	101910.59	97799	0	AnneMcLaren	
385	0:07:18	1/1/2019 	427552	104.00	8.00	6.70	25.85	101910.59	49822	0	AnneMcLaren	
386	0:07:21	1/1/2019 	430366	170.00	8.00	8.56	25.85	101910.42	99708	0	AnneMcLaren	
387	0:07:23	1/1/2019 	432563	740.00	18.00	17.60	25.85	101909.90	146513	1	AnneMcLaren	
388	0:07:26	1/1/2019 	435457	158.00	8.00	8.24	25.85	101909.88	97799	0	AnneMcLaren	
389	0:07:26	1/1/2019 	435859	882.00	89.00	27.91	25.85	101909.88	49821	0	AnneMcLaren	
390	0:07:28	1/1/2019 	437333	87.00	8.00	6.28	25.86	101910.27	49822	0	AnneMcLaren	
391	0:07:28	1/1/2019 	437889	81.00	8.00	6.15	25.86	101910.27	49821	0	AnneMcLaren	
392	0:07:29	1/1/2019 	438040	358.00	12.00	11.93	25.86	101910.27	5129	0	AnneMcLaren	
393	0:07:29	1/1/2019 	438408	928.00	122.00	34.31	25.86	101910.27	1850	0	AnneMcLaren	
394	0:07:29	1/1/2019 	438894	542.00	9.00	13.32	25.86	101910.27	49824	0	AnneMcLaren	
395	0:07:30	1/1/2019 	439122	81.00	7.00	6.15	25.86	101910.27	1849	0	AnneMcLaren	
396	0:07:31	1/1/2019 	440480	84.00	7.00	6.21	25.86	101910.10	49825	0	AnneMcLaren	
397	0:07:31	1/1/2019 	440699	160.00	8.00	8.30	25.86	101910.10	50570	0	AnneMcLaren	
398	0:07:32	1/1/2019 	441883	86.00	8.00	6.26	25.86	101910.10	51974	0	AnneMcLaren	
399	0:07:33	1/1/2019 	442559	550.00	8.00	13.28	25.86	101909.75	49822	0	AnneMcLaren	
400	0:07:33	1/1/2019 	442757	790.00	30.00	20.21	25.86	101909.75	1848	0	AnneMcLaren	
401	0:07:34	1/1/2019 	443212	88.00	8.00	6.30	25.86	101909.97	1849	0	AnneMcLaren	
402	0:07:36	1/1/2019 	445958	122.00	8.00	7.21	25.86	101909.28	145772	0	AnneMcLaren	
403	0:07:37	1/1/2019 	446775	123.00	8.00	7.24	25.86	101909.28	49822	0	AnneMcLaren	
404	0:07:39	1/1/2019 	448071	756.00	20.00	18.16	25.86	101909.45	51785	0	AnneMcLaren	
405	0:07:39	1/1/2019 	448663	75.00	8.00	6.05	25.86	101909.84	49824	0	AnneMcLaren	
406	0:07:40	1/1/2019 	449991	597.00	9.00	13.99	25.86	101909.84	49822	0	AnneMcLaren	
407	0:07:41	1/1/2019 	450697	96.00	8.00	6.49	25.86	101909.67	50568	0	AnneMcLaren	
408	0:07:42	1/1/2019 	451269	76.00	8.00	6.07	25.86	101909.50	1847	0	AnneMcLaren	
409	0:07:42	1/1/2019 	451557	609.00	7.00	13.71	25.86	101910.03	49822	0	AnneMcLaren	
410	0:07:43	1/1/2019 	452363	120.00	7.00	7.15	25.86	101910.03	3949	0	AnneMcLaren	
411	0:07:45	1/1/2019 	454397	833.00	56.00	23.17	25.86	101910.20	97797	0	AnneMcLaren	
412	0:07:46	1/1/2019 	455641	141.00	7.00	7.76	25.86	101910.20	97799	0	AnneMcLaren	
413	0:07:49	1/1/2019 	458898	294.00	8.00	10.98	25.87	101910.59	145771	0	AnneMcLaren	
414	0:07:50	1/1/2019 	459074	404.00	8.00	12.15	25.87	101910.42	1849	1	AnneMcLaren	
415	0:07:50	1/1/2019 	460004	849.00	65.00	24.22	25.87	101910.25	49825	0	AnneMcLaren	
416	0:07:51	1/1/2019 	460479	698.00	12.00	15.65	25.87	101910.25	4698	0	AnneMcLaren	
417	0:07:51	1/1/2019 	460809	853.00	57.00	23.31	25.87	101910.08	49826	0	AnneMcLaren	
418	0:07:52	1/1/2019 	461042	410.00	8.00	12.20	25.87	101910.08	1850	0	AnneMcLaren	
419	0:07:52	1/1/2019 	461065	160.00	8.00	8.30	25.87	101910.08	1849	0	AnneMcLaren	
420	0:07:52	1/1/2019 	461730	385.00	8.00	12.00	25.87	101909.91	49820	0	AnneMcLaren	
421	0:07:55	1/1/2019 	464058	111.00	8.00	6.89	25.87	101909.95	97797	0	AnneMcLaren	
422	0:07:55	1/1/2019 	464378	516.00	9.00	13.06	25.87	101909.77	3810	0	AnneMcLaren	
423	0:07:56	1/1/2019 	465872	175.00	8.00	8.69	25.87	101909.42	97799	0	AnneMcLaren	
424	0:07:58	1/1/2019 	467614	105.00	8.00	6.73	25.87	101909.60	97797	0	AnneMcLaren	
425	0:07:59	1/1/2019 	468747	731.00	15.00	16.69	25.87	101909.25	49822	0	AnneMcLaren	
426	0:08:01	1/1/2019 	470406	85.00	8.00	6.24	25.87	101909.47	49826	0	AnneMcLaren	
427	0:08:02	1/1/2019 	471647	589.00	8.00	13.71	25.87	101909.12	98542	0	AnneMcLaren	
428	0:08:03	1/1/2019 	472294	90.00	8.00	6.35	25.87	101908.95	3953	0	AnneMcLaren	
429	0:08:04	1/1/2019 	473581	178.00	8.00	8.77	25.87	101908.42	97797	0	AnneMcLaren	
430	0:08:05	1/1/2019 	474060	168.00	8.00	8.51	25.87	101908.25	1849	1	AnneMcLaren	
431	0:08:05	1/1/2019 	474378	216.00	8.00	9.65	25.87	101908.25	1847	0	AnneMcLaren	
432	0:08:06	1/1/2019 	475193	872.00	74.00	25.47	25.87	101907.91	49821	0	AnneMcLaren	
433	0:08:07	1/1/2019 	476648	673.00	11.00	15.25	25.87	101908.27	97798	0	AnneMcLaren	
434	0:08:08	1/1/2019 	477429	125.00	8.00	7.29	25.87	101908.45	1851	0	AnneMcLaren	
435	0:08:11	1/1/2019 	480089	597.00	9.00	13.99	25.87	101907.92	147733	0	AnneMcLaren	
436	0:08:12	1/1/2019 	481212	246.00	8.00	10.22	25.87	101907.75	50570	0	AnneMcLaren	
437	0:08:13	1/1/2019 	482919	87.00	8.00	6.28	25.87	101907.23	97798	0	AnneMcLaren	
438	0:08:14	1/1/2019 	483035	909.00	102.00	30.39	25.87	101907.23	1847	0	AnneMcLaren	
439	0:08:14	1/1/2019 	483752	93.00	7.00	6.42	25.87	101907.41	49827	0	AnneMcLaren	
440	0:08:15	1/1/2019 	484470	975.00	450.00	80.96	25.87	101907.58	1849	0	AnneMcLaren	
441	0:08:16	1/1/2019 	485496	452.00	8.00	12.50	25.88	101907.97	51926	0	AnneMcLaren	
442	0:08:16	1/1/2019 	485673	791.00	34.00	20.77	25.88	101907.97	49824	0	AnneMcLaren	
443	0:08:16	1/1/2019 	485904	239.00	8.00	10.10	25.88	101907.97	1850	0	AnneMcLaren	
444	0:08:16	1/1/2019 	485936	96.00	8.00	6.49	25.88	101907.97	1847	0	AnneMcLaren	
445	0:08:18	1/1/2019 	487158	203.00	8.00	9.37	25.88	101907.97	49823	0	AnneMcLaren	
446	0:08:19	1/1/2019 	488553	942.00	147.00	38.81	25.88	101908.14	97803	0	AnneMcLaren	
447	0:08:20	1/1/2019 	489477	243.00	8.00	10.17	25.88	101908.14	3814	0	AnneMcLaren	
448	0:08:20	1/1/2019 	489760	130.00	8.00	7.44	25.88	101908.14	49826	0	AnneMcLaren	
449	0:08:20	1/1/2019 	489910	940.00	144.00	38.31	25.88	101908.14	2591	0	AnneMcLaren	
450	0:08:22	1/1/2019 	491715	965.00	231.00	48.31	25.88	101907.80	97802	0	AnneMcLaren	
451	0:08:24	1/1/2019 	493200	490.00	9.00	12.85	25.88	101907.45	49828	1	AnneMcLaren	
452	0:08:24	1/1/2019 	493873	92.00	7.00	6.39	25.88	101907.45	49825	0	AnneMcLaren	
453	0:08:25	1/1/2019 	494342	95.00	8.00	6.47	25.88	101907.49	3948	0	AnneMcLaren	
454	0:08:25	1/1/2019 	494464	94.00	8.00	6.44	25.88	101907.49	1847	0	AnneMcLaren	
455	0:08:26	1/1/2019 	495329	202.00	8.00	9.34	25.88	101907.32	49822	0	AnneMcLaren	
456	0:08:26	1/1/2019 	495841	656.00	9.00	14.55	25.88	101907.14	49824	0	AnneMcLaren	
457	0:08:28	1/1/2019 	497953	166.00	8.00	8.46	25.88	101906.80	97801	0	AnneMcLaren	
458	0:08:29	1/1/2019 	498919	122.00	8.00	7.21	25.88	101906.62	49827	0	AnneMcLaren	
459	0:08:32	1/1/2019 	501485	83.00	8.00	6.19	25.88	101906.47	99768	0	AnneMcLaren	
460	0:08:33	1/1/2019 	502136	444.00	8.00	12.44	25.88	101906.29	50567	1	AnneMcLaren	
461	0:08:35	1/1/2019 	504297	590.00	11.00	14.22	25.88	101906.12	97799	0	AnneMcLaren	
462	0:08:35	1/1/2019 	504408	333.00	8.00	11.47	25.88	101905.95	1851	0	AnneMcLaren	
463	0:08:36	1/1/2019 	505712	138.00	8.00	7.67	25.88	101905.95	97799	0	AnneMcLaren	
464	0:08:37	1/1/2019 	506377	565.00	9.00	13.58	25.88	101905.95	1847	0	AnneMcLaren	
465	0:08:37	1/1/2019 	506742	803.00	40.00	21.50	25.88	101905.77	51927	0	AnneMcLaren	
466	0:08:39	1/1/2019 	508885	442.00	8.00	12.43	25.88	101906.31	97803	0	AnneMcLaren	
467	0:08:41	1/1/2019 	510088	619.00	9.00	14.25	25.88	101906.31	49826	0	AnneMcLaren	
468	0:08:41	1/1/2019 	510645	974.00	442.00	79.99	25.88	101906.31	50569	1	AnneMcLaren	
469	0:08:41	1/1/2019 	510718	189.00	7.00	9.03	25.88	101906.31	1850	0	AnneMcLaren	
470	0:08:42	1/1/2019 	511339	770.00	26.00	19.50	25.88	101906.13	1849	0	AnneMcLaren	
471	0:08:48	1/1/2019 	517837	424.00	8.00	12.30	25.89	101905.31	370286	1	AnneMcLaren	
472	0:08:48	1/1/2019 	517986	556.00	9.00	13.47	25.89	101905.31	1849	0	AnneMcLaren	
473	0:08:50	1/1/2019 	520002	166.00	8.00	8.46	25.89	101905.36	97800	0	AnneMcLaren	
474	0:08:51	1/1/2019 	520145	104.00	8.00	6.70	25.89	101905.36	2592	0	AnneMcLaren	
475	0:08:52	1/1/2019 	521294	74.00	8.00	6.03	25.89	101905.00	49822	0	AnneMcLaren	
476	0:08:53	1/1/2019 	522372	100.00	8.00	6.59	25.89	101904.66	49823	0	AnneMcLaren	
477	0:08:54	1/1/2019 	523249	196.00	8.00	9.21	25.89	101904.48	82433	0	AnneMcLaren	
478	0:08:55	1/1/2019 	524697	152.00	7.00	8.07	25.89	101904.84	97799	0	AnneMcLaren	
479	0:08:56	1/1/2019 	525834	136.00	8.00	7.62	25.89	101904.67	49826	0	AnneMcLaren	
480	0:08:57	1/1/2019 	526401	952.00	155.00	40.06	25.89	101904.67	1848	0	AnneMcLaren	
481	0:08:57	1/1/2019 	526853	183.00	8.00	8.90	25.89	101904.84	49826	0	AnneMcLaren	
482	0:08:59	1/1/2019 	528654	185.00	8.00	8.95	25.89	101905.02	97799	0	AnneMcLaren	
483	0:09:00	1/1/2019 	529305	700.00	12.00	15.65	25.89	101905.02	34294	0	AnneMcLaren	
484	0:09:01	1/1/2019 	530072	321.00	8.00	11.33	25.89	101905.59	49828	0	AnneMcLaren	
485	0:09:01	1/1/2019 	530688	90.00	11.00	6.35	25.89	101905.41	50570	0	AnneMcLaren	
486	0:09:01	1/1/2019 	530723	897.00	88.00	27.78	25.89	101905.41	1849	0	AnneMcLaren	
487	0:09:02	1/1/2019 	531112	124.00	8.00	7.27	25.89	101905.59	1850	0	AnneMcLaren	
488	0:09:07	1/1/2019 	536939	844.00	67.00	24.46	25.90	101905.98	289710	1	AnneMcLaren	
489	0:09:08	1/1/2019 	537050	167.00	8.00	8.48	25.90	101905.98	34451	0	AnneMcLaren	
490	0:09:09	1/1/2019 	538718	84.00	8.00	6.21	25.90	101905.80	97797	0	AnneMcLaren	
491	0:09:11	1/1/2019 	540323	158.00	8.00	8.24	25.90	101905.84	49825	0	AnneMcLaren	
492	0:09:11	1/1/2019 	540561	142.00	8.00	7.79	25.90	101905.84	50568	0	AnneMcLaren	
493	0:09:11	1/1/2019 	540938	461.00	8.00	12.56	25.90	101905.84	1847	1	AnneMcLaren	
494	0:09:16	1/1/2019 	545610	957.00	160.00	40.80	25.90	101904.83	241719	0	AnneMcLaren	
495	0:09:17	1/1/2019 	546929	782.00	30.00	20.19	25.90	101904.83	82548	0	AnneMcLaren	
496	0:09:18	1/1/2019 	547198	925.00	131.00	36.01	25.90	101904.83	1851	0	AnneMcLaren	
497	0:09:18	1/1/2019 	547917	158.00	8.00	8.24	25.90	101904.65	49826	0	AnneMcLaren	
498	0:09:20	1/1/2019 	549487	681.00	11.00	15.28	25.90	101904.48	49824	0	AnneMcLaren	
499	0:09:20	1/1/2019 	549898	98.00	8.00	6.54	25.90	101904.30	49828	0	AnneMcLaren	
500	0:09:21	1/1/2019 	550092	132.00	8.00	7.50	25.90	101904.30	2592	0	AnneMcLaren	
501	0:09:21	1/1/2019 	550157	115.00	8.00	7.01	25.90	101904.30	3947	0	AnneMcLaren	
502	0:09:21	1/1/2019 	550358	100.00	8.00	6.59	25.90	101904.70	1847	0	AnneMcLaren	
503	0:09:22	1/1/2019 	551073	585.00	9.00	13.83	25.90	101904.52	49823	1	AnneMcLaren	
504	0:09:22	1/1/2019 	551187	512.00	8.00	12.92	25.90	101904.52	1851	0	AnneMcLaren	
505	0:09:22	1/1/2019 	551577	592.00	9.00	13.92	25.90	101904.52	49820	1	AnneMcLaren	
506	0:09:23	1/1/2019 	552292	192.00	8.00	9.11	25.90	101904.34	1849	0	AnneMcLaren	
507	0:09:24	1/1/2019 	553044	358.00	8.00	11.74	25.90	101904.17	51783	0	AnneMcLaren	
508	0:09:24	1/1/2019 	553109	176.00	8.00	8.72	25.90	101904.17	1848	0	AnneMcLaren	
509	0:09:25	1/1/2019 	554057	804.00	37.00	21.16	25.90	101904.00	49821	0	AnneMcLaren	
510	0:09:25	1/1/2019 	554825	810.00	41.00	21.62	25.90	101904.00	49823	0	AnneMcLaren	
511	0:09:28	1/1/2019 	557051	888.00	89.00	27.93	25.90	101904.00	97800	0	AnneMcLaren	
512	0:09:28	1/1/2019 	557902	870.00	73.00	25.33	25.91	101904.56	49825	0	AnneMcLaren	
513	0:09:30	1/1/2019 	559839	481.00	8.00	12.69	25.91	101904.39	99763	0	AnneMcLaren	
514	0:09:31	1/1/2019 	560085	74.00	7.00	6.03	25.91	101904.22	2592	0	AnneMcLaren	
515	0:09:31	1/1/2019 	560772	144.00	8.00	7.85	25.91	101904.05	49826	0	AnneMcLaren	
516	0:09:32	1/1/2019 	561875	123.00	8.00	7.24	25.91	101904.22	49821	0	AnneMcLaren	
517	0:09:33	1/1/2019 	562024	77.00	8.00	6.08	25.91	101904.05	1848	0	AnneMcLaren	
518	0:09:33	1/1/2019 	562309	450.00	8.00	12.48	25.91	101904.05	1848	0	AnneMcLaren	
519	0:09:34	1/1/2019 	563853	759.00	22.00	18.65	25.91	101904.22	99896	0	AnneMcLaren	
520	0:09:35	1/1/2019 	564562	92.00	8.00	6.39	25.91	101904.78	49824	0	AnneMcLaren	
521	0:09:35	1/1/2019 	564637	119.00	8.00	7.12	25.91	101904.78	1847	0	AnneMcLaren	
522	0:09:36	1/1/2019 	565604	190.00	8.00	9.07	25.91	101904.95	49821	0	AnneMcLaren	
523	0:09:37	1/1/2019 	566390	89.00	10.00	6.33	25.91	101904.95	1847	0	AnneMcLaren	
524	0:09:38	1/1/2019 	567881	161.00	8.00	8.32	25.91	101904.78	97799	0	AnneMcLaren	
525	0:09:38	1/1/2019 	567987	83.00	8.00	6.19	25.91	101904.78	1848	0	AnneMcLaren	
526	0:09:40	1/1/2019 	569352	258.00	8.00	10.43	25.91	101904.97	51839	0	AnneMcLaren	
527	0:09:40	1/1/2019 	569984	88.00	8.00	6.30	25.91	101904.97	49824	0	AnneMcLaren	
528	0:09:40	1/1/2019 	570007	77.00	8.00	6.08	25.91	101904.97	2591	0	AnneMcLaren	
529	0:09:41	1/1/2019 	570577	88.00	7.00	6.30	25.91	101905.14	49824	0	AnneMcLaren	
530	0:09:42	1/1/2019 	571122	949.00	152.00	39.60	25.91	101905.31	1850	0	AnneMcLaren	
531	0:09:42	1/1/2019 	571668	574.00	9.00	13.69	25.91	101905.31	49826	0	AnneMcLaren	
532	0:09:43	1/1/2019 	572186	137.00	8.00	7.64	25.91	101905.66	3949	0	AnneMcLaren	
533	0:09:43	1/1/2019 	572305	92.00	7.00	6.39	25.91	101905.66	1848	0	AnneMcLaren	
534	0:09:44	1/1/2019 	573842	689.00	11.00	15.30	25.91	101905.48	97802	0	AnneMcLaren	
535	0:09:45	1/1/2019 	574159	84.00	8.00	6.21	25.91	101905.48	1850	0	AnneMcLaren	
536	0:09:45	1/1/2019 	574485	292.00	8.00	10.95	25.91	101905.48	1847	0	AnneMcLaren	
537	0:09:45	1/1/2019 	574979	801.00	35.00	20.92	25.91	101905.48	49823	0	AnneMcLaren	
538	0:09:47	1/1/2019 	576855	961.00	201.00	45.52	25.91	101905.48	99765	0	AnneMcLaren	
539	0:09:48	1/1/2019 	577747	162.00	8.00	8.35	25.91	101905.70	49828	0	AnneMcLaren	
540	0:09:49	1/1/2019 	578977	551.00	8.00	13.29	25.91	101905.70	49827	0	AnneMcLaren	
541	0:09:50	1/1/2019 	579894	74.00	8.00	6.03	25.91	101905.88	49829	0	AnneMcLaren	
542	0:09:51	1/1/2019 	580146	257.00	8.00	10.41	25.91	101905.88	2599	0	AnneMcLaren	
543	0:09:53	1/1/2019 	582214	346.00	8.00	11.62	25.91	101905.88	97809	0	AnneMcLaren	
544	0:09:53	1/1/2019 	582610	88.00	7.00	6.30	25.91	101905.88	51934	0	AnneMcLaren	
545	0:09:54	1/1/2019 	583789	961.00	239.00	49.10	25.91	101905.88	49833	0	AnneMcLaren	
546	0:09:56	1/1/2019 	585778	125.00	8.00	7.29	25.92	101906.27	97808	0	AnneMcLaren	
547	0:09:58	1/1/2019 	587281	866.00	75.00	25.60	25.92	101906.09	49822	0	AnneMcLaren	
548	0:09:59	1/1/2019 	588144	97.00	8.00	6.52	25.92	101906.09	49827	0	AnneMcLaren	
549	0:10:00	1/1/2019 	589286	140.00	8.00	7.73	25.92	101906.09	49824	0	AnneMcLaren	
550	0:10:01	1/1/2019 	590219	320.00	8.00	11.32	25.92	101906.44	51788	0	AnneMcLaren	
551	0:10:02	1/1/2019 	591554	175.00	8.00	8.69	25.92	101906.25	98547	0	AnneMcLaren	
552	0:10:04	1/1/2019 	593411	199.00	9.00	9.29	25.92	101905.91	49825	0	AnneMcLaren	
553	0:10:04	1/1/2019 	593875	416.00	8.00	12.24	25.92	101905.91	49826	0	AnneMcLaren	
554	0:10:05	1/1/2019 	594239	105.00	8.00	6.73	25.92	101905.91	1847	0	AnneMcLaren	
555	0:10:07	1/1/2019 	596319	341.00	8.00	11.56	25.92	101905.78	97800	0	AnneMcLaren	
556	0:10:08	1/1/2019 	597014	107.00	7.00	6.78	25.92	101905.95	51925	0	AnneMcLaren	
557	0:10:08	1/1/2019 	597394	423.00	8.00	12.30	25.92	101905.78	1850	0	AnneMcLaren	
558	0:10:10	1/1/2019 	599125	976.00	652.00	116.92	25.92	101905.44	97801	0	AnneMcLaren	
559	0:10:11	1/1/2019 	600725	562.00	9.00	13.54	25.92	101905.65	97806	0	AnneMcLaren	
560	0:10:12	1/1/2019 	601067	575.00	8.00	13.55	25.92	101905.48	2595	0	AnneMcLaren	
561	0:10:15	1/1/2019 	604860	547.00	9.00	13.37	25.93	101905.00	193750	0	AnneMcLaren	
562	0:10:15	1/1/2019 	604886	660.00	10.00	14.87	25.93	101905.00	3951	0	AnneMcLaren	
563	0:10:17	1/1/2019 	606908	165.00	8.00	8.43	25.93	101904.48	97800	1	AnneMcLaren	
564	0:10:18	1/1/2019 	607829	603.00	9.00	14.06	25.93	101904.48	49824	1	AnneMcLaren	
565	0:10:18	1/1/2019 	607843	870.00	74.00	25.47	25.93	101904.48	1851	0	AnneMcLaren	
566	0:10:18	1/1/2019 	607925	130.00	8.00	7.44	25.93	101904.13	1848	0	AnneMcLaren	
567	0:10:19	1/1/2019 	608449	419.00	8.00	12.27	25.93	101903.79	1846	0	AnneMcLaren	
568	0:10:19	1/1/2019 	608882	697.00	11.00	15.30	25.93	101903.79	51784	0	AnneMcLaren	
569	0:10:22	1/1/2019 	611560	630.00	9.00	14.37	25.93	101902.92	145778	0	AnneMcLaren	
570	0:10:22	1/1/2019 	611618	173.00	8.00	8.64	25.93	101902.75	2595	0	AnneMcLaren	
571	0:10:24	1/1/2019 	613566	199.00	8.00	9.28	25.93	101902.76	97798	1	AnneMcLaren	
572	0:10:25	1/1/2019 	614872	82.00	8.00	6.17	25.93	101902.76	49822	0	AnneMcLaren	
573	0:10:26	1/1/2019 	615647	662.00	10.00	14.88	25.93	101902.59	49823	0	AnneMcLaren	
574	0:10:28	1/1/2019 	617669	549.00	8.00	13.26	25.93	101902.41	99953	1	AnneMcLaren	
575	0:10:29	1/1/2019 	618796	624.00	10.00	14.53	25.93	101902.62	49826	0	AnneMcLaren	
576	0:10:30	1/1/2019 	619721	341.00	8.00	11.56	25.93	101902.45	49832	0	AnneMcLaren	
577	0:10:30	1/1/2019 	620030	256.00	8.00	10.39	25.93	101902.45	2592	0	AnneMcLaren	
578	0:10:34	1/1/2019 	623426	560.00	8.00	13.38	25.93	101902.28	145776	0	AnneMcLaren	
579	0:10:37	1/1/2019 	627029	146.00	8.00	7.90	25.93	101902.84	193753	0	AnneMcLaren	
580	0:10:38	1/1/2019 	627356	90.00	8.00	6.35	25.93	101903.02	3948	0	AnneMcLaren	
581	0:10:38	1/1/2019 	627574	85.00	7.00	6.23	25.93	101903.02	49823	0	AnneMcLaren	
582	0:10:41	1/1/2019 	630396	115.00	8.00	7.01	25.93	101902.50	97804	0	AnneMcLaren	
583	0:10:45	1/1/2019 	634743	87.00	8.00	6.28	25.94	101903.06	242670	0	AnneMcLaren	
584	0:10:47	1/1/2019 	636196	183.00	8.00	8.90	25.94	101902.89	49826	1	AnneMcLaren	
585	0:10:47	1/1/2019 	636678	130.00	8.00	7.44	25.94	101902.72	49824	0	AnneMcLaren	
586	0:10:49	1/1/2019 	638211	725.00	15.00	16.68	25.94	101902.55	51922	0	AnneMcLaren	
587	0:10:52	1/1/2019 	641809	625.00	9.00	14.32	25.94	101903.60	193759	1	AnneMcLaren	
588	0:10:52	1/1/2019 	642038	304.00	8.00	11.11	25.94	101903.60	2790	0	AnneMcLaren	
589	0:10:53	1/1/2019 	642262	150.00	8.00	8.02	25.94	101903.60	1847	1	AnneMcLaren	
590	0:10:54	1/1/2019 	643080	77.00	8.00	6.08	25.94	101903.77	49823	0	AnneMcLaren	
591	0:10:54	1/1/2019 	643403	687.00	12.00	15.62	25.94	101903.77	1849	1	AnneMcLaren	
592	0:10:54	1/1/2019 	643752	931.00	142.00	37.97	25.94	101903.95	51978	0	AnneMcLaren	
593	0:10:54	1/1/2019 	643889	800.00	41.00	21.60	25.94	101903.95	1850	0	AnneMcLaren	
594	0:10:54	1/1/2019 	644048	86.00	8.00	6.26	25.94	101903.95	1849	0	AnneMcLaren	
595	0:10:55	1/1/2019 	644464	709.00	13.00	16.01	25.94	101903.77	1847	0	AnneMcLaren	
596	0:10:55	1/1/2019 	644679	132.00	8.00	7.50	25.94	101903.95	49824	0	AnneMcLaren	
597	0:10:55	1/1/2019 	644753	927.00	134.00	36.56	25.94	101903.95	1846	0	AnneMcLaren	
598	0:10:58	1/1/2019 	647072	144.00	8.00	7.85	25.94	101904.52	99762	0	AnneMcLaren	
599	0:10:58	1/1/2019 	647973	165.00	7.00	8.42	25.94	101904.69	49821	0	AnneMcLaren	
600	0:10:59	1/1/2019 	648346	561.00	8.00	13.39	25.94	101904.69	1848	0	AnneMcLaren	
601	0:11:02	1/1/2019 	651592	139.00	8.00	7.70	25.94	101904.52	193750	0	AnneMcLaren	
602	0:11:02	1/1/2019 	651967	784.00	30.00	20.20	25.94	101904.52	2786	0	AnneMcLaren	
603	0:11:02	1/1/2019 	651986	154.00	8.00	8.13	25.94	101904.52	1849	0	AnneMcLaren	
604	0:11:03	1/1/2019 	652939	446.00	9.00	12.53	25.94	101905.25	51922	0	AnneMcLaren	
605	0:11:04	1/1/2019 	653841	874.00	79.00	26.23	25.94	101905.08	49828	0	AnneMcLaren	
606	0:11:05	1/1/2019 	654345	131.00	8.00	7.47	25.94	101905.08	1850	0	AnneMcLaren	
607	0:11:06	1/1/2019 	655245	153.00	8.00	8.10	25.94	101905.08	49824	0	AnneMcLaren	
608	0:11:06	1/1/2019 	655824	107.00	8.00	6.78	25.94	101905.08	49824	0	AnneMcLaren	
609	0:11:08	1/1/2019 	657811	795.00	38.00	21.26	25.94	101904.91	97802	0	AnneMcLaren	
610	0:11:10	1/1/2019 	659593	148.00	8.00	7.96	25.95	101905.30	99768	0	AnneMcLaren	
611	0:11:10	1/1/2019 	659775	103.00	8.00	6.67	25.95	101905.12	2789	0	AnneMcLaren	
612	0:11:10	1/1/2019 	659912	116.00	4.00	7.02	25.95	101905.12	1855	0	AnneMcLaren	
613	0:11:11	1/1/2019 	660811	143.00	7.00	7.81	25.95	101904.95	49827	0	AnneMcLaren	
614	0:11:12	1/1/2019 	661083	220.00	8.00	9.73	25.95	101904.95	1850	1	AnneMcLaren	
615	0:11:12	1/1/2019 	661344	167.00	8.00	8.48	25.95	101904.95	1848	0	AnneMcLaren	
616	0:11:12	1/1/2019 	661449	860.00	65.00	24.24	25.95	101904.95	1847	0	AnneMcLaren	
617	0:11:12	1/1/2019 	661463	93.00	7.00	6.42	25.95	101904.95	3949	0	AnneMcLaren	
618	0:11:13	1/1/2019 	662242	80.00	8.00	6.14	25.95	101904.77	49822	0	AnneMcLaren	
619	0:11:16	1/1/2019 	665649	886.00	74.00	25.51	25.95	101904.60	193749	1	AnneMcLaren	
620	0:11:18	1/1/2019 	667643	100.00	8.00	6.59	25.95	101904.23	97797	0	AnneMcLaren	
621	0:11:18	1/1/2019 	668030	77.00	8.00	6.08	25.95	101904.23	1848	0	AnneMcLaren	
622	0:11:19	1/1/2019 	668222	216.00	8.00	9.65	25.95	101904.06	1846	1	AnneMcLaren	
623	0:11:19	1/1/2019 	668556	678.00	11.00	15.27	25.95	101904.06	51839	0	AnneMcLaren	
624	0:11:22	1/1/2019 	671654	152.00	8.00	8.07	25.95	101903.20	145773	0	AnneMcLaren	
625	0:11:26	1/1/2019 	675554	965.00	310.00	58.73	25.95	101903.07	194681	0	AnneMcLaren	
626	0:11:27	1/1/2019 	676418	118.00	8.00	7.09	25.95	101903.07	1851	0	AnneMcLaren	
627	0:11:27	1/1/2019 	676717	209.00	8.00	9.50	25.95	101903.07	49820	0	AnneMcLaren	
628	0:11:28	1/1/2019 	677134	114.00	9.00	6.98	25.95	101903.07	1847	0	AnneMcLaren	
629	0:11:28	1/1/2019 	677143	92.00	8.00	6.39	25.95	101903.07	3950	0	AnneMcLaren	
630	0:11:29	1/1/2019 	678972	95.00	8.00	6.47	25.95	101902.89	97791	0	AnneMcLaren	
631	0:11:30	1/1/2019 	679189	676.00	10.00	14.93	25.95	101902.89	1848	1	AnneMcLaren	
632	0:11:30	1/1/2019 	679995	963.00	177.00	43.00	25.95	101902.72	49826	0	AnneMcLaren	
633	0:11:33	1/1/2019 	682500	774.00	26.00	19.50	25.95	101902.20	98736	0	AnneMcLaren	
634	0:11:34	1/1/2019 	684059	142.00	8.00	7.79	25.95	101902.77	97815	0	AnneMcLaren	
635	0:11:36	1/1/2019 	685873	82.00	8.00	6.17	25.95	101902.77	99896	0	AnneMcLaren	
636	0:11:37	1/1/2019 	686080	138.00	7.00	7.67	25.95	101902.77	1848	0	AnneMcLaren	
637	0:11:39	1/1/2019 	688763	123.00	8.00	7.24	25.96	101903.30	145771	0	AnneMcLaren	
638	0:11:40	1/1/2019 	689368	201.00	8.00	9.32	25.96	101903.30	1848	0	AnneMcLaren	
639	0:11:42	1/1/2019 	691555	215.00	8.00	9.63	25.96	101903.48	145771	0	AnneMcLaren	
640	0:11:45	1/1/2019 	694740	832.00	59.00	23.49	25.96	101903.17	146710	0	AnneMcLaren	
641	0:11:46	1/1/2019 	695324	90.00	7.00	6.34	25.96	101902.83	4004	0	AnneMcLaren	
642	0:11:46	1/1/2019 	696065	772.00	27.00	19.68	25.96	101902.48	49823	0	AnneMcLaren	
643	0:11:48	1/1/2019 	697939	88.00	7.00	6.30	25.96	101901.78	97800	0	AnneMcLaren	
644	0:11:49	1/1/2019 	698209	129.00	7.00	7.41	25.96	101901.78	1849	0	AnneMcLaren	
645	0:11:49	1/1/2019 	698396	640.00	9.00	14.45	25.96	101901.78	1850	1	AnneMcLaren	
646	0:11:50	1/1/2019 	699136	937.00	145.00	38.48	25.96	101901.61	49823	0	AnneMcLaren	
647	0:11:53	1/1/2019 	702695	199.00	8.00	9.28	25.96	101901.44	195709	0	AnneMcLaren	
648	0:11:53	1/1/2019 	702943	138.00	7.00	7.67	25.96	101901.44	2786	0	AnneMcLaren	
649	0:11:55	1/1/2019 	704946	155.00	8.00	8.16	25.96	101902.00	97797	0	AnneMcLaren	
650	0:11:56	1/1/2019 	705622	113.00	8.00	6.95	25.96	101902.17	49822	0	AnneMcLaren	
651	0:11:57	1/1/2019 	706812	215.00	8.00	9.63	25.96	101902.17	49822	0	AnneMcLaren	
652	0:11:57	1/1/2019 	706891	530.00	8.00	13.08	25.96	101902.17	1847	0	AnneMcLaren	
653	0:11:58	1/1/2019 	707482	153.00	8.00	8.10	25.96	101901.83	3946	0	AnneMcLaren	
654	0:11:58	1/1/2019 	707818	132.00	8.00	7.50	25.96	101901.66	49821	0	AnneMcLaren	
655	0:11:59	1/1/2019 	708597	81.00	8.00	6.15	25.96	101901.48	49821	0	AnneMcLaren	
656	0:11:59	1/1/2019 	708632	650.00	10.00	14.80	25.96	101901.48	1847	1	AnneMcLaren	
657	0:11:59	1/1/2019 	708899	132.00	8.00	7.50	25.96	101901.48	1849	0	AnneMcLaren	
658	0:12:01	1/1/2019 	710643	819.00	49.00	22.43	25.96	101901.13	97794	1	AnneMcLaren	
659	0:12:02	1/1/2019 	711142	825.00	50.00	22.54	25.96	101901.31	4889	1	AnneMcLaren	
660	0:12:02	1/1/2019 	711945	167.00	8.00	8.48	25.96	101900.79	49823	0	AnneMcLaren	
661	0:12:03	1/1/2019 	713050	122.00	8.00	7.21	25.96	101901.35	49819	0	AnneMcLaren	
662	0:12:05	1/1/2019 	714420	962.00	231.00	48.31	25.96	101901.18	49821	0	AnneMcLaren	
663	0:12:07	1/1/2019 	716105	83.00	8.00	6.19	25.96	101900.66	97800	0	AnneMcLaren	
664	0:12:07	1/1/2019 	716365	119.00	7.00	7.12	25.96	101900.48	1848	0	AnneMcLaren	
665	0:12:07	1/1/2019 	716614	76.00	8.00	6.07	25.96	101900.48	51786	0	AnneMcLaren	
666	0:12:08	1/1/2019 	717257	252.00	8.00	10.33	25.96	101900.14	1847	0	AnneMcLaren	
667	0:12:09	1/1/2019 	718102	173.00	8.00	8.64	25.96	101899.97	49822	0	AnneMcLaren	
668	0:12:10	1/1/2019 	719289	206.00	8.00	9.43	25.96	101899.45	49821	0	AnneMcLaren	
669	0:12:10	1/1/2019 	719359	77.00	8.00	6.08	25.96	101899.27	1848	0	AnneMcLaren	
670	0:12:10	1/1/2019 	719478	162.00	8.00	8.35	25.96	101899.27	1846	0	AnneMcLaren	
671	0:12:13	1/1/2019 	722492	88.00	8.00	6.30	25.96	101898.58	147789	0	AnneMcLaren	
672	0:12:13	1/1/2019 	722776	83.00	8.00	6.19	25.96	101898.75	50762	0	AnneMcLaren	
673	0:12:14	1/1/2019 	723280	129.00	8.00	7.41	25.96	101898.75	1847	0	AnneMcLaren	
674	0:12:15	1/1/2019 	724921	520.00	9.00	13.10	25.97	101899.28	97798	0	AnneMcLaren	
675	0:12:16	1/1/2019 	725325	77.00	7.00	6.08	25.96	101898.92	1850	0	AnneMcLaren	
676	0:12:16	1/1/2019 	725350	161.00	8.00	8.32	25.96	101898.92	1849	0	AnneMcLaren	
677	0:12:19	1/1/2019 	728199	517.00	8.00	12.97	25.97	101899.28	147871	0	AnneMcLaren	
678	0:12:19	1/1/2019 	728420	83.00	8.00	6.19	25.97	101899.28	1847	0	AnneMcLaren	
679	0:12:19	1/1/2019 	728926	371.00	8.00	11.87	25.97	101899.28	49821	0	AnneMcLaren	
680	0:12:22	1/1/2019 	731371	172.00	8.00	8.62	25.97	101899.11	97797	0	AnneMcLaren	
681	0:12:27	1/1/2019 	736260	100.00	8.00	6.59	25.97	101898.64	242648	0	AnneMcLaren	
682	0:12:28	1/1/2019 	737215	301.00	8.00	11.07	25.97	101898.29	49821	0	AnneMcLaren	
683	0:12:30	1/1/2019 	739898	693.00	11.00	15.30	25.97	101898.81	145771	1	AnneMcLaren	
684	0:12:33	1/1/2019 	742146	126.00	8.00	7.32	25.97	101898.81	100843	0	AnneMcLaren	
685	0:12:34	1/1/2019 	743233	618.00	9.00	14.24	25.97	101899.03	49820	1	AnneMcLaren	
686	0:12:34	1/1/2019 	743403	106.00	7.00	6.75	25.97	101899.03	1851	0	AnneMcLaren	
687	0:12:34	1/1/2019 	743459	79.00	7.00	6.12	25.97	101899.03	1848	0	AnneMcLaren	
688	0:12:35	1/1/2019 	745050	80.00	7.00	6.13	25.97	101898.68	97794	0	AnneMcLaren	
689	0:12:36	1/1/2019 	745333	112.00	8.00	6.92	25.97	101898.68	1850	0	AnneMcLaren	
690	0:12:41	1/1/2019 	750328	632.00	10.00	14.63	25.97	101898.90	243730	0	AnneMcLaren	
691	0:12:41	1/1/2019 	750905	965.00	178.00	43.12	25.97	101899.24	50766	0	AnneMcLaren	
692	0:12:44	1/1/2019 	753294	75.00	8.00	6.05	25.97	101899.42	97797	1	AnneMcLaren	
693	0:12:48	1/1/2019 	757241	196.00	8.00	9.21	25.97	101899.24	193745	0	AnneMcLaren	
694	0:12:48	1/1/2019 	757428	129.00	7.00	7.41	25.97	101899.24	1847	0	AnneMcLaren	
695	0:12:48	1/1/2019 	758031	85.00	7.00	6.23	25.98	101899.44	49823	0	AnneMcLaren	
696	0:12:51	1/1/2019 	760839	210.00	8.00	9.52	25.98	101899.09	147872	0	AnneMcLaren	
697	0:12:52	1/1/2019 	761688	78.00	8.00	6.10	25.98	101898.73	50760	0	AnneMcLaren	
698	0:12:53	1/1/2019 	762150	346.00	8.00	11.62	25.98	101898.73	1848	0	AnneMcLaren	
699	0:12:53	1/1/2019 	762287	101.00	8.00	6.62	25.98	101898.73	1848	0	AnneMcLaren	
700	0:12:54	1/1/2019 	763768	240.00	8.00	10.11	25.98	101898.39	97794	0	AnneMcLaren	
701	0:12:55	1/1/2019 	764667	74.00	8.00	6.03	25.98	101898.22	49822	0	AnneMcLaren	
702	0:12:55	1/1/2019 	764767	273.00	8.00	10.67	25.98	101898.61	3968	0	AnneMcLaren	
703	0:12:57	1/1/2019 	766150	77.00	8.00	6.08	25.98	101898.44	49821	0	AnneMcLaren	
704	0:12:57	1/1/2019 	766372	186.00	7.00	8.96	25.98	101898.27	1847	0	AnneMcLaren	
705	0:12:58	1/1/2019 	767892	261.00	8.00	10.48	25.98	101898.44	97799	0	AnneMcLaren	
706	0:13:01	1/1/2019 	770851	189.00	8.00	9.04	25.98	101898.78	145778	0	AnneMcLaren	
707	0:13:03	1/1/2019 	772215	703.00	12.00	15.66	25.98	101899.70	50763	1	AnneMcLaren	
708	0:13:03	1/1/2019 	772805	102.00	7.00	6.64	25.98	101899.87	51997	0	AnneMcLaren	
709	0:13:04	1/1/2019 	773187	125.00	8.00	7.29	25.98	101899.87	1848	0	AnneMcLaren	
710	0:13:05	1/1/2019 	774160	138.00	8.00	7.67	25.98	101900.39	49822	0	AnneMcLaren	
711	0:13:05	1/1/2019 	774687	237.00	8.00	10.06	25.98	101900.56	49822	1	AnneMcLaren	
712	0:13:08	1/1/2019 	777103	119.00	8.00	7.12	25.98	101901.45	97798	0	AnneMcLaren	
713	0:13:11	1/1/2019 	781059	934.00	144.00	38.31	25.98	101901.09	193748	0	AnneMcLaren	
714	0:13:12	1/1/2019 	781481	100.00	8.00	6.59	25.98	101901.09	4910	0	AnneMcLaren	
715	0:13:13	1/1/2019 	782677	902.00	105.00	30.96	25.98	101900.92	97794	0	AnneMcLaren	
716	0:13:14	1/1/2019 	783252	82.00	7.00	6.17	25.98	101900.75	1851	0	AnneMcLaren	
717	0:13:14	1/1/2019 	783395	934.00	138.00	37.28	25.98	101900.41	1849	1	AnneMcLaren	
718	0:13:14	1/1/2019 	783430	747.00	19.00	17.89	25.98	101900.41	1849	1	AnneMcLaren	
719	0:13:15	1/1/2019 	784981	78.00	8.00	6.10	25.98	101900.41	97795	0	AnneMcLaren	
720	0:13:16	1/1/2019 	785421	248.00	8.00	10.26	25.98	101900.41	3807	0	AnneMcLaren	
721	0:13:16	1/1/2019 	785912	154.00	8.00	8.13	25.98	101900.41	49821	0	AnneMcLaren	
722	0:13:17	1/1/2019 	786067	165.00	8.00	8.43	25.98	101900.23	1846	0	AnneMcLaren	
723	0:13:17	1/1/2019 	786452	81.00	8.00	6.15	25.98	101900.23	1847	0	AnneMcLaren	
724	0:13:17	1/1/2019 	786971	76.00	8.00	6.07	25.98	101900.23	49819	0	AnneMcLaren	
725	0:13:18	1/1/2019 	787550	172.00	8.00	8.62	25.98	101900.23	49819	0	AnneMcLaren	
726	0:13:18	1/1/2019 	788004	98.00	8.00	6.54	25.98	101900.58	3808	0	AnneMcLaren	
727	0:13:19	1/1/2019 	788420	164.00	7.00	8.40	25.98	101900.58	1846	0	AnneMcLaren	
728	0:13:19	1/1/2019 	788560	149.00	4.00	7.97	25.98	101900.58	49821	1	AnneMcLaren	
729	0:13:19	1/1/2019 	789062	913.00	114.00	32.74	25.98	101900.58	1847	0	AnneMcLaren	
730	0:13:21	1/1/2019 	790221	85.00	8.00	6.24	25.98	101900.92	49824	0	AnneMcLaren	
731	0:13:22	1/1/2019 	791349	149.00	8.00	7.99	25.98	101900.92	50760	0	AnneMcLaren	
732	0:13:22	1/1/2019 	791657	808.00	40.00	21.51	25.98	101900.92	51920	1	AnneMcLaren	
733	0:13:23	1/1/2019 	792309	375.00	9.00	11.96	25.98	101901.09	1849	0	AnneMcLaren	
734	0:13:23	1/1/2019 	792693	335.00	8.00	11.50	25.98	101901.27	49824	0	AnneMcLaren	
735	0:13:24	1/1/2019 	793453	139.00	8.00	7.70	25.98	101901.27	1847	0	AnneMcLaren	
736	0:13:24	1/1/2019 	793620	371.00	8.00	11.87	25.98	101901.27	49820	0	AnneMcLaren	
737	0:13:25	1/1/2019 	794984	898.00	95.00	29.05	25.99	101901.80	49820	0	AnneMcLaren	
738	0:13:25	1/1/2019 	795008	149.00	8.00	7.99	25.99	101901.80	3867	0	AnneMcLaren	
739	0:13:27	1/1/2019 	796298	205.00	8.00	9.41	25.99	101901.62	49822	0	AnneMcLaren	
740	0:13:31	1/1/2019 	800639	388.00	8.00	12.02	25.99	101901.28	241722	1	AnneMcLaren	
741	0:13:32	1/1/2019 	801293	403.00	8.00	12.14	25.99	101900.94	2787	0	AnneMcLaren	
742	0:13:32	1/1/2019 	801745	106.00	8.00	6.75	25.99	101900.77	49822	0	AnneMcLaren	
743	0:13:34	1/1/2019 	803155	144.00	8.00	7.85	25.99	101900.59	49822	0	AnneMcLaren	
744	0:13:34	1/1/2019 	803431	183.00	8.00	8.90	25.99	101900.59	3949	0	AnneMcLaren	
745	0:13:35	1/1/2019 	804411	174.00	8.00	8.67	25.99	101900.24	49822	0	AnneMcLaren	
746	0:13:36	1/1/2019 	805319	121.00	8.00	7.18	25.99	101900.98	49823	0	AnneMcLaren	
747	0:13:37	1/1/2019 	806087	444.00	8.00	12.44	25.99	101900.98	49823	0	AnneMcLaren	
748	0:13:37	1/1/2019 	806241	675.00	10.00	14.93	25.99	101900.98	1848	0	AnneMcLaren	
749	0:13:40	1/1/2019 	809265	514.00	8.00	12.94	25.99	101901.55	145774	0	AnneMcLaren	
750	0:13:40	1/1/2019 	809732	975.00	323.00	60.99	25.99	101901.55	51787	0	AnneMcLaren	
751	0:13:40	1/1/2019 	809903	88.00	8.00	6.30	25.99	101901.55	2789	0	AnneMcLaren	
752	0:13:40	1/1/2019 	809987	958.00	154.00	39.91	25.99	101901.55	1847	1	AnneMcLaren	
753	0:13:41	1/1/2019 	810157	262.00	8.00	10.49	25.99	101901.55	1849	0	AnneMcLaren	
754	0:13:41	1/1/2019 	810361	214.00	8.00	9.60	25.99	101901.55	1847	0	AnneMcLaren	
755	0:13:44	1/1/2019 	813886	108.00	8.00	6.81	25.99	101901.21	193744	0	AnneMcLaren	
756	0:13:45	1/1/2019 	814560	854.00	74.00	25.43	25.99	101901.21	51924	0	AnneMcLaren	
757	0:13:46	1/1/2019 	815823	461.00	9.00	12.64	25.99	101901.04	49825	0	AnneMcLaren	
758	0:13:48	1/1/2019 	817461	133.00	8.00	7.53	25.99	101900.52	49823	0	AnneMcLaren	
759	0:13:49	1/1/2019 	818363	898.00	103.00	30.56	26.00	101900.73	49823	0	AnneMcLaren	
760	0:13:51	1/1/2019 	820580	134.00	8.00	7.56	26.00	101900.73	145775	0	AnneMcLaren	
761	0:13:51	1/1/2019 	820732	677.00	10.00	14.94	26.00	101900.73	2788	0	AnneMcLaren	
762	0:13:53	1/1/2019 	822985	310.00	8.00	11.19	26.00	101900.56	99898	0	AnneMcLaren	
763	0:13:57	1/1/2019 	826465	529.00	9.00	13.18	26.00	101900.44	145770	0	AnneMcLaren	
764	0:14:00	1/1/2019 	829348	261.00	8.00	10.48	26.00	101900.27	145771	0	AnneMcLaren	
