###################################################################################################
### CosmicWatch: The Desktop Muon Detector
### Device ID: AnneMcLaren
### Launch time: 0:00:47 1/1/2019
### Questions? Email Spencer N. Axani (saxani@mit.edu)
### Event Time Date TimeStamp[ms] ADC1 ADC2 SiPM[mV] Temp[C] Pressure[Pa] DeadTime[us] Coincident ID
###################################################################################################
1	0:00:50	1/1/2019 	2237	906.00	105.00	30.97	21.86	102487.59	143912	0	AnneMcLaren	
2	0:00:51	1/1/2019 	3904	198.00	8.00	9.25	21.85	102487.99	101831	0	AnneMcLaren	
3	0:00:51	1/1/2019 	3934	65.00	8.00	5.92	21.85	102487.99	1848	0	AnneMcLaren	
4	0:00:51	1/1/2019 	3974	960.00	154.00	39.91	21.85	102487.99	1848	0	AnneMcLaren	
5	0:00:53	1/1/2019 	5289	452.00	9.00	12.57	21.85	102487.89	49818	0	AnneMcLaren	
6	0:00:55	1/1/2019 	7095	60.00	8.00	5.89	21.84	102487.75	97792	0	AnneMcLaren	
7	0:00:55	1/1/2019 	7471	813.00	56.00	23.13	21.84	102487.75	1848	0	AnneMcLaren	
8	0:00:55	1/1/2019 	7837	592.00	9.00	13.92	21.84	102487.73	51786	0	AnneMcLaren	
9	0:00:56	1/1/2019 	8398	957.00	168.00	41.89	21.84	102488.07	1849	0	AnneMcLaren	
10	0:00:57	1/1/2019 	9565	481.00	9.00	12.78	21.83	102488.31	97792	0	AnneMcLaren	
11	0:00:59	1/1/2019 	11831	447.00	9.00	12.54	21.82	102487.97	98538	1	AnneMcLaren	
12	0:01:00	1/1/2019 	12839	101.00	8.00	6.62	21.82	102488.44	49824	0	AnneMcLaren	
13	0:01:01	1/1/2019 	13038	78.00	8.00	6.10	21.82	102488.41	1848	0	AnneMcLaren	
14	0:01:01	1/1/2019 	13123	641.00	9.00	14.46	21.82	102488.41	1847	0	AnneMcLaren	
15	0:01:01	1/1/2019 	13290	916.00	113.00	32.55	21.82	102488.41	4006	0	AnneMcLaren	
16	0:01:01	1/1/2019 	13591	76.00	8.00	6.07	21.81	102488.36	49819	0	AnneMcLaren	
17	0:01:01	1/1/2019 	13732	192.00	9.00	9.12	21.81	102488.36	1847	0	AnneMcLaren	
18	0:01:02	1/1/2019 	14289	300.00	9.00	11.09	21.81	102488.34	1849	0	AnneMcLaren	
19	0:01:03	1/1/2019 	15852	253.00	8.00	10.34	21.80	102488.22	97794	0	AnneMcLaren	
20	0:01:04	1/1/2019 	16410	105.00	8.00	6.73	21.80	102488.22	1848	0	AnneMcLaren	
21	0:01:04	1/1/2019 	16468	60.00	8.00	5.89	21.80	102488.22	3813	0	AnneMcLaren	
22	0:01:05	1/1/2019 	17024	186.00	8.00	8.97	21.80	102488.34	49817	0	AnneMcLaren	
23	0:01:09	1/1/2019 	21034	960.00	248.00	50.03	21.78	102488.73	193737	0	AnneMcLaren	
24	0:01:09	1/1/2019 	21142	104.00	8.00	6.70	21.78	102488.73	2597	1	AnneMcLaren	
25	0:01:09	1/1/2019 	21154	221.00	9.00	9.76	21.78	102488.73	1847	0	AnneMcLaren	
26	0:01:09	1/1/2019 	21994	968.00	257.00	51.04	21.78	102488.69	49821	0	AnneMcLaren	
27	0:01:11	1/1/2019 	23633	693.00	12.00	15.64	21.77	102488.94	99897	0	AnneMcLaren	
28	0:01:11	1/1/2019 	23716	129.00	9.00	7.41	21.77	102489.62	1853	0	AnneMcLaren	
29	0:01:12	1/1/2019 	24636	231.00	9.00	9.96	21.77	102489.95	49828	0	AnneMcLaren	
30	0:01:14	1/1/2019 	26452	129.00	8.00	7.41	21.76	102490.64	49824	0	AnneMcLaren	
31	0:01:14	1/1/2019 	26632	66.00	9.00	5.93	21.76	102490.64	49821	0	AnneMcLaren	
32	0:01:16	1/1/2019 	28196	80.00	8.00	6.14	21.76	102491.05	49820	0	AnneMcLaren	
33	0:01:16	1/1/2019 	28933	79.00	8.00	6.12	21.75	102491.01	51785	0	AnneMcLaren	
34	0:01:16	1/1/2019 	28970	137.00	9.00	7.65	21.75	102491.01	1846	0	AnneMcLaren	
35	0:01:17	1/1/2019 	29180	73.00	8.00	6.02	21.75	102490.98	1848	0	AnneMcLaren	
36	0:01:17	1/1/2019 	29480	180.00	8.00	8.82	21.75	102490.98	1847	0	AnneMcLaren	
37	0:01:17	1/1/2019 	29705	789.00	29.00	20.05	21.75	102490.94	49818	1	AnneMcLaren	
38	0:01:18	1/1/2019 	30265	675.00	10.00	14.93	21.75	102491.45	2596	0	AnneMcLaren	
39	0:01:18	1/1/2019 	30343	63.00	9.00	5.91	21.75	102491.45	1850	0	AnneMcLaren	
40	0:01:19	1/1/2019 	31229	147.00	8.00	7.93	21.74	102491.34	51923	0	AnneMcLaren	
41	0:01:19	1/1/2019 	31458	964.00	240.00	49.20	21.74	102491.34	1847	0	AnneMcLaren	
42	0:01:19	1/1/2019 	31914	375.00	9.00	11.96	21.74	102491.50	49820	1	AnneMcLaren	
43	0:01:20	1/1/2019 	32586	81.00	8.00	6.15	21.74	102491.45	49820	0	AnneMcLaren	
44	0:01:20	1/1/2019 	32649	316.00	9.00	11.31	21.74	102491.45	1847	0	AnneMcLaren	
45	0:01:20	1/1/2019 	32668	627.00	10.00	14.57	21.74	102491.45	1849	0	AnneMcLaren	
46	0:01:21	1/1/2019 	33268	118.00	8.00	7.09	21.74	102491.77	3868	0	AnneMcLaren	
47	0:01:21	1/1/2019 	33634	469.00	9.00	12.69	21.74	102491.77	49818	0	AnneMcLaren	
48	0:01:22	1/1/2019 	34205	927.00	134.00	36.56	21.74	102491.58	1849	0	AnneMcLaren	
49	0:01:23	1/1/2019 	35195	816.00	45.00	22.03	21.73	102491.30	49821	0	AnneMcLaren	
50	0:01:25	1/1/2019 	37549	95.00	8.00	6.47	21.72	102491.66	145761	0	AnneMcLaren	
51	0:01:26	1/1/2019 	38387	338.00	9.00	11.57	21.72	102491.42	1847	0	AnneMcLaren	
52	0:01:26	1/1/2019 	38907	173.00	9.00	8.65	21.72	102491.06	51786	0	AnneMcLaren	
53	0:01:27	1/1/2019 	39773	155.00	8.00	8.16	21.71	102490.50	49819	1	AnneMcLaren	
54	0:01:28	1/1/2019 	40704	147.00	8.00	7.93	21.71	102490.09	50567	0	AnneMcLaren	
55	0:01:28	1/1/2019 	40762	118.00	8.00	7.09	21.71	102489.70	1848	0	AnneMcLaren	
56	0:01:29	1/1/2019 	41133	299.00	9.00	11.08	21.71	102489.70	1846	0	AnneMcLaren	
57	0:01:33	1/1/2019 	45108	194.00	9.00	9.17	21.69	102488.23	193731	0	AnneMcLaren	
58	0:01:34	1/1/2019 	46081	91.00	8.00	6.37	21.69	102488.20	51924	0	AnneMcLaren	
59	0:01:34	1/1/2019 	46474	581.00	9.00	13.78	21.69	102488.55	1848	0	AnneMcLaren	
60	0:01:34	1/1/2019 	46599	148.00	6.00	7.95	21.69	102488.55	49817	0	AnneMcLaren	
61	0:01:35	1/1/2019 	47813	70.00	8.00	5.98	21.68	102488.23	49818	0	AnneMcLaren	
62	0:01:36	1/1/2019 	48772	387.00	9.00	12.07	21.68	102488.38	49818	0	AnneMcLaren	
63	0:01:37	1/1/2019 	49768	97.00	8.00	6.52	21.68	102488.33	49822	0	AnneMcLaren	
64	0:01:38	1/1/2019 	50814	573.00	9.00	13.68	21.67	102488.05	50564	0	AnneMcLaren	
65	0:01:38	1/1/2019 	50894	611.00	9.00	14.16	21.67	102488.05	3953	0	AnneMcLaren	
66	0:01:39	1/1/2019 	51757	366.00	9.00	11.87	21.67	102488.16	49819	0	AnneMcLaren	
67	0:01:42	1/1/2019 	54383	347.00	9.00	11.67	21.66	102488.19	97794	0	AnneMcLaren	
68	0:01:42	1/1/2019 	54705	92.00	8.00	6.39	21.65	102488.30	49823	0	AnneMcLaren	
69	0:01:46	1/1/2019 	58805	359.00	9.00	11.80	21.64	102488.58	193736	0	AnneMcLaren	
70	0:01:47	1/1/2019 	59257	727.00	14.00	16.36	21.64	102488.53	1851	0	AnneMcLaren	
71	0:01:47	1/1/2019 	59333	63.00	8.00	5.91	21.64	102488.53	3816	0	AnneMcLaren	
72	0:01:47	1/1/2019 	59618	257.00	9.00	10.43	21.63	102488.13	49820	0	AnneMcLaren	
73	0:01:48	1/1/2019 	60132	801.00	44.00	21.90	21.63	102488.11	2596	0	AnneMcLaren	
74	0:01:49	1/1/2019 	61004	356.00	9.00	11.77	21.63	102488.41	49822	0	AnneMcLaren	
75	0:01:49	1/1/2019 	61482	106.00	8.00	6.75	21.63	102488.53	1850	0	AnneMcLaren	
76	0:01:51	1/1/2019 	63593	69.00	8.00	5.97	21.62	102489.07	145761	0	AnneMcLaren	
77	0:01:51	1/1/2019 	63709	791.00	29.00	20.05	21.62	102489.07	3950	0	AnneMcLaren	
78	0:01:53	1/1/2019 	65677	881.00	84.00	27.06	21.61	102489.81	97794	1	AnneMcLaren	
79	0:01:54	1/1/2019 	66937	247.00	8.00	10.24	21.60	102489.91	49823	0	AnneMcLaren	
80	0:01:55	1/1/2019 	67090	147.00	8.00	7.93	21.60	102490.03	1848	0	AnneMcLaren	
81	0:01:56	1/1/2019 	68689	88.00	8.00	6.30	21.59	102490.59	97791	0	AnneMcLaren	
82	0:01:58	1/1/2019 	70571	571.00	9.00	13.65	21.59	102491.36	97791	0	AnneMcLaren	
83	0:01:58	1/1/2019 	70787	62.00	8.00	5.90	21.59	102491.52	4704	0	AnneMcLaren	
84	0:01:58	1/1/2019 	70882	207.00	8.00	9.45	21.59	102491.52	1847	1	AnneMcLaren	
85	0:01:59	1/1/2019 	71020	94.00	8.00	6.44	21.59	102491.52	1847	0	AnneMcLaren	
86	0:02:02	1/1/2019 	74796	120.00	8.00	7.15	21.57	102491.91	193724	0	AnneMcLaren	
87	0:02:02	1/1/2019 	74943	71.00	2.00	5.98	21.57	102491.91	1848	0	AnneMcLaren	
88	0:02:03	1/1/2019 	75153	66.00	8.00	5.93	21.57	102491.70	1847	0	AnneMcLaren	
89	0:02:03	1/1/2019 	75357	709.00	12.00	15.66	21.57	102491.70	1847	0	AnneMcLaren	
90	0:02:03	1/1/2019 	75614	272.00	9.00	10.68	21.56	102491.14	51785	0	AnneMcLaren	
91	0:02:03	1/1/2019 	75906	888.00	83.00	26.91	21.56	102491.14	1850	0	AnneMcLaren	
92	0:02:04	1/1/2019 	76676	543.00	9.00	13.33	21.56	102490.52	49819	0	AnneMcLaren	
93	0:02:09	1/1/2019 	81047	70.00	9.00	5.98	21.54	102489.89	193732	0	AnneMcLaren	
94	0:02:09	1/1/2019 	81486	166.00	8.00	8.46	21.54	102489.84	2596	0	AnneMcLaren	
95	0:02:09	1/1/2019 	81607	63.00	8.00	5.91	21.54	102489.84	49816	0	AnneMcLaren	
96	0:02:09	1/1/2019 	81629	91.00	8.00	6.37	21.54	102489.84	4005	0	AnneMcLaren	
97	0:02:09	1/1/2019 	81891	98.00	8.00	6.54	21.54	102489.84	1847	0	AnneMcLaren	
98	0:02:10	1/1/2019 	82567	169.00	8.00	8.54	21.53	102490.08	49819	0	AnneMcLaren	
99	0:02:10	1/1/2019 	82911	122.00	8.00	7.21	21.53	102490.08	1848	0	AnneMcLaren	
100	0:02:11	1/1/2019 	83214	177.00	8.00	8.75	21.53	102490.23	1847	0	AnneMcLaren	
101	0:02:11	1/1/2019 	83248	432.00	9.00	12.43	21.53	102490.23	1848	0	AnneMcLaren	
102	0:02:11	1/1/2019 	83690	118.00	8.00	7.09	21.53	102490.18	51787	0	AnneMcLaren	
103	0:02:11	1/1/2019 	83881	964.00	173.00	42.52	21.53	102490.18	1848	0	AnneMcLaren	
104	0:02:12	1/1/2019 	84270	785.00	28.00	19.88	21.52	102490.13	1850	0	AnneMcLaren	
105	0:02:12	1/1/2019 	84771	119.00	8.00	7.12	21.52	102490.59	49819	0	AnneMcLaren	
106	0:02:12	1/1/2019 	84992	89.00	8.00	6.32	21.52	102490.59	1847	0	AnneMcLaren	
107	0:02:14	1/1/2019 	86781	252.00	8.00	10.33	21.51	102491.66	97792	0	AnneMcLaren	
108	0:02:14	1/1/2019 	86856	89.00	8.00	6.32	21.51	102491.66	3814	0	AnneMcLaren	
109	0:02:15	1/1/2019 	87912	549.00	9.00	13.39	21.51	102491.93	49818	0	AnneMcLaren	
110	0:02:16	1/1/2019 	88189	96.00	8.00	6.49	21.51	102491.93	1850	0	AnneMcLaren	
111	0:02:16	1/1/2019 	88245	189.00	8.00	9.04	21.51	102491.93	1847	0	AnneMcLaren	
112	0:02:16	1/1/2019 	88363	571.00	9.00	13.65	21.50	102492.05	1846	0	AnneMcLaren	
113	0:02:17	1/1/2019 	89257	512.00	9.00	13.03	21.50	102491.98	49822	0	AnneMcLaren	
114	0:02:18	1/1/2019 	90581	679.00	10.00	14.94	21.49	102492.72	99758	0	AnneMcLaren	
115	0:02:19	1/1/2019 	91756	623.00	9.00	14.30	21.49	102493.13	50568	0	AnneMcLaren	
116	0:02:20	1/1/2019 	92600	895.00	93.00	28.67	21.48	102493.25	49823	1	AnneMcLaren	
117	0:02:20	1/1/2019 	92621	122.00	8.00	7.21	21.48	102493.41	1850	0	AnneMcLaren	
118	0:02:22	1/1/2019 	94376	71.00	8.00	5.99	21.48	102494.51	49818	0	AnneMcLaren	
119	0:02:23	1/1/2019 	95282	179.00	8.00	8.80	21.48	102494.66	49819	0	AnneMcLaren	
120	0:02:24	1/1/2019 	96653	60.00	8.00	5.89	21.47	102494.88	97793	0	AnneMcLaren	
121	0:02:24	1/1/2019 	96761	891.00	84.00	27.08	21.47	102494.88	3959	0	AnneMcLaren	
122	0:02:25	1/1/2019 	97019	144.00	8.00	7.85	21.47	102495.03	1854	1	AnneMcLaren	
123	0:02:25	1/1/2019 	97928	62.00	8.00	5.90	21.46	102494.98	49817	0	AnneMcLaren	
124	0:02:26	1/1/2019 	98186	113.00	8.00	6.95	21.46	102495.28	1847	0	AnneMcLaren	
125	0:02:27	1/1/2019 	99203	166.00	8.00	8.46	21.46	102495.55	49819	0	AnneMcLaren	
126	0:02:27	1/1/2019 	99746	173.00	9.00	8.65	21.46	102495.89	49819	0	AnneMcLaren	
127	0:02:29	1/1/2019 	101472	74.00	9.00	6.03	21.45	102495.05	52728	0	AnneMcLaren	
128	0:02:32	1/1/2019 	104372	785.00	26.00	19.52	21.44	102494.69	145762	0	AnneMcLaren	
129	0:02:33	1/1/2019 	105885	958.00	171.00	42.27	21.43	102495.30	97794	0	AnneMcLaren	
130	0:02:34	1/1/2019 	106012	471.00	9.00	12.71	21.43	102495.45	1851	1	AnneMcLaren	
131	0:02:35	1/1/2019 	107343	785.00	28.00	19.88	21.42	102495.69	49824	1	AnneMcLaren	
132	0:02:37	1/1/2019 	109399	78.00	8.00	6.10	21.41	102496.03	97792	0	AnneMcLaren	
133	0:02:38	1/1/2019 	110136	110.00	8.00	6.86	21.41	102496.55	51785	0	AnneMcLaren	
134	0:02:38	1/1/2019 	110300	107.00	9.00	6.78	21.41	102496.84	2595	0	AnneMcLaren	
135	0:02:39	1/1/2019 	111677	66.00	9.00	5.93	21.41	102497.29	97792	0	AnneMcLaren	
136	0:02:40	1/1/2019 	112065	116.00	9.00	7.04	21.40	102497.58	1850	0	AnneMcLaren	
137	0:02:40	1/1/2019 	112593	116.00	8.00	7.03	21.40	102497.73	49821	0	AnneMcLaren	
138	0:02:41	1/1/2019 	113488	73.00	8.00	6.02	21.40	102497.80	1847	0	AnneMcLaren	
139	0:02:42	1/1/2019 	114591	196.00	8.00	9.21	21.39	102498.09	99895	0	AnneMcLaren	
140	0:02:43	1/1/2019 	115080	656.00	10.00	14.85	21.39	102497.94	1850	1	AnneMcLaren	
141	0:02:43	1/1/2019 	115571	81.00	8.00	6.15	21.39	102497.94	49822	0	AnneMcLaren	
142	0:02:45	1/1/2019 	117247	671.00	10.00	14.92	21.38	102497.59	49819	0	AnneMcLaren	
143	0:02:45	1/1/2019 	117925	73.00	8.00	6.02	21.38	102497.53	49821	0	AnneMcLaren	
144	0:02:46	1/1/2019 	118279	403.00	9.00	12.21	21.38	102497.31	1847	0	AnneMcLaren	
145	0:02:48	1/1/2019 	120608	98.00	8.00	6.54	21.37	102497.36	147735	0	AnneMcLaren	
146	0:02:49	1/1/2019 	121184	628.00	10.00	14.58	21.37	102497.31	2596	0	AnneMcLaren	
147	0:02:49	1/1/2019 	121711	845.00	63.00	23.97	21.36	102497.11	49824	1	AnneMcLaren	
148	0:02:49	1/1/2019 	121822	416.00	9.00	12.31	21.36	102497.11	1850	0	AnneMcLaren	
149	0:02:50	1/1/2019 	122012	366.00	8.00	11.82	21.36	102497.11	1849	0	AnneMcLaren	
150	0:02:50	1/1/2019 	122737	636.00	9.00	14.42	21.36	102497.36	49821	0	AnneMcLaren	
151	0:02:51	1/1/2019 	123394	135.00	8.00	7.59	21.36	102497.31	3953	0	AnneMcLaren	
152	0:02:51	1/1/2019 	123630	930.00	132.00	36.20	21.35	102497.45	49819	1	AnneMcLaren	
153	0:02:51	1/1/2019 	123653	639.00	9.00	14.45	21.35	102497.45	1851	0	AnneMcLaren	
154	0:02:52	1/1/2019 	124271	588.00	9.00	13.87	21.35	102497.61	1850	0	AnneMcLaren	
155	0:02:52	1/1/2019 	124286	99.00	8.00	6.57	21.35	102497.61	1850	0	AnneMcLaren	
156	0:02:52	1/1/2019 	124690	532.00	9.00	13.21	21.35	102497.61	49820	0	AnneMcLaren	
157	0:02:53	1/1/2019 	125585	94.00	8.00	6.44	21.35	102498.08	51840	0	AnneMcLaren	
158	0:02:53	1/1/2019 	125786	761.00	20.00	18.17	21.35	102497.85	1848	0	AnneMcLaren	
159	0:02:55	1/1/2019 	127301	78.00	8.00	6.10	21.34	102497.95	49821	0	AnneMcLaren	
160	0:02:56	1/1/2019 	128844	825.00	46.00	22.15	21.33	102497.83	97791	0	AnneMcLaren	
161	0:02:56	1/1/2019 	128936	575.00	10.00	13.85	21.33	102497.83	1851	1	AnneMcLaren	
162	0:02:57	1/1/2019 	129252	113.00	9.00	6.95	21.33	102497.38	1852	0	AnneMcLaren	
163	0:02:59	1/1/2019 	131698	273.00	9.00	10.69	21.32	102497.38	147737	0	AnneMcLaren	
164	0:03:01	1/1/2019 	133737	756.00	20.00	18.16	21.31	102497.04	98539	0	AnneMcLaren	
165	0:03:02	1/1/2019 	134404	913.00	111.00	32.15	21.30	102496.77	1852	0	AnneMcLaren	
166	0:03:04	1/1/2019 	136632	241.00	9.00	10.15	21.29	102494.84	145771	0	AnneMcLaren	
167	0:03:05	1/1/2019 	137423	60.00	8.00	5.89	21.29	102494.45	1850	0	AnneMcLaren	
168	0:03:05	1/1/2019 	137664	913.00	104.00	30.79	21.28	102494.22	49821	0	AnneMcLaren	
169	0:03:06	1/1/2019 	138921	67.00	8.00	5.94	21.28	102493.81	51929	0	AnneMcLaren	
170	0:03:07	1/1/2019 	139034	152.00	8.00	8.07	21.28	102493.81	1848	0	AnneMcLaren	
171	0:03:07	1/1/2019 	139755	267.00	9.00	10.60	21.27	102493.39	49825	0	AnneMcLaren	
172	0:03:08	1/1/2019 	140782	85.00	8.00	6.24	21.27	102492.92	50570	0	AnneMcLaren	
173	0:03:09	1/1/2019 	141680	674.00	10.00	14.93	21.26	102492.70	49822	0	AnneMcLaren	
174	0:03:10	1/1/2019 	142133	728.00	15.00	16.69	21.26	102492.82	1852	0	AnneMcLaren	
175	0:03:11	1/1/2019 	143577	136.00	8.00	7.62	21.25	102492.53	99903	0	AnneMcLaren	
176	0:03:12	1/1/2019 	144619	172.00	8.00	8.62	21.25	102492.45	49823	0	AnneMcLaren	
177	0:03:13	1/1/2019 	145462	928.00	133.00	36.38	21.25	102492.41	1848	0	AnneMcLaren	
178	0:03:13	1/1/2019 	145822	105.00	8.00	6.73	21.24	102492.34	49825	0	AnneMcLaren	
179	0:03:13	1/1/2019 	145881	973.00	319.00	60.28	21.24	102492.34	1847	0	AnneMcLaren	
180	0:03:15	1/1/2019 	147158	419.00	9.00	12.33	21.24	102492.59	49824	0	AnneMcLaren	
181	0:03:18	1/1/2019 	150662	187.00	9.00	9.00	21.23	102492.55	195717	0	AnneMcLaren	
182	0:03:18	1/1/2019 	150674	197.00	9.00	9.24	21.23	102492.55	2597	0	AnneMcLaren	
183	0:03:19	1/1/2019 	151699	89.00	8.00	6.32	21.22	102492.30	49823	0	AnneMcLaren	
184	0:03:20	1/1/2019 	152143	76.00	8.00	6.07	21.22	102491.91	1847	0	AnneMcLaren	
185	0:03:20	1/1/2019 	152270	70.00	8.00	5.98	21.22	102491.91	1847	0	AnneMcLaren	
186	0:03:22	1/1/2019 	154098	599.00	9.00	14.01	21.21	102491.66	97795	0	AnneMcLaren	
187	0:03:22	1/1/2019 	154202	889.00	79.00	26.27	21.21	102491.44	3954	0	AnneMcLaren	
188	0:03:23	1/1/2019 	155235	146.00	12.00	7.92	21.21	102491.19	49825	0	AnneMcLaren	
189	0:03:24	1/1/2019 	156494	327.00	9.00	11.44	21.20	102491.31	49825	0	AnneMcLaren	
190	0:03:24	1/1/2019 	156603	70.00	9.00	5.98	21.20	102491.31	49825	0	AnneMcLaren	
191	0:03:25	1/1/2019 	157361	65.00	8.00	5.92	21.20	102491.06	1849	0	AnneMcLaren	
192	0:03:25	1/1/2019 	157973	801.00	35.00	20.92	21.20	102491.41	49824	0	AnneMcLaren	
193	0:03:26	1/1/2019 	158225	668.00	10.00	14.91	21.20	102491.41	1849	1	AnneMcLaren	
194	0:03:26	1/1/2019 	158356	231.00	8.00	9.95	21.20	102491.41	3817	0	AnneMcLaren	
195	0:03:27	1/1/2019 	159294	97.00	8.00	6.52	21.19	102491.52	49822	0	AnneMcLaren	
196	0:03:29	1/1/2019 	161189	129.00	8.00	7.41	21.19	102491.75	97800	0	AnneMcLaren	
197	0:03:30	1/1/2019 	162335	70.00	9.00	5.98	21.18	102491.51	50763	0	AnneMcLaren	
198	0:03:30	1/1/2019 	162637	297.00	8.00	11.02	21.18	102491.51	49823	0	AnneMcLaren	
199	0:03:30	1/1/2019 	162916	89.00	8.00	6.32	21.18	102491.68	1847	0	AnneMcLaren	
200	0:03:32	1/1/2019 	164918	120.00	8.00	7.15	21.18	102491.55	99900	0	AnneMcLaren	
201	0:03:34	1/1/2019 	166847	86.00	9.00	6.26	21.17	102491.11	97797	0	AnneMcLaren	
202	0:03:34	1/1/2019 	166940	222.00	8.00	9.77	21.17	102491.11	1849	0	AnneMcLaren	
203	0:03:35	1/1/2019 	167287	77.00	8.00	6.08	21.17	102491.28	1847	0	AnneMcLaren	
204	0:03:35	1/1/2019 	167799	182.00	9.00	8.88	21.17	102491.27	49822	0	AnneMcLaren	
205	0:03:36	1/1/2019 	168963	137.00	8.00	7.64	21.17	102491.20	49824	0	AnneMcLaren	
206	0:03:37	1/1/2019 	169148	900.00	97.00	29.42	21.16	102491.02	3815	0	AnneMcLaren	
207	0:03:37	1/1/2019 	169408	313.00	9.00	11.27	21.16	102491.02	1850	0	AnneMcLaren	
208	0:03:37	1/1/2019 	169602	371.00	9.00	11.92	21.16	102491.02	49826	0	AnneMcLaren	
209	0:03:38	1/1/2019 	170803	432.00	9.00	12.43	21.16	102491.14	50768	0	AnneMcLaren	
210	0:03:39	1/1/2019 	171937	693.00	11.00	15.30	21.16	102491.29	49828	0	AnneMcLaren	
211	0:03:40	1/1/2019 	172855	452.00	9.00	12.57	21.16	102491.23	49828	0	AnneMcLaren	
212	0:03:40	1/1/2019 	172903	160.00	8.00	8.30	21.16	102491.23	3954	0	AnneMcLaren	
213	0:03:41	1/1/2019 	173254	849.00	65.00	24.22	21.16	102491.23	1846	0	AnneMcLaren	
214	0:03:43	1/1/2019 	175737	81.00	8.00	6.15	21.15	102491.11	145779	0	AnneMcLaren	
215	0:03:44	1/1/2019 	176781	123.00	8.00	7.24	21.15	102491.41	49823	0	AnneMcLaren	
216	0:03:45	1/1/2019 	177266	346.00	10.00	11.71	21.15	102491.41	1848	0	AnneMcLaren	
217	0:03:45	1/1/2019 	177830	169.00	8.00	8.54	21.14	102491.35	49826	0	AnneMcLaren	
218	0:03:45	1/1/2019 	177989	149.00	8.00	7.99	21.14	102491.35	3814	0	AnneMcLaren	
219	0:03:47	1/1/2019 	179959	528.00	9.00	13.17	21.14	102491.67	97801	0	AnneMcLaren	
220	0:03:48	1/1/2019 	180154	122.00	8.00	7.21	21.14	102491.67	2791	0	AnneMcLaren	
221	0:03:48	1/1/2019 	180227	685.00	11.00	15.29	21.14	102491.67	1848	0	AnneMcLaren	
222	0:03:49	1/1/2019 	181707	377.00	9.00	11.98	21.14	102491.41	97802	0	AnneMcLaren	
223	0:03:49	1/1/2019 	181915	703.00	12.00	15.66	21.14	102491.41	1850	0	AnneMcLaren	
224	0:03:49	1/1/2019 	181974	116.00	9.00	7.04	21.14	102491.92	3952	0	AnneMcLaren	
225	0:03:52	1/1/2019 	184291	874.00	76.00	25.77	21.13	102491.67	97803	0	AnneMcLaren	
226	0:03:53	1/1/2019 	185399	520.00	9.00	13.10	21.13	102491.80	49826	0	AnneMcLaren	
227	0:03:55	1/1/2019 	187055	927.00	131.00	36.01	21.13	102491.57	97803	0	AnneMcLaren	
228	0:03:55	1/1/2019 	187922	675.00	10.00	14.93	21.12	102491.86	49828	0	AnneMcLaren	
229	0:03:56	1/1/2019 	188256	164.00	8.00	8.40	21.12	102491.86	1849	0	AnneMcLaren	
230	0:03:56	1/1/2019 	188407	64.00	8.00	5.92	21.12	102492.38	3816	1	AnneMcLaren	
231	0:03:56	1/1/2019 	188425	208.00	8.00	9.48	21.12	102492.38	1854	0	AnneMcLaren	
232	0:03:56	1/1/2019 	188708	101.00	8.00	6.62	21.12	102492.38	49829	0	AnneMcLaren	
233	0:03:56	1/1/2019 	188833	750.00	18.00	17.62	21.12	102492.38	1854	0	AnneMcLaren	
234	0:03:59	1/1/2019 	191116	65.00	8.00	5.92	21.12	102494.58	97806	0	AnneMcLaren	
235	0:04:00	1/1/2019 	192046	109.00	8.00	6.84	21.12	102494.70	50765	0	AnneMcLaren	
236	0:04:00	1/1/2019 	192591	66.00	8.00	5.93	21.12	102495.21	51980	0	AnneMcLaren	
237	0:04:01	1/1/2019 	193581	59.00	8.00	5.89	21.11	102495.68	49822	0	AnneMcLaren	
238	0:04:01	1/1/2019 	193901	70.00	8.00	5.98	21.11	102495.84	1848	0	AnneMcLaren	
239	0:04:03	1/1/2019 	195183	603.00	10.00	14.25	21.11	102496.34	49823	0	AnneMcLaren	
240	0:04:03	1/1/2019 	195982	575.00	9.00	13.70	21.11	102496.64	49827	0	AnneMcLaren	
241	0:04:05	1/1/2019 	197820	110.00	8.00	6.86	21.11	102497.45	97799	0	AnneMcLaren	
242	0:04:06	1/1/2019 	198131	77.00	8.00	6.08	21.11	102497.79	3814	0	AnneMcLaren	
243	0:04:07	1/1/2019 	199697	497.00	9.00	12.90	21.10	102498.46	97801	0	AnneMcLaren	
244	0:04:08	1/1/2019 	200218	80.00	8.00	6.14	21.10	102498.23	2791	0	AnneMcLaren	
245	0:04:09	1/1/2019 	201941	710.00	13.00	16.01	21.10	102497.33	97801	1	AnneMcLaren	
246	0:04:10	1/1/2019 	202198	350.00	9.00	11.71	21.10	102497.33	1851	0	AnneMcLaren	
247	0:04:10	1/1/2019 	202431	619.00	9.00	14.25	21.10	102497.15	1850	0	AnneMcLaren	
248	0:04:10	1/1/2019 	202948	141.00	9.00	7.76	21.10	102496.58	51931	0	AnneMcLaren	
249	0:04:11	1/1/2019 	203177	116.00	8.00	7.03	21.10	102496.58	1849	0	AnneMcLaren	
250	0:04:13	1/1/2019 	205011	358.00	9.00	11.79	21.09	102495.70	97800	0	AnneMcLaren	
251	0:04:15	1/1/2019 	207152	126.00	9.00	7.33	21.09	102495.08	97803	1	AnneMcLaren	
252	0:04:16	1/1/2019 	208242	682.00	11.00	15.28	21.09	102494.69	49827	0	AnneMcLaren	
253	0:04:17	1/1/2019 	209643	76.00	8.00	6.07	21.08	102494.70	97803	0	AnneMcLaren	
254	0:04:20	1/1/2019 	212200	958.00	162.00	41.08	21.08	102494.42	100846	1	AnneMcLaren	
255	0:04:20	1/1/2019 	212335	130.00	8.00	7.44	21.08	102494.42	1852	0	AnneMcLaren	
256	0:04:22	1/1/2019 	214318	622.00	10.00	14.51	21.08	102494.54	97802	0	AnneMcLaren	
257	0:04:24	1/1/2019 	216944	818.00	53.00	22.83	21.07	102494.47	145781	1	AnneMcLaren	
258	0:04:26	1/1/2019 	218495	805.00	36.00	21.05	21.07	102494.59	49826	0	AnneMcLaren	
259	0:04:26	1/1/2019 	218854	956.00	156.00	40.21	21.07	102494.93	49824	0	AnneMcLaren	
260	0:04:27	1/1/2019 	219499	111.00	8.00	6.89	21.07	102494.73	3818	0	AnneMcLaren	
261	0:04:27	1/1/2019 	219693	172.00	8.00	8.62	21.07	102494.73	49840	0	AnneMcLaren	
262	0:04:28	1/1/2019 	220271	118.00	8.00	7.09	21.07	102494.73	2789	0	AnneMcLaren	
263	0:04:31	1/1/2019 	223098	213.00	8.00	9.58	21.06	102494.63	145773	0	AnneMcLaren	
264	0:04:33	1/1/2019 	225047	651.00	10.00	14.81	21.06	102494.56	97799	0	AnneMcLaren	
265	0:04:33	1/1/2019 	225959	674.00	10.00	14.93	21.06	102494.73	49826	0	AnneMcLaren	
266	0:04:34	1/1/2019 	226592	439.00	9.00	12.48	21.05	102494.51	51929	0	AnneMcLaren	
267	0:04:34	1/1/2019 	226612	551.00	9.00	13.41	21.05	102494.51	1851	0	AnneMcLaren	
268	0:04:36	1/1/2019 	228293	171.00	8.00	8.59	21.05	102494.62	49826	0	AnneMcLaren	
269	0:04:36	1/1/2019 	228987	601.00	9.00	14.04	21.05	102494.62	49831	0	AnneMcLaren	
270	0:04:36	1/1/2019 	228992	124.00	6.00	7.26	21.05	102494.62	1856	0	AnneMcLaren	
271	0:04:37	1/1/2019 	229349	449.00	9.00	12.55	21.05	102494.62	1855	0	AnneMcLaren	
272	0:04:37	1/1/2019 	229362	180.00	9.00	8.83	21.05	102494.62	1857	0	AnneMcLaren	
273	0:04:37	1/1/2019 	229609	196.00	9.00	9.22	21.05	102494.41	51795	0	AnneMcLaren	
274	0:04:38	1/1/2019 	230125	94.00	10.00	6.44	21.05	102494.41	2790	0	AnneMcLaren	
275	0:04:38	1/1/2019 	230364	591.00	9.00	13.91	21.05	102494.41	1851	0	AnneMcLaren	
276	0:04:39	1/1/2019 	231925	556.00	9.00	13.47	21.05	102494.05	97799	0	AnneMcLaren	
277	0:04:41	1/1/2019 	233873	68.00	8.00	5.95	21.04	102493.77	97802	0	AnneMcLaren	
278	0:04:44	1/1/2019 	236978	119.00	8.00	7.12	21.04	102493.57	145775	0	AnneMcLaren	
279	0:04:47	1/1/2019 	239296	644.00	10.00	14.75	21.03	102492.98	99904	1	AnneMcLaren	
280	0:04:47	1/1/2019 	239619	64.00	8.00	5.92	21.03	102492.98	49828	0	AnneMcLaren	
281	0:04:48	1/1/2019 	240837	121.00	8.00	7.18	21.03	102492.59	50763	0	AnneMcLaren	
282	0:04:49	1/1/2019 	241228	178.00	8.00	8.77	21.03	102492.59	1849	0	AnneMcLaren	
283	0:04:50	1/1/2019 	242779	63.00	10.00	5.91	21.03	102492.17	97800	0	AnneMcLaren	
284	0:04:50	1/1/2019 	242886	456.00	9.00	12.60	21.03	102492.17	1851	0	AnneMcLaren	
285	0:04:51	1/1/2019 	243976	146.00	8.00	7.90	21.02	102492.46	51985	0	AnneMcLaren	
286	0:04:52	1/1/2019 	244487	97.00	8.00	6.52	21.02	102492.46	1848	0	AnneMcLaren	
287	0:04:53	1/1/2019 	245153	663.00	10.00	14.89	21.02	102492.58	49826	0	AnneMcLaren	
288	0:04:53	1/1/2019 	245955	136.00	9.00	7.62	21.02	102492.92	49827	0	AnneMcLaren	
289	0:04:54	1/1/2019 	246427	101.00	8.00	6.62	21.02	102492.73	1850	0	AnneMcLaren	
290	0:04:55	1/1/2019 	247372	555.00	9.00	13.46	21.02	102493.25	49824	0	AnneMcLaren	
291	0:04:55	1/1/2019 	247460	266.00	8.00	10.56	21.02	102493.25	3817	1	AnneMcLaren	
292	0:04:55	1/1/2019 	247778	651.00	10.00	14.81	21.02	102493.03	49824	1	AnneMcLaren	
293	0:04:56	1/1/2019 	248210	585.00	9.00	13.83	21.02	102493.03	1850	0	AnneMcLaren	
294	0:04:56	1/1/2019 	248343	89.00	8.00	6.32	21.02	102493.03	1850	0	AnneMcLaren	
295	0:04:56	1/1/2019 	248580	205.00	8.00	9.41	21.02	102493.03	49821	0	AnneMcLaren	
296	0:04:57	1/1/2019 	249196	175.00	8.00	8.69	21.01	102492.97	1847	1	AnneMcLaren	
297	0:04:59	1/1/2019 	251238	329.00	9.00	11.47	21.01	102493.78	99765	0	AnneMcLaren	
298	0:04:59	1/1/2019 	251278	448.00	9.00	12.55	21.01	102493.78	2792	1	AnneMcLaren	
299	0:04:59	1/1/2019 	251386	653.00	10.00	14.83	21.01	102493.78	1850	0	AnneMcLaren	
300	0:04:59	1/1/2019 	251836	352.00	9.00	11.73	21.01	102493.77	49823	0	AnneMcLaren	
301	0:05:02	1/1/2019 	254851	159.00	9.00	8.27	21.01	102494.55	145770	0	AnneMcLaren	
302	0:05:03	1/1/2019 	255363	560.00	8.00	13.38	21.01	102494.72	1851	0	AnneMcLaren	
303	0:05:03	1/1/2019 	255720	108.00	8.00	6.81	21.01	102494.72	51925	0	AnneMcLaren	
304	0:05:04	1/1/2019 	256118	512.00	9.00	13.03	21.01	102495.06	1849	1	AnneMcLaren	
305	0:05:04	1/1/2019 	256704	89.00	8.00	6.32	21.00	102494.84	49822	0	AnneMcLaren	
306	0:05:05	1/1/2019 	257056	592.00	9.00	13.92	21.00	102495.02	1847	0	AnneMcLaren	
307	0:05:05	1/1/2019 	257126	117.00	8.00	7.06	21.00	102495.02	1850	0	AnneMcLaren	
308	0:05:06	1/1/2019 	258599	93.00	9.00	6.42	21.00	102494.25	97792	0	AnneMcLaren	
309	0:05:07	1/1/2019 	259030	101.00	8.00	6.62	21.00	102494.25	3815	0	AnneMcLaren	
310	0:05:07	1/1/2019 	259175	124.00	8.00	7.27	21.00	102494.25	1849	0	AnneMcLaren	
311	0:05:07	1/1/2019 	259842	967.00	255.00	50.81	21.00	102493.86	49821	0	AnneMcLaren	
312	0:05:08	1/1/2019 	260208	79.00	8.00	6.12	21.00	102493.52	2792	0	AnneMcLaren	
313	0:05:09	1/1/2019 	261462	67.00	8.00	5.94	20.99	102493.15	49821	0	AnneMcLaren	
314	0:05:09	1/1/2019 	261925	346.00	9.00	11.66	20.99	102492.75	49822	0	AnneMcLaren	
315	0:05:11	1/1/2019 	263300	165.00	8.00	8.43	20.99	102492.53	51981	0	AnneMcLaren	
316	0:05:12	1/1/2019 	264820	188.00	8.00	9.02	20.99	102492.13	97794	0	AnneMcLaren	
317	0:05:13	1/1/2019 	265579	566.00	9.00	13.59	20.98	102492.28	49821	0	AnneMcLaren	
318	0:05:13	1/1/2019 	265972	366.00	9.00	11.87	20.98	102492.06	1851	0	AnneMcLaren	
319	0:05:14	1/1/2019 	266333	88.00	8.00	6.30	20.98	102492.06	1849	0	AnneMcLaren	
320	0:05:16	1/1/2019 	268131	78.00	8.00	6.10	20.98	102492.30	97795	0	AnneMcLaren	
321	0:05:17	1/1/2019 	269418	94.00	8.00	6.44	20.97	102492.62	51792	0	AnneMcLaren	
322	0:05:18	1/1/2019 	270125	967.00	244.00	49.61	20.97	102492.80	49829	0	AnneMcLaren	
323	0:05:19	1/1/2019 	271349	104.00	8.00	6.70	20.97	102492.86	50766	0	AnneMcLaren	
324	0:05:19	1/1/2019 	271573	73.00	8.00	6.02	20.97	102492.86	49823	0	AnneMcLaren	
325	0:05:19	1/1/2019 	271578	875.00	52.00	22.82	20.97	102492.86	1848	1	AnneMcLaren	
326	0:05:19	1/1/2019 	271614	103.00	8.00	6.67	20.97	102492.86	1849	0	AnneMcLaren	
327	0:05:22	1/1/2019 	273999	82.00	8.00	6.17	20.96	102493.52	99902	0	AnneMcLaren	
328	0:05:22	1/1/2019 	274246	385.00	9.00	12.05	20.96	102493.52	1850	0	AnneMcLaren	
329	0:05:23	1/1/2019 	275276	121.00	8.00	7.18	20.96	102493.45	49824	0	AnneMcLaren	
330	0:05:23	1/1/2019 	275747	85.00	8.00	6.24	20.96	102493.23	49824	0	AnneMcLaren	
331	0:05:24	1/1/2019 	276603	775.00	24.00	19.11	20.96	102493.39	49823	0	AnneMcLaren	
332	0:05:24	1/1/2019 	276812	766.00	22.00	18.66	20.96	102493.39	1851	1	AnneMcLaren	
333	0:05:26	1/1/2019 	278427	401.00	8.00	12.13	20.95	102493.67	49825	0	AnneMcLaren	
334	0:05:27	1/1/2019 	279200	134.00	3.00	7.54	20.95	102493.45	51789	1	AnneMcLaren	
335	0:05:28	1/1/2019 	280664	89.00	8.00	6.32	20.95	102493.74	97798	0	AnneMcLaren	
336	0:05:29	1/1/2019 	281076	194.00	8.00	9.16	20.95	102493.74	2789	0	AnneMcLaren	
337	0:05:30	1/1/2019 	282375	707.00	12.00	15.66	20.95	102493.55	49823	0	AnneMcLaren	
338	0:05:30	1/1/2019 	282727	111.00	8.00	6.89	20.94	102492.98	49825	0	AnneMcLaren	
339	0:05:30	1/1/2019 	282973	80.00	8.00	6.14	20.94	102492.98	1847	0	AnneMcLaren	
340	0:05:31	1/1/2019 	283839	141.00	8.00	7.76	20.94	102492.59	51925	0	AnneMcLaren	
341	0:05:32	1/1/2019 	284320	64.00	8.00	5.92	20.94	102492.59	1849	0	AnneMcLaren	
342	0:05:32	1/1/2019 	284594	77.00	8.00	6.08	20.94	102492.59	49821	0	AnneMcLaren	
343	0:05:32	1/1/2019 	284636	92.00	8.00	6.39	20.94	102492.19	1847	0	AnneMcLaren	
344	0:05:33	1/1/2019 	285064	78.00	6.00	6.10	20.94	102492.19	1847	0	AnneMcLaren	
345	0:05:35	1/1/2019 	287089	64.00	9.00	5.92	20.94	102492.34	97799	0	AnneMcLaren	
346	0:05:36	1/1/2019 	288378	366.00	9.00	11.87	20.93	102492.23	51845	0	AnneMcLaren	
347	0:05:36	1/1/2019 	288772	730.00	14.00	16.36	20.93	102492.23	49826	0	AnneMcLaren	
348	0:05:37	1/1/2019 	289859	97.00	8.00	6.52	20.93	102492.41	49827	0	AnneMcLaren	
349	0:05:38	1/1/2019 	290492	68.00	8.00	5.95	20.93	102492.19	2789	0	AnneMcLaren	
350	0:05:39	1/1/2019 	291038	625.00	9.00	14.32	20.93	102492.70	49826	0	AnneMcLaren	
351	0:05:39	1/1/2019 	291843	66.00	8.00	5.93	20.93	102492.55	49826	0	AnneMcLaren	
352	0:05:40	1/1/2019 	292204	63.00	8.00	5.91	20.93	102492.71	3951	0	AnneMcLaren	
353	0:05:41	1/1/2019 	293579	155.00	8.00	8.16	20.92	102492.83	97802	0	AnneMcLaren	
354	0:05:41	1/1/2019 	293794	859.00	72.00	25.16	20.92	102493.01	1848	0	AnneMcLaren	
355	0:05:42	1/1/2019 	294003	109.00	8.00	6.84	20.92	102493.01	1850	0	AnneMcLaren	
356	0:05:42	1/1/2019 	294657	147.00	8.00	7.93	20.92	102493.18	49823	0	AnneMcLaren	
357	0:05:43	1/1/2019 	295781	608.00	9.00	14.12	20.92	102492.78	49823	0	AnneMcLaren	
358	0:05:44	1/1/2019 	296146	228.00	9.00	9.90	20.92	102492.95	3816	0	AnneMcLaren	
359	0:05:44	1/1/2019 	296243	173.00	8.00	8.64	20.92	102492.95	1850	0	AnneMcLaren	
360	0:05:45	1/1/2019 	297642	75.00	8.00	6.05	20.92	102492.54	97794	0	AnneMcLaren	
361	0:05:47	1/1/2019 	299139	145.00	8.00	7.87	20.91	102492.48	49822	0	AnneMcLaren	
362	0:05:47	1/1/2019 	300113	114.00	8.00	6.98	20.91	102492.48	49824	0	AnneMcLaren	
363	0:05:49	1/1/2019 	301216	100.00	8.00	6.59	20.91	102492.44	50762	0	AnneMcLaren	
364	0:05:49	1/1/2019 	301373	83.00	8.00	6.19	20.91	102492.44	3951	0	AnneMcLaren	
365	0:05:49	1/1/2019 	302036	978.00	504.00	87.36	20.91	102492.06	49822	0	AnneMcLaren	
366	0:05:53	1/1/2019 	305559	172.00	8.00	8.62	20.90	102491.96	193749	0	AnneMcLaren	
367	0:05:55	1/1/2019 	307208	494.00	9.00	12.88	20.90	102491.73	49823	0	AnneMcLaren	
368	0:05:55	1/1/2019 	307559	565.00	9.00	13.58	20.90	102491.73	49824	0	AnneMcLaren	
369	0:05:57	1/1/2019 	309233	77.00	8.00	6.08	20.90	102491.16	49824	0	AnneMcLaren	
370	0:05:58	1/1/2019 	310406	113.00	8.00	6.95	20.89	102490.58	51790	0	AnneMcLaren	
371	0:05:59	1/1/2019 	311289	616.00	9.00	14.22	20.89	102490.75	50763	0	AnneMcLaren	
372	0:05:59	1/1/2019 	311835	194.00	9.00	9.17	20.89	102490.41	49824	0	AnneMcLaren	
373	0:05:59	1/1/2019 	312078	125.00	8.00	7.29	20.89	102490.02	1849	0	AnneMcLaren	
374	0:06:01	1/1/2019 	313247	167.00	8.00	8.48	20.89	102490.53	49823	0	AnneMcLaren	
375	0:06:02	1/1/2019 	314817	724.00	13.00	16.01	20.89	102491.03	97797	0	AnneMcLaren	
376	0:06:04	1/1/2019 	316734	850.00	68.00	24.60	20.89	102491.17	99907	0	AnneMcLaren	
377	0:06:04	1/1/2019 	316746	681.00	10.00	14.94	20.89	102491.17	1851	0	AnneMcLaren	
378	0:06:06	1/1/2019 	318660	233.00	9.00	10.00	20.88	102491.30	97801	0	AnneMcLaren	
379	0:06:06	1/1/2019 	318704	68.00	8.00	5.95	20.88	102491.30	1850	0	AnneMcLaren	
380	0:06:08	1/1/2019 	320450	60.00	8.00	5.89	20.88	102491.80	49824	0	AnneMcLaren	
381	0:06:08	1/1/2019 	321097	69.00	8.00	5.97	20.88	102492.14	50765	0	AnneMcLaren	
382	0:06:09	1/1/2019 	321735	90.00	8.00	6.35	20.88	102492.08	51925	0	AnneMcLaren	
383	0:06:09	1/1/2019 	321839	158.00	8.00	8.24	20.88	102492.08	1848	0	AnneMcLaren	
384	0:06:11	1/1/2019 	323677	176.00	8.00	8.72	20.88	102493.06	97799	0	AnneMcLaren	
385	0:06:14	1/1/2019 	326827	258.00	9.00	10.45	20.87	102493.53	145779	0	AnneMcLaren	
386	0:06:15	1/1/2019 	327340	69.00	8.00	5.97	20.87	102493.70	1850	0	AnneMcLaren	
387	0:06:15	1/1/2019 	327443	110.00	8.00	6.86	20.87	102493.70	1848	0	AnneMcLaren	
388	0:06:17	1/1/2019 	329245	421.00	9.00	12.35	20.87	102493.52	97801	0	AnneMcLaren	
389	0:06:18	1/1/2019 	330804	83.00	8.00	6.19	20.87	102493.28	105333	0	AnneMcLaren	
390	0:06:19	1/1/2019 	331223	69.00	6.00	5.96	20.87	102493.11	2592	0	AnneMcLaren	
391	0:06:20	1/1/2019 	332492	628.00	9.00	14.35	20.87	102492.89	49825	0	AnneMcLaren	
392	0:06:20	1/1/2019 	332565	429.00	9.00	12.41	20.87	102492.89	49827	0	AnneMcLaren	
393	0:06:21	1/1/2019 	333250	898.00	96.00	29.23	20.87	102492.89	1850	0	AnneMcLaren	
394	0:06:21	1/1/2019 	333640	976.00	364.00	68.39	20.87	102493.06	49827	0	AnneMcLaren	
395	0:06:22	1/1/2019 	334608	774.00	25.00	19.31	20.86	102492.48	53108	0	AnneMcLaren	
396	0:06:24	1/1/2019 	336162	586.00	9.00	13.84	20.86	102492.48	49827	0	AnneMcLaren	
397	0:06:25	1/1/2019 	337348	156.00	8.00	8.19	20.86	102492.30	49827	0	AnneMcLaren	
398	0:06:26	1/1/2019 	338980	614.00	9.00	14.20	20.86	102492.42	97800	0	AnneMcLaren	
399	0:06:27	1/1/2019 	339692	107.00	8.00	6.78	20.86	102492.59	49826	0	AnneMcLaren	
400	0:06:27	1/1/2019 	340028	834.00	61.00	23.72	20.86	102492.59	2593	0	AnneMcLaren	
401	0:06:31	1/1/2019 	343207	173.00	8.00	8.64	20.86	102491.84	147877	0	AnneMcLaren	
402	0:06:32	1/1/2019 	344195	116.00	8.00	7.03	20.85	102491.28	49824	0	AnneMcLaren	
403	0:06:32	1/1/2019 	344264	239.00	8.00	10.10	20.85	102491.28	1848	0	AnneMcLaren	
404	0:06:32	1/1/2019 	344624	655.00	10.00	14.84	20.85	102491.28	49824	0	AnneMcLaren	
405	0:06:33	1/1/2019 	346097	695.00	11.00	15.30	20.85	102490.92	49825	0	AnneMcLaren	
406	0:06:34	1/1/2019 	346395	146.00	8.00	7.90	20.85	102490.75	1852	0	AnneMcLaren	
407	0:06:36	1/1/2019 	348877	98.00	8.00	6.54	20.85	102490.69	147733	0	AnneMcLaren	
408	0:06:39	1/1/2019 	351835	140.00	8.00	7.73	20.84	102491.00	145779	0	AnneMcLaren	
409	0:06:41	1/1/2019 	353456	84.00	8.00	6.21	20.84	102491.12	50569	0	AnneMcLaren	
410	0:06:41	1/1/2019 	354076	621.00	9.00	14.28	20.84	102491.28	49825	0	AnneMcLaren	
411	0:06:42	1/1/2019 	354657	582.00	9.00	13.79	20.84	102491.45	49827	1	AnneMcLaren	
412	0:06:42	1/1/2019 	354831	981.00	531.00	91.25	20.84	102491.23	1851	0	AnneMcLaren	
413	0:06:43	1/1/2019 	355986	112.00	8.00	6.92	20.84	102491.23	51927	0	AnneMcLaren	
414	0:06:44	1/1/2019 	357116	560.00	9.00	13.52	20.84	102491.70	49825	0	AnneMcLaren	
415	0:06:46	1/1/2019 	358394	728.00	15.00	16.69	20.84	102492.22	49826	0	AnneMcLaren	
416	0:06:46	1/1/2019 	358756	121.00	8.00	7.18	20.83	102492.02	49826	0	AnneMcLaren	
417	0:06:47	1/1/2019 	359652	62.00	8.00	5.90	20.83	102492.71	49823	0	AnneMcLaren	
418	0:06:48	1/1/2019 	360188	143.00	8.00	7.82	20.83	102492.88	2591	0	AnneMcLaren	
419	0:06:48	1/1/2019 	360473	66.00	8.00	5.93	20.83	102492.88	3948	0	AnneMcLaren	
420	0:06:49	1/1/2019 	361680	548.00	9.00	13.38	20.83	102493.00	97798	1	AnneMcLaren	
421	0:06:49	1/1/2019 	362055	554.00	9.00	13.45	20.83	102493.00	1852	0	AnneMcLaren	
422	0:06:52	1/1/2019 	364808	213.00	8.00	9.58	20.83	102492.73	145778	0	AnneMcLaren	
423	0:06:52	1/1/2019 	364907	704.00	12.00	15.66	20.83	102492.91	1849	0	AnneMcLaren	
424	0:06:52	1/1/2019 	365043	70.00	8.00	5.98	20.83	102492.91	1848	0	AnneMcLaren	
425	0:06:54	1/1/2019 	366564	71.00	8.00	5.99	20.82	102492.53	99761	0	AnneMcLaren	
426	0:06:54	1/1/2019 	366979	940.00	142.00	37.97	20.82	102492.53	1848	0	AnneMcLaren	
427	0:06:59	1/1/2019 	371735	61.00	8.00	5.90	20.82	102492.09	241726	0	AnneMcLaren	
428	0:06:59	1/1/2019 	371922	75.00	8.00	6.05	20.82	102492.09	2591	0	AnneMcLaren	
429	0:07:00	1/1/2019 	372982	69.00	9.00	5.97	20.82	102491.69	49822	0	AnneMcLaren	
430	0:07:01	1/1/2019 	373708	968.00	450.00	80.96	20.82	102491.69	49825	0	AnneMcLaren	
431	0:07:02	1/1/2019 	374272	86.00	8.00	6.26	20.81	102491.16	3979	0	AnneMcLaren	
432	0:07:02	1/1/2019 	374418	87.00	8.00	6.28	20.81	102491.16	1848	0	AnneMcLaren	
433	0:07:03	1/1/2019 	375191	123.00	8.00	7.24	20.81	102491.16	49822	0	AnneMcLaren	
434	0:07:03	1/1/2019 	375946	69.00	8.00	5.97	20.81	102490.76	49824	0	AnneMcLaren	
435	0:07:04	1/1/2019 	376723	84.00	8.00	6.21	20.81	102490.92	49822	0	AnneMcLaren	
436	0:07:05	1/1/2019 	377356	160.00	8.00	8.30	20.81	102490.70	1848	0	AnneMcLaren	
437	0:07:07	1/1/2019 	379160	108.00	8.00	6.81	20.81	102491.05	99761	0	AnneMcLaren	
438	0:07:07	1/1/2019 	379376	918.00	110.00	31.96	20.81	102491.23	1848	0	AnneMcLaren	
439	0:07:09	1/1/2019 	381714	98.00	8.00	6.54	20.80	102491.30	145781	0	AnneMcLaren	
440	0:07:10	1/1/2019 	382475	326.00	9.00	11.43	20.80	102491.08	2594	0	AnneMcLaren	
441	0:07:11	1/1/2019 	383929	65.00	8.00	5.92	20.80	102491.22	97804	0	AnneMcLaren	
442	0:07:12	1/1/2019 	384584	969.00	358.00	67.32	20.79	102491.00	49827	0	AnneMcLaren	
443	0:07:12	1/1/2019 	384681	835.00	55.00	23.07	20.79	102491.17	3953	0	AnneMcLaren	
444	0:07:12	1/1/2019 	384889	645.00	9.00	14.49	20.79	102491.17	1850	0	AnneMcLaren	
445	0:07:13	1/1/2019 	386098	560.00	9.00	13.52	20.79	102491.12	49828	1	AnneMcLaren	
446	0:07:14	1/1/2019 	386834	109.00	8.00	6.84	20.79	102491.06	49831	0	AnneMcLaren	
447	0:07:16	1/1/2019 	388715	532.00	8.00	13.10	20.78	102490.30	97801	1	AnneMcLaren	
448	0:07:19	1/1/2019 	391841	70.00	8.00	5.98	20.78	102488.98	145778	0	AnneMcLaren	
449	0:07:19	1/1/2019 	392027	123.00	8.00	7.24	20.78	102488.98	4698	0	AnneMcLaren	
450	0:07:20	1/1/2019 	392613	206.00	8.00	9.43	20.78	102488.98	49823	0	AnneMcLaren	
451	0:07:20	1/1/2019 	392967	102.00	9.00	6.65	20.77	102488.58	1850	0	AnneMcLaren	
452	0:07:22	1/1/2019 	394398	72.00	8.00	6.00	20.77	102488.36	49824	0	AnneMcLaren	
453	0:07:23	1/1/2019 	395809	104.00	8.00	6.70	20.77	102488.16	97800	0	AnneMcLaren	
454	0:07:23	1/1/2019 	396103	67.00	8.00	5.94	20.77	102488.16	1848	0	AnneMcLaren	
455	0:07:26	1/1/2019 	398650	81.00	8.00	6.15	20.77	102488.09	147740	0	AnneMcLaren	
456	0:07:26	1/1/2019 	398777	974.00	392.00	73.10	20.77	102488.09	1849	0	AnneMcLaren	
457	0:07:26	1/1/2019 	398941	176.00	8.00	8.72	20.77	102488.09	1850	0	AnneMcLaren	
458	0:07:27	1/1/2019 	399624	695.00	12.00	15.65	20.76	102487.87	49826	0	AnneMcLaren	
459	0:07:28	1/1/2019 	400156	84.00	8.00	6.21	20.76	102487.87	2593	0	AnneMcLaren	
460	0:07:29	1/1/2019 	401846	686.00	11.00	15.29	20.76	102487.28	97802	0	AnneMcLaren	
461	0:07:30	1/1/2019 	403030	896.00	99.00	29.79	20.76	102486.88	51930	0	AnneMcLaren	
462	0:07:33	1/1/2019 	405188	62.00	8.00	5.90	20.75	102486.64	97808	0	AnneMcLaren	
463	0:07:33	1/1/2019 	405290	174.00	9.00	8.68	20.75	102486.64	1848	0	AnneMcLaren	
464	0:07:33	1/1/2019 	405310	724.00	14.00	16.36	20.75	102486.64	1850	0	AnneMcLaren	
465	0:07:33	1/1/2019 	405763	470.00	9.00	12.70	20.75	102486.80	49827	0	AnneMcLaren	
466	0:07:33	1/1/2019 	406035	971.00	320.00	60.46	20.75	102486.80	1850	0	AnneMcLaren	
467	0:07:34	1/1/2019 	406951	440.00	9.00	12.49	20.75	102486.92	51789	0	AnneMcLaren	
468	0:07:36	1/1/2019 	408147	134.00	8.00	7.56	20.75	102487.10	49827	0	AnneMcLaren	
469	0:07:36	1/1/2019 	408332	864.00	69.00	24.76	20.75	102486.88	1852	0	AnneMcLaren	
470	0:07:37	1/1/2019 	409284	116.00	9.00	7.04	20.75	102487.39	49830	0	AnneMcLaren	
471	0:07:37	1/1/2019 	409323	301.00	9.00	11.11	20.75	102487.39	1851	0	AnneMcLaren	
472	0:07:37	1/1/2019 	410103	609.00	9.00	14.14	20.74	102487.17	49825	0	AnneMcLaren	
473	0:07:38	1/1/2019 	411015	63.00	8.00	5.91	20.74	102487.34	50566	0	AnneMcLaren	
474	0:07:40	1/1/2019 	412314	314.00	9.00	11.28	20.74	102487.31	51922	0	AnneMcLaren	
475	0:07:40	1/1/2019 	413106	105.00	8.00	6.73	20.74	102487.09	49826	0	AnneMcLaren	
476	0:07:41	1/1/2019 	413194	76.00	8.00	6.07	20.74	102487.09	1847	0	AnneMcLaren	
477	0:07:42	1/1/2019 	415082	945.00	145.00	38.48	20.74	102487.27	97802	0	AnneMcLaren	
478	0:07:43	1/1/2019 	416133	72.00	8.00	6.00	20.74	102486.88	49830	0	AnneMcLaren	
479	0:07:44	1/1/2019 	416171	378.00	9.00	11.99	20.74	102486.88	1856	0	AnneMcLaren	
480	0:07:44	1/1/2019 	416672	66.00	8.00	5.93	20.74	102487.04	51793	0	AnneMcLaren	
481	0:07:45	1/1/2019 	417335	69.00	9.00	5.97	20.73	102486.67	1847	0	AnneMcLaren	
482	0:07:46	1/1/2019 	418926	84.00	8.00	6.21	20.73	102486.62	97804	0	AnneMcLaren	
483	0:07:48	1/1/2019 	421045	671.00	10.00	14.92	20.73	102486.77	97808	0	AnneMcLaren	
484	0:07:52	1/1/2019 	424205	156.00	9.00	8.19	20.73	102487.41	146523	0	AnneMcLaren	
485	0:07:52	1/1/2019 	424934	261.00	9.00	10.50	20.72	102487.22	49825	0	AnneMcLaren	
486	0:07:52	1/1/2019 	424944	60.00	8.00	5.89	20.72	102487.22	3950	0	AnneMcLaren	
487	0:07:52	1/1/2019 	425100	608.00	9.00	14.12	20.72	102487.22	1847	0	AnneMcLaren	
488	0:07:54	1/1/2019 	426288	121.00	8.00	7.18	20.72	102487.22	49826	0	AnneMcLaren	
489	0:07:55	1/1/2019 	427927	71.00	8.00	5.99	20.72	102487.16	97798	0	AnneMcLaren	
490	0:07:56	1/1/2019 	428899	662.00	10.00	14.88	20.72	102487.11	49825	0	AnneMcLaren	
491	0:07:56	1/1/2019 	428947	67.00	8.00	5.94	20.72	102487.11	1850	0	AnneMcLaren	
492	0:07:56	1/1/2019 	429071	962.00	194.00	44.84	20.72	102487.28	3811	0	AnneMcLaren	
493	0:07:58	1/1/2019 	430798	584.00	8.00	13.65	20.72	102487.11	97802	1	AnneMcLaren	
494	0:08:02	1/1/2019 	434628	179.00	8.00	8.80	20.71	102486.52	194492	0	AnneMcLaren	
495	0:08:04	1/1/2019 	436851	61.00	8.00	5.90	20.71	102486.47	97798	0	AnneMcLaren	
496	0:08:06	1/1/2019 	438640	92.00	8.00	6.39	20.71	102486.47	97798	0	AnneMcLaren	
497	0:08:06	1/1/2019 	438674	306.00	9.00	11.17	20.71	102486.47	1849	0	AnneMcLaren	
498	0:08:06	1/1/2019 	439095	346.00	8.00	11.62	20.71	102486.08	3951	0	AnneMcLaren	
499	0:08:08	1/1/2019 	441098	102.00	8.00	6.65	20.71	102486.25	97798	0	AnneMcLaren	
500	0:08:09	1/1/2019 	441878	100.00	8.00	6.59	20.71	102486.25	50566	0	AnneMcLaren	
501	0:08:11	1/1/2019 	443630	108.00	8.00	6.81	20.71	102486.02	97798	0	AnneMcLaren	
502	0:08:11	1/1/2019 	443715	127.00	8.00	7.35	20.71	102486.02	1848	0	AnneMcLaren	
503	0:08:11	1/1/2019 	443809	138.00	8.00	7.67	20.71	102486.02	1848	0	AnneMcLaren	
504	0:08:12	1/1/2019 	444549	217.00	9.00	9.68	20.71	102486.02	51923	0	AnneMcLaren	
505	0:08:12	1/1/2019 	444856	645.00	9.00	14.49	20.71	102486.02	1851	0	AnneMcLaren	
506	0:08:13	1/1/2019 	445401	182.00	8.00	8.87	20.71	102486.20	1849	0	AnneMcLaren	
507	0:08:14	1/1/2019 	446259	132.00	8.00	7.50	20.70	102485.66	49823	0	AnneMcLaren	
508	0:08:14	1/1/2019 	446431	130.00	8.00	7.44	20.70	102485.66	1850	0	AnneMcLaren	
509	0:08:14	1/1/2019 	446784	114.00	8.00	6.98	20.70	102485.83	49821	0	AnneMcLaren	
510	0:08:14	1/1/2019 	446927	818.00	43.00	21.84	20.70	102485.83	3837	0	AnneMcLaren	
511	0:08:15	1/1/2019 	447301	79.00	8.00	6.12	20.70	102485.83	1850	0	AnneMcLaren	
512	0:08:16	1/1/2019 	448807	72.00	8.00	6.00	20.70	102486.17	97801	0	AnneMcLaren	
513	0:08:18	1/1/2019 	450207	766.00	23.00	18.89	20.70	102486.12	49827	0	AnneMcLaren	
514	0:08:18	1/1/2019 	450648	63.00	8.00	5.91	20.70	102486.12	50576	0	AnneMcLaren	
515	0:08:20	1/1/2019 	452171	68.00	8.00	5.95	20.70	102486.64	49827	0	AnneMcLaren	
516	0:08:21	1/1/2019 	453402	875.00	78.00	26.08	20.70	102486.07	51923	0	AnneMcLaren	
517	0:08:23	1/1/2019 	455196	458.00	9.00	12.62	20.70	102486.41	97802	0	AnneMcLaren	
518	0:08:23	1/1/2019 	455992	905.00	112.00	32.33	20.70	102486.41	49826	0	AnneMcLaren	
519	0:08:24	1/1/2019 	456784	125.00	8.00	7.29	20.70	102486.41	49826	0	AnneMcLaren	
520	0:08:25	1/1/2019 	457953	116.00	8.00	7.03	20.70	102486.39	49823	0	AnneMcLaren	
521	0:08:26	1/1/2019 	458196	81.00	8.00	6.15	20.70	102486.39	1848	0	AnneMcLaren	
522	0:08:27	1/1/2019 	459304	851.00	56.00	23.20	20.70	102486.39	51787	0	AnneMcLaren	
523	0:08:27	1/1/2019 	459970	592.00	9.00	13.92	20.70	102486.22	49829	0	AnneMcLaren	
524	0:08:28	1/1/2019 	460954	319.00	9.00	11.34	20.70	102486.39	50570	0	AnneMcLaren	
525	0:08:29	1/1/2019 	461743	656.00	9.00	14.55	20.69	102486.17	49826	0	AnneMcLaren	
526	0:08:29	1/1/2019 	462132	109.00	8.00	6.84	20.69	102486.17	1850	0	AnneMcLaren	
527	0:08:30	1/1/2019 	462757	84.00	8.00	6.21	20.69	102486.34	49825	0	AnneMcLaren	
528	0:08:31	1/1/2019 	463494	185.00	8.00	8.95	20.69	102486.34	3948	0	AnneMcLaren	
529	0:08:31	1/1/2019 	463957	194.00	9.00	9.17	20.69	102486.34	49827	0	AnneMcLaren	
530	0:08:31	1/1/2019 	464016	77.00	8.00	6.08	20.69	102486.34	1849	1	AnneMcLaren	
531	0:08:33	1/1/2019 	465947	72.00	8.00	6.00	20.69	102486.29	97798	0	AnneMcLaren	
532	0:08:33	1/1/2019 	466089	931.00	134.00	36.56	20.69	102486.29	1847	0	AnneMcLaren	
533	0:08:34	1/1/2019 	466795	128.00	8.00	7.38	20.69	102486.29	49825	0	AnneMcLaren	
534	0:08:34	1/1/2019 	467097	892.00	85.00	27.26	20.69	102486.12	1847	0	AnneMcLaren	
535	0:08:34	1/1/2019 	467126	383.00	9.00	12.04	20.69	102486.12	3814	0	AnneMcLaren	
536	0:08:35	1/1/2019 	467315	439.00	9.00	12.48	20.69	102486.12	1850	0	AnneMcLaren	
537	0:08:35	1/1/2019 	467735	153.00	8.00	8.10	20.69	102486.29	49826	0	AnneMcLaren	
538	0:08:35	1/1/2019 	468051	257.00	9.00	10.43	20.69	102486.29	1847	0	AnneMcLaren	
539	0:08:36	1/1/2019 	468356	81.00	8.00	6.15	20.69	102486.29	1850	0	AnneMcLaren	
540	0:08:36	1/1/2019 	468615	112.00	8.00	6.92	20.69	102486.29	49822	0	AnneMcLaren	
541	0:08:37	1/1/2019 	469332	449.00	9.00	12.55	20.69	102485.92	3837	0	AnneMcLaren	
542	0:08:37	1/1/2019 	469931	264.00	9.00	10.55	20.69	102485.75	49827	0	AnneMcLaren	
543	0:08:37	1/1/2019 	470008	154.00	9.00	8.13	20.69	102485.75	2593	0	AnneMcLaren	
544	0:08:38	1/1/2019 	470856	128.00	8.00	7.38	20.69	102485.75	49825	0	AnneMcLaren	
545	0:08:39	1/1/2019 	471153	215.00	8.00	9.63	20.69	102485.75	1848	0	AnneMcLaren	
546	0:08:39	1/1/2019 	471825	139.00	8.00	7.70	20.69	102485.75	49824	0	AnneMcLaren	
547	0:08:40	1/1/2019 	472938	113.00	8.00	6.95	20.69	102485.75	51923	0	AnneMcLaren	
548	0:08:41	1/1/2019 	473171	99.00	9.00	6.57	20.69	102485.75	1848	0	AnneMcLaren	
549	0:08:41	1/1/2019 	473970	96.00	8.00	6.49	20.69	102485.58	49826	0	AnneMcLaren	
550	0:08:42	1/1/2019 	474201	285.00	8.00	10.85	20.69	102485.75	1847	0	AnneMcLaren	
551	0:08:42	1/1/2019 	474707	351.00	9.00	11.72	20.69	102485.22	49824	0	AnneMcLaren	
552	0:08:45	1/1/2019 	477277	186.00	8.00	8.97	20.69	102485.73	97801	0	AnneMcLaren	
553	0:08:47	1/1/2019 	479231	127.00	8.00	7.35	20.68	102485.67	99762	0	AnneMcLaren	
554	0:08:48	1/1/2019 	481062	134.00	8.00	7.56	20.68	102485.34	97801	0	AnneMcLaren	
555	0:08:50	1/1/2019 	482654	98.00	8.00	6.54	20.68	102485.16	98543	0	AnneMcLaren	
556	0:08:50	1/1/2019 	482709	889.00	90.00	28.11	20.68	102485.16	1849	0	AnneMcLaren	
557	0:08:50	1/1/2019 	482934	634.00	9.00	14.40	20.68	102485.16	1849	0	AnneMcLaren	
558	0:08:51	1/1/2019 	483205	913.00	106.00	31.18	20.68	102484.59	1849	0	AnneMcLaren	
559	0:08:51	1/1/2019 	483685	93.00	8.00	6.42	20.68	102484.59	51926	0	AnneMcLaren	
560	0:08:53	1/1/2019 	485410	212.00	8.00	9.56	20.68	102484.42	49821	0	AnneMcLaren	
561	0:08:53	1/1/2019 	486045	90.00	8.00	6.35	20.68	102484.25	49822	0	AnneMcLaren	
562	0:08:54	1/1/2019 	486170	69.00	8.00	5.97	20.68	102484.25	1847	0	AnneMcLaren	
563	0:08:54	1/1/2019 	486463	394.00	9.00	12.13	20.68	102484.25	1847	0	AnneMcLaren	
564	0:08:54	1/1/2019 	487136	610.00	9.00	14.15	20.68	102484.42	49824	1	AnneMcLaren	
565	0:08:56	1/1/2019 	488176	683.00	11.00	15.28	20.68	102484.59	51787	0	AnneMcLaren	
566	0:08:56	1/1/2019 	488211	595.00	9.00	13.96	20.68	102484.59	1851	1	AnneMcLaren	
567	0:08:58	1/1/2019 	490434	62.00	8.00	5.90	20.68	102484.20	97803	0	AnneMcLaren	
568	0:08:59	1/1/2019 	492065	253.00	8.00	10.34	20.68	102484.20	98542	0	AnneMcLaren	
569	0:09:00	1/1/2019 	492313	532.00	9.00	13.21	20.68	102484.20	1849	0	AnneMcLaren	
570	0:09:01	1/1/2019 	493810	224.00	8.00	9.81	20.68	102484.54	97799	0	AnneMcLaren	
571	0:09:02	1/1/2019 	494720	76.00	8.00	6.07	20.68	102484.00	51922	0	AnneMcLaren	
572	0:09:03	1/1/2019 	495261	658.00	10.00	14.86	20.68	102484.17	1848	0	AnneMcLaren	
573	0:09:03	1/1/2019 	495580	63.00	8.00	5.91	20.68	102484.52	49826	0	AnneMcLaren	
574	0:09:05	1/1/2019 	497301	419.00	9.00	12.33	20.68	102485.03	49822	1	AnneMcLaren	
575	0:09:06	1/1/2019 	498930	963.00	274.00	53.18	20.68	102484.86	97802	0	AnneMcLaren	
576	0:09:08	1/1/2019 	500946	326.00	8.00	11.39	20.67	102485.16	97805	0	AnneMcLaren	
577	0:09:11	1/1/2019 	503667	449.00	9.00	12.55	20.67	102484.77	148641	1	AnneMcLaren	
578	0:09:12	1/1/2019 	504236	587.00	9.00	13.86	20.67	102484.77	1850	0	AnneMcLaren	
579	0:09:12	1/1/2019 	504717	574.00	9.00	13.69	20.67	102484.93	49828	0	AnneMcLaren	
580	0:09:13	1/1/2019 	505639	123.00	8.00	7.24	20.67	102485.11	49827	0	AnneMcLaren	
581	0:09:13	1/1/2019 	505825	81.00	8.00	6.15	20.67	102485.11	1848	0	AnneMcLaren	
582	0:09:14	1/1/2019 	506763	96.00	8.00	6.49	20.67	102484.53	49825	0	AnneMcLaren	
583	0:09:14	1/1/2019 	506804	130.00	8.00	7.44	20.67	102484.53	3810	0	AnneMcLaren	
584	0:09:15	1/1/2019 	507443	135.00	9.00	7.59	20.67	102484.53	1848	0	AnneMcLaren	
585	0:09:15	1/1/2019 	507764	463.00	8.00	12.57	20.67	102484.53	49825	0	AnneMcLaren	
586	0:09:15	1/1/2019 	507890	440.00	9.00	12.49	20.67	102484.53	1847	0	AnneMcLaren	
587	0:09:16	1/1/2019 	508311	363.00	9.00	11.84	20.67	102484.53	1850	0	AnneMcLaren	
588	0:09:16	1/1/2019 	509026	175.00	8.00	8.69	20.67	102484.36	49828	0	AnneMcLaren	
589	0:09:17	1/1/2019 	509360	879.00	77.00	25.94	20.67	102484.20	3810	0	AnneMcLaren	
590	0:09:17	1/1/2019 	509958	124.00	8.00	7.27	20.67	102483.83	49830	0	AnneMcLaren	
591	0:09:18	1/1/2019 	510308	111.00	8.00	6.89	20.67	102483.83	2785	0	AnneMcLaren	
592	0:09:19	1/1/2019 	511288	557.00	8.00	13.35	20.67	102484.00	49824	0	AnneMcLaren	
593	0:09:19	1/1/2019 	511746	386.00	9.00	12.06	20.67	102484.00	49825	0	AnneMcLaren	
594	0:09:20	1/1/2019 	512143	346.00	9.00	11.66	20.67	102484.00	1850	1	AnneMcLaren	
595	0:09:20	1/1/2019 	512256	73.00	8.00	6.02	20.67	102484.00	3971	0	AnneMcLaren	
596	0:09:23	1/1/2019 	515465	903.00	99.00	29.81	20.66	102482.86	145775	0	AnneMcLaren	
597	0:09:23	1/1/2019 	515977	614.00	9.00	14.20	20.66	102482.86	49828	0	AnneMcLaren	
598	0:09:24	1/1/2019 	516614	929.00	130.00	35.83	20.66	102482.69	49824	0	AnneMcLaren	
599	0:09:24	1/1/2019 	517053	64.00	8.00	5.92	20.66	102482.16	1851	0	AnneMcLaren	
600	0:09:25	1/1/2019 	517724	87.00	8.00	6.28	20.66	102482.16	49820	0	AnneMcLaren	
601	0:09:25	1/1/2019 	517812	104.00	9.00	6.70	20.66	102482.16	1847	0	AnneMcLaren	
602	0:09:26	1/1/2019 	518413	967.00	271.00	52.78	20.66	102482.16	3832	0	AnneMcLaren	
603	0:09:26	1/1/2019 	519014	65.00	8.00	5.92	20.66	102481.81	49827	0	AnneMcLaren	
604	0:09:27	1/1/2019 	519157	67.00	8.00	5.94	20.66	102481.81	1846	0	AnneMcLaren	
605	0:09:27	1/1/2019 	519226	88.00	8.00	6.30	20.66	102481.81	1848	0	AnneMcLaren	
606	0:09:27	1/1/2019 	519280	349.00	8.00	11.65	20.66	102481.81	1847	0	AnneMcLaren	
607	0:09:27	1/1/2019 	519300	556.00	9.00	13.47	20.66	102481.81	1847	0	AnneMcLaren	
608	0:09:27	1/1/2019 	519825	513.00	9.00	13.03	20.66	102481.23	51807	0	AnneMcLaren	
609	0:09:28	1/1/2019 	520958	266.00	9.00	10.58	20.66	102481.23	50762	0	AnneMcLaren	
610	0:09:29	1/1/2019 	521966	96.00	8.00	6.49	20.65	102480.84	49827	0	AnneMcLaren	
611	0:09:31	1/1/2019 	523266	275.00	9.00	10.73	20.65	102480.67	49824	1	AnneMcLaren	
612	0:09:31	1/1/2019 	523778	138.00	9.00	7.68	20.65	102480.11	49827	0	AnneMcLaren	
613	0:09:32	1/1/2019 	524652	886.00	82.00	26.74	20.65	102480.11	49824	0	AnneMcLaren	
614	0:09:33	1/1/2019 	525414	263.00	9.00	10.53	20.65	102480.11	3972	0	AnneMcLaren	
615	0:09:33	1/1/2019 	525716	118.00	8.00	7.09	20.65	102480.11	49826	0	AnneMcLaren	
616	0:09:33	1/1/2019 	525791	86.00	8.00	6.26	20.65	102480.11	1847	0	AnneMcLaren	
617	0:09:34	1/1/2019 	526601	333.00	9.00	11.51	20.65	102479.59	49821	0	AnneMcLaren	
618	0:09:34	1/1/2019 	526610	196.00	8.00	9.21	20.65	102479.59	1851	0	AnneMcLaren	
619	0:09:36	1/1/2019 	528618	787.00	26.00	19.53	20.65	102479.94	97800	0	AnneMcLaren	
620	0:09:37	1/1/2019 	529233	690.00	11.00	15.30	20.65	102479.72	3835	0	AnneMcLaren	
621	0:09:37	1/1/2019 	529611	64.00	8.00	5.92	20.65	102479.72	49828	0	AnneMcLaren	
622	0:09:37	1/1/2019 	529767	64.00	8.00	5.92	20.65	102479.89	2783	0	AnneMcLaren	
623	0:09:37	1/1/2019 	530111	663.00	10.00	14.89	20.65	102479.89	1846	0	AnneMcLaren	
624	0:09:38	1/1/2019 	530314	455.00	9.00	12.59	20.65	102479.89	1850	0	AnneMcLaren	
625	0:09:38	1/1/2019 	530553	414.00	9.00	12.30	20.65	102479.89	49827	0	AnneMcLaren	
626	0:09:39	1/1/2019 	531796	61.00	8.00	5.90	20.65	102479.89	51923	0	AnneMcLaren	
627	0:09:39	1/1/2019 	532116	65.00	8.00	5.92	20.65	102479.89	1849	0	AnneMcLaren	
628	0:09:40	1/1/2019 	532756	148.00	9.00	7.97	20.65	102479.89	49824	0	AnneMcLaren	
629	0:09:40	1/1/2019 	532800	456.00	9.00	12.60	20.65	102479.89	1850	0	AnneMcLaren	
630	0:09:41	1/1/2019 	533155	186.00	8.00	8.97	20.64	102479.49	1851	0	AnneMcLaren	
631	0:09:41	1/1/2019 	533658	135.00	8.00	7.59	20.64	102479.67	49826	0	AnneMcLaren	
632	0:09:41	1/1/2019 	534111	123.00	8.00	7.24	20.64	102479.67	3806	0	AnneMcLaren	
633	0:09:42	1/1/2019 	534288	777.00	25.00	19.32	20.64	102479.67	1848	0	AnneMcLaren	
634	0:09:42	1/1/2019 	534617	688.00	11.00	15.29	20.64	102479.84	49826	0	AnneMcLaren	
635	0:09:43	1/1/2019 	535857	228.00	8.00	9.89	20.64	102480.01	49827	0	AnneMcLaren	
636	0:09:43	1/1/2019 	535939	144.00	9.00	7.85	20.64	102480.01	1848	0	AnneMcLaren	
637	0:09:46	1/1/2019 	538451	835.00	50.00	22.56	20.64	102479.95	97803	1	AnneMcLaren	
638	0:09:46	1/1/2019 	538626	77.00	8.00	6.08	20.64	102479.95	51789	0	AnneMcLaren	
639	0:09:48	1/1/2019 	540704	491.00	9.00	12.86	20.64	102479.94	97798	0	AnneMcLaren	
640	0:09:49	1/1/2019 	542077	122.00	8.00	7.21	20.64	102479.77	50765	0	AnneMcLaren	
641	0:09:50	1/1/2019 	542949	603.00	9.00	14.06	20.64	102479.77	49825	0	AnneMcLaren	
642	0:09:50	1/1/2019 	543088	800.00	32.00	20.52	20.64	102479.59	1851	0	AnneMcLaren	
643	0:09:51	1/1/2019 	543586	94.00	8.00	6.44	20.64	102479.59	49823	0	AnneMcLaren	
644	0:09:52	1/1/2019 	544186	204.00	9.00	9.40	20.64	102479.59	3949	0	AnneMcLaren	
645	0:09:52	1/1/2019 	544482	207.00	8.00	9.45	20.64	102479.59	1850	0	AnneMcLaren	
646	0:09:52	1/1/2019 	545021	186.00	8.00	8.97	20.64	102479.59	49823	0	AnneMcLaren	
647	0:09:53	1/1/2019 	545828	424.00	9.00	12.37	20.64	102479.02	49822	0	AnneMcLaren	
648	0:09:54	1/1/2019 	546550	133.00	8.00	7.53	20.64	102479.20	49825	0	AnneMcLaren	
649	0:09:55	1/1/2019 	547736	311.00	8.00	11.20	20.64	102479.20	49822	0	AnneMcLaren	
650	0:09:55	1/1/2019 	547825	190.00	8.00	9.07	20.64	102479.20	3810	0	AnneMcLaren	
651	0:09:55	1/1/2019 	547849	705.00	12.00	15.66	20.64	102479.02	1848	1	AnneMcLaren	
652	0:09:56	1/1/2019 	548229	85.00	9.00	6.24	20.64	102479.02	1848	0	AnneMcLaren	
653	0:09:56	1/1/2019 	548381	416.00	9.00	12.31	20.64	102479.02	1850	0	AnneMcLaren	
654	0:09:56	1/1/2019 	548466	118.00	8.00	7.09	20.64	102479.02	1849	0	AnneMcLaren	
655	0:09:56	1/1/2019 	548795	127.00	8.00	7.35	20.64	102479.02	49824	0	AnneMcLaren	
656	0:09:56	1/1/2019 	549135	257.00	8.00	10.41	20.64	102479.20	3810	0	AnneMcLaren	
657	0:09:58	1/1/2019 	550367	620.00	9.00	14.26	20.63	102478.97	49823	0	AnneMcLaren	
658	0:10:00	1/1/2019 	552548	187.00	8.00	8.99	20.63	102479.14	146712	0	AnneMcLaren	
659	0:10:00	1/1/2019 	553000	963.00	161.00	40.94	20.63	102479.14	2081	0	AnneMcLaren	
660	0:10:02	1/1/2019 	554384	686.00	10.00	14.94	20.63	102478.97	49824	0	AnneMcLaren	
661	0:10:02	1/1/2019 	554794	138.00	8.00	7.67	20.63	102478.97	49826	0	AnneMcLaren	
662	0:10:03	1/1/2019 	555237	156.00	8.00	8.19	20.63	102478.97	3947	0	AnneMcLaren	
663	0:10:03	1/1/2019 	555432	66.00	8.00	5.93	20.63	102478.41	1848	0	AnneMcLaren	
664	0:10:03	1/1/2019 	555810	77.00	8.00	6.08	20.63	102478.41	49822	0	AnneMcLaren	
665	0:10:04	1/1/2019 	556373	149.00	8.00	7.99	20.63	102478.41	1847	0	AnneMcLaren	
666	0:10:04	1/1/2019 	556658	89.00	8.00	6.32	20.63	102478.41	49824	0	AnneMcLaren	
667	0:10:04	1/1/2019 	556910	380.00	9.00	12.01	20.63	102478.41	1847	0	AnneMcLaren	
668	0:10:04	1/1/2019 	556941	536.00	9.00	13.25	20.63	102478.41	1850	0	AnneMcLaren	
669	0:10:05	1/1/2019 	557186	87.00	8.00	6.28	20.63	102478.41	3812	0	AnneMcLaren	
670	0:10:05	1/1/2019 	557300	121.00	8.00	7.18	20.63	102478.41	1847	0	AnneMcLaren	
671	0:10:06	1/1/2019 	559032	62.00	8.00	5.90	20.63	102478.23	97796	0	AnneMcLaren	
672	0:10:07	1/1/2019 	559187	158.00	8.00	8.24	20.63	102478.23	1848	0	AnneMcLaren	
673	0:10:08	1/1/2019 	560709	67.00	8.00	5.94	20.63	102478.21	97802	0	AnneMcLaren	
674	0:10:09	1/1/2019 	562016	626.00	9.00	14.33	20.63	102478.21	50762	0	AnneMcLaren	
675	0:10:10	1/1/2019 	562176	73.00	8.00	6.02	20.63	102478.21	3950	0	AnneMcLaren	
676	0:10:10	1/1/2019 	562376	676.00	10.00	14.93	20.63	102478.38	1851	0	AnneMcLaren	
677	0:10:10	1/1/2019 	562753	451.00	9.00	12.57	20.63	102478.38	49833	0	AnneMcLaren	
678	0:10:11	1/1/2019 	563769	550.00	9.00	13.40	20.63	102478.21	49831	0	AnneMcLaren	
679	0:10:13	1/1/2019 	565629	107.00	8.00	6.78	20.63	102478.16	97802	0	AnneMcLaren	
680	0:10:14	1/1/2019 	566345	966.00	269.00	52.52	20.63	102478.33	1849	1	AnneMcLaren	
681	0:10:14	1/1/2019 	566358	647.00	10.00	14.78	20.63	102478.33	3814	0	AnneMcLaren	
682	0:10:15	1/1/2019 	567145	253.00	8.00	10.34	20.63	102478.33	49826	0	AnneMcLaren	
683	0:10:15	1/1/2019 	567272	652.00	10.00	14.82	20.63	102478.33	1849	0	AnneMcLaren	
684	0:10:15	1/1/2019 	567575	174.00	8.00	8.67	20.63	102478.33	49825	0	AnneMcLaren	
685	0:10:15	1/1/2019 	567632	86.00	9.00	6.26	20.63	102478.33	1847	0	AnneMcLaren	
686	0:10:15	1/1/2019 	567827	302.00	8.00	11.09	20.63	102478.50	1849	0	AnneMcLaren	
687	0:10:16	1/1/2019 	568161	89.00	8.00	6.32	20.63	102478.50	3810	0	AnneMcLaren	
688	0:10:17	1/1/2019 	569311	88.00	8.00	6.30	20.63	102478.67	49824	0	AnneMcLaren	
689	0:10:18	1/1/2019 	570248	949.00	147.00	38.81	20.63	102478.67	49825	0	AnneMcLaren	
690	0:10:18	1/1/2019 	570717	110.00	8.00	6.86	20.62	102478.45	50766	0	AnneMcLaren	
691	0:10:19	1/1/2019 	572136	412.00	9.00	12.28	20.62	102478.62	49826	0	AnneMcLaren	
692	0:10:21	1/1/2019 	573369	216.00	8.00	9.65	20.62	102478.80	49831	0	AnneMcLaren	
693	0:10:22	1/1/2019 	574357	184.00	9.00	8.93	20.62	102478.80	51924	0	AnneMcLaren	
694	0:10:23	1/1/2019 	575290	780.00	27.00	19.70	20.62	102478.62	49828	0	AnneMcLaren	
695	0:10:24	1/1/2019 	576576	325.00	8.00	11.38	20.62	102478.43	97809	0	AnneMcLaren	
696	0:10:25	1/1/2019 	577252	196.00	8.00	9.21	20.62	102478.59	1848	0	AnneMcLaren	
697	0:10:25	1/1/2019 	577495	521.00	9.00	13.11	20.62	102478.25	1848	0	AnneMcLaren	
698	0:10:25	1/1/2019 	577749	152.00	8.00	8.07	20.62	102478.25	49823	0	AnneMcLaren	
699	0:10:26	1/1/2019 	578776	737.00	17.00	17.31	20.62	102478.25	51786	0	AnneMcLaren	
700	0:10:28	1/1/2019 	580964	70.00	8.00	5.98	20.62	102478.38	97804	0	AnneMcLaren	
701	0:10:29	1/1/2019 	581755	963.00	254.00	50.70	20.62	102478.55	50768	0	AnneMcLaren	
702	0:10:30	1/1/2019 	582383	977.00	557.00	95.78	20.62	102478.72	1853	0	AnneMcLaren	
703	0:10:30	1/1/2019 	583001	65.00	8.00	5.92	20.62	102478.89	49826	0	AnneMcLaren	
704	0:10:31	1/1/2019 	583183	626.00	9.00	14.33	20.62	102478.89	1847	0	AnneMcLaren	
705	0:10:32	1/1/2019 	584245	968.00	326.00	61.53	20.62	102479.06	51924	0	AnneMcLaren	
706	0:10:33	1/1/2019 	585165	224.00	8.00	9.81	20.62	102479.06	49827	0	AnneMcLaren	
707	0:10:33	1/1/2019 	585615	526.00	9.00	13.15	20.62	102479.06	49824	0	AnneMcLaren	
708	0:10:33	1/1/2019 	585729	66.00	8.00	5.93	20.62	102479.06	1849	0	AnneMcLaren	
709	0:10:34	1/1/2019 	586266	94.00	8.00	6.44	20.62	102478.84	1847	0	AnneMcLaren	
710	0:10:35	1/1/2019 	587257	74.00	8.00	6.03	20.62	102478.84	49822	1	AnneMcLaren	
711	0:10:35	1/1/2019 	587328	774.00	25.00	19.31	20.62	102478.84	3812	0	AnneMcLaren	
712	0:10:37	1/1/2019 	589687	74.00	8.00	6.03	20.62	102479.02	145777	0	AnneMcLaren	
713	0:10:37	1/1/2019 	589778	473.00	9.00	12.72	20.62	102479.02	2786	1	AnneMcLaren	
714	0:10:38	1/1/2019 	590261	99.00	8.00	6.57	20.62	102479.02	1850	0	AnneMcLaren	
715	0:10:38	1/1/2019 	590931	153.00	8.00	8.10	20.62	102479.19	49824	0	AnneMcLaren	
716	0:10:39	1/1/2019 	592012	98.00	8.00	6.54	20.61	102478.61	49822	0	AnneMcLaren	
717	0:10:40	1/1/2019 	592171	501.00	9.00	12.93	20.61	102478.61	3948	1	AnneMcLaren	
718	0:10:40	1/1/2019 	592313	518.00	9.00	13.08	20.61	102478.61	1850	0	AnneMcLaren	
719	0:10:41	1/1/2019 	593659	92.00	8.00	6.39	20.61	102478.61	97801	0	AnneMcLaren	
720	0:10:43	1/1/2019 	596063	969.00	297.00	56.58	20.61	102478.79	97801	0	AnneMcLaren	
721	0:10:45	1/1/2019 	597732	74.00	8.00	6.03	20.61	102478.77	97803	0	AnneMcLaren	
722	0:10:46	1/1/2019 	598824	136.00	8.00	7.62	20.61	102478.94	49824	0	AnneMcLaren	
723	0:10:46	1/1/2019 	598984	153.00	9.00	8.11	20.61	102478.94	3811	0	AnneMcLaren	
724	0:10:47	1/1/2019 	599683	591.00	7.00	13.54	20.61	102479.11	49826	1	AnneMcLaren	
725	0:10:48	1/1/2019 	600709	868.00	62.00	23.90	20.61	102478.92	50763	0	AnneMcLaren	
726	0:10:49	1/1/2019 	602153	136.00	8.00	7.62	20.61	102479.26	49825	0	AnneMcLaren	
727	0:10:50	1/1/2019 	602781	414.00	9.00	12.30	20.61	102479.61	49824	0	AnneMcLaren	
728	0:10:50	1/1/2019 	603216	772.00	22.00	18.67	20.61	102479.78	1850	1	AnneMcLaren	
729	0:10:51	1/1/2019 	604392	434.00	9.00	12.45	20.61	102479.55	51925	0	AnneMcLaren	
730	0:10:52	1/1/2019 	604952	218.00	8.00	9.69	20.61	102479.73	49825	0	AnneMcLaren	
731	0:10:53	1/1/2019 	605741	63.00	9.00	5.91	20.61	102479.55	49822	0	AnneMcLaren	
732	0:10:53	1/1/2019 	605816	413.00	9.00	12.29	20.61	102479.55	1849	0	AnneMcLaren	
733	0:10:53	1/1/2019 	605897	935.00	136.00	36.92	20.61	102479.55	1849	0	AnneMcLaren	
734	0:10:54	1/1/2019 	607261	118.00	8.00	7.09	20.60	102478.98	49824	0	AnneMcLaren	
735	0:10:55	1/1/2019 	608390	235.00	9.00	10.04	20.60	102479.16	49823	0	AnneMcLaren	
736	0:10:55	1/1/2019 	608587	125.00	8.00	7.29	20.60	102479.16	51789	0	AnneMcLaren	
737	0:10:56	1/1/2019 	608686	284.00	9.00	10.86	20.60	102479.16	1847	0	AnneMcLaren	
738	0:10:56	1/1/2019 	608886	808.00	35.00	20.93	20.60	102479.16	1850	0	AnneMcLaren	
739	0:10:56	1/1/2019 	609367	573.00	9.00	13.68	20.60	102479.16	1851	0	AnneMcLaren	
740	0:10:56	1/1/2019 	609609	95.00	8.00	6.47	20.60	102479.16	49824	0	AnneMcLaren	
741	0:10:56	1/1/2019 	609637	524.00	9.00	13.13	20.60	102479.16	2785	1	AnneMcLaren	
742	0:10:56	1/1/2019 	609647	96.00	8.00	6.49	20.60	102479.16	3977	0	AnneMcLaren	
743	0:10:57	1/1/2019 	609956	898.00	96.00	29.23	20.60	102478.98	1848	0	AnneMcLaren	
744	0:10:57	1/1/2019 	610404	112.00	8.00	6.92	20.60	102478.98	1850	0	AnneMcLaren	
745	0:10:57	1/1/2019 	610570	74.00	8.00	6.03	20.60	102478.62	49821	0	AnneMcLaren	
746	0:10:58	1/1/2019 	610727	170.00	8.00	8.56	20.60	102478.62	1847	0	AnneMcLaren	
747	0:10:58	1/1/2019 	611217	392.00	9.00	12.12	20.60	102478.80	1848	0	AnneMcLaren	
748	0:10:58	1/1/2019 	611368	391.00	9.00	12.11	20.60	102478.80	3812	0	AnneMcLaren	
749	0:11:01	1/1/2019 	613788	98.00	8.00	6.54	20.60	102478.73	145772	0	AnneMcLaren	
750	0:11:03	1/1/2019 	616401	67.00	8.00	5.94	20.60	102478.91	97797	0	AnneMcLaren	
751	0:11:04	1/1/2019 	617270	705.00	11.00	15.30	20.60	102479.08	49824	0	AnneMcLaren	
752	0:11:05	1/1/2019 	617819	125.00	9.00	7.30	20.60	102478.91	49824	0	AnneMcLaren	
753	0:11:05	1/1/2019 	617845	114.00	8.00	6.98	20.60	102478.91	1850	0	AnneMcLaren	
754	0:11:05	1/1/2019 	617986	318.00	9.00	11.33	20.60	102478.91	3810	0	AnneMcLaren	
755	0:11:06	1/1/2019 	619096	80.00	8.00	6.14	20.60	102478.69	49824	0	AnneMcLaren	
756	0:11:06	1/1/2019 	619368	682.00	11.00	15.28	20.60	102478.69	1849	0	AnneMcLaren	
757	0:11:07	1/1/2019 	620223	669.00	10.00	14.91	20.60	102478.86	49826	0	AnneMcLaren	
758	0:11:08	1/1/2019 	620816	211.00	8.00	9.54	20.60	102479.03	50764	0	AnneMcLaren	
759	0:11:08	1/1/2019 	621089	96.00	9.00	6.49	20.60	102479.03	1848	0	AnneMcLaren	
760	0:11:08	1/1/2019 	621245	64.00	8.00	5.92	20.60	102479.03	3948	0	AnneMcLaren	
761	0:11:12	1/1/2019 	624727	190.00	8.00	9.07	20.59	102478.46	193747	1	AnneMcLaren	
762	0:11:12	1/1/2019 	625490	115.00	8.00	7.01	20.59	102478.46	1848	0	AnneMcLaren	
763	0:11:13	1/1/2019 	626629	133.00	8.00	7.53	20.59	102478.81	97801	0	AnneMcLaren	
764	0:11:14	1/1/2019 	626736	418.00	9.00	12.33	20.59	102478.81	1848	0	AnneMcLaren	
765	0:11:14	1/1/2019 	627660	338.00	9.00	11.57	20.59	102478.98	49826	0	AnneMcLaren	
766	0:11:16	1/1/2019 	629073	425.00	9.00	12.38	20.59	102479.16	51788	0	AnneMcLaren	
767	0:11:17	1/1/2019 	630036	874.00	75.00	25.62	20.59	102479.33	49827	0	AnneMcLaren	
768	0:11:17	1/1/2019 	630084	86.00	8.00	6.26	20.59	102479.33	2788	0	AnneMcLaren	
769	0:11:17	1/1/2019 	630215	695.00	11.00	15.30	20.59	102479.33	1848	1	AnneMcLaren	
770	0:11:18	1/1/2019 	630765	430.00	9.00	12.42	20.59	102478.95	49828	0	AnneMcLaren	
771	0:11:18	1/1/2019 	631228	92.00	8.00	6.39	20.59	102478.95	1850	0	AnneMcLaren	
772	0:11:22	1/1/2019 	634834	292.00	8.00	10.95	20.59	102478.56	195881	0	AnneMcLaren	
773	0:11:23	1/1/2019 	636182	504.00	9.00	12.96	20.59	102478.73	49825	0	AnneMcLaren	
774	0:11:24	1/1/2019 	636845	922.00	123.00	34.50	20.59	102478.56	49825	0	AnneMcLaren	
775	0:11:25	1/1/2019 	637827	118.00	8.00	7.09	20.59	102478.34	49825	0	AnneMcLaren	
776	0:11:25	1/1/2019 	637875	818.00	48.00	22.33	20.59	102478.34	1849	0	AnneMcLaren	
777	0:11:25	1/1/2019 	638028	78.00	8.00	6.10	20.59	102478.34	1848	0	AnneMcLaren	
778	0:11:26	1/1/2019 	638739	109.00	8.00	6.84	20.59	102478.34	52474	0	AnneMcLaren	
779	0:11:27	1/1/2019 	639765	252.00	8.00	10.33	20.59	102478.34	49824	1	AnneMcLaren	
780	0:11:29	1/1/2019 	641694	190.00	9.00	9.08	20.58	102478.14	98544	0	AnneMcLaren	
781	0:11:30	1/1/2019 	643017	65.00	8.00	5.92	20.58	102478.14	49825	0	AnneMcLaren	
782	0:11:32	1/1/2019 	645610	64.00	8.00	5.92	20.58	102477.41	145772	0	AnneMcLaren	
783	0:11:34	1/1/2019 	647004	730.00	15.00	16.69	20.58	102477.06	49821	0	AnneMcLaren	
784	0:11:34	1/1/2019 	647487	112.00	8.00	6.92	20.58	102477.06	5135	0	AnneMcLaren	
785	0:11:36	1/1/2019 	649079	122.00	8.00	7.21	20.58	102476.66	97797	0	AnneMcLaren	
786	0:11:36	1/1/2019 	649638	433.00	9.00	12.44	20.58	102476.84	49824	0	AnneMcLaren	
787	0:11:37	1/1/2019 	650287	177.00	8.00	8.75	20.58	102476.84	2593	0	AnneMcLaren	
788	0:11:40	1/1/2019 	652683	439.00	9.00	12.48	20.58	102476.44	145775	0	AnneMcLaren	
789	0:11:41	1/1/2019 	654094	101.00	8.00	6.62	20.58	102476.44	49825	0	AnneMcLaren	
790	0:11:42	1/1/2019 	654844	98.00	8.00	6.54	20.58	102476.61	51924	0	AnneMcLaren	
791	0:11:42	1/1/2019 	655493	182.00	8.00	8.87	20.58	102476.78	1848	0	AnneMcLaren	
792	0:11:43	1/1/2019 	656472	104.00	8.00	6.70	20.57	102476.42	49822	0	AnneMcLaren	
793	0:11:44	1/1/2019 	657456	686.00	11.00	15.29	20.57	102476.42	49823	0	AnneMcLaren	
794	0:11:46	1/1/2019 	659310	534.00	9.00	13.23	20.57	102476.94	97802	1	AnneMcLaren	
795	0:11:48	1/1/2019 	661375	109.00	8.00	6.84	20.57	102476.71	97803	0	AnneMcLaren	
796	0:11:49	1/1/2019 	662619	74.00	8.00	6.03	20.57	102477.05	100647	0	AnneMcLaren	
797	0:11:51	1/1/2019 	664650	95.00	8.00	6.47	20.57	102476.88	97799	0	AnneMcLaren	
798	0:11:52	1/1/2019 	664818	423.00	9.00	12.37	20.57	102476.88	1848	0	AnneMcLaren	
799	0:11:53	1/1/2019 	665790	69.00	8.00	5.97	20.57	102476.69	49826	0	AnneMcLaren	
800	0:11:53	1/1/2019 	666045	98.00	8.00	6.54	20.57	102476.69	1847	0	AnneMcLaren	
801	0:11:53	1/1/2019 	666152	231.00	8.00	9.95	20.57	102476.69	1847	0	AnneMcLaren	
802	0:11:54	1/1/2019 	667305	65.00	8.00	5.92	20.57	102477.03	49822	0	AnneMcLaren	
803	0:11:55	1/1/2019 	668156	853.00	58.00	23.42	20.57	102477.20	51785	0	AnneMcLaren	
804	0:11:56	1/1/2019 	668724	63.00	8.00	5.91	20.57	102477.38	49828	0	AnneMcLaren	
805	0:11:56	1/1/2019 	668967	82.00	8.00	6.17	20.57	102477.16	1853	0	AnneMcLaren	
806	0:11:56	1/1/2019 	669179	86.00	8.00	6.26	20.57	102477.16	1847	1	AnneMcLaren	
807	0:11:56	1/1/2019 	669217	168.00	8.00	8.51	20.57	102477.16	1846	0	AnneMcLaren	
808	0:11:58	1/1/2019 	670759	68.00	9.00	5.95	20.57	102477.84	97798	0	AnneMcLaren	
809	0:11:59	1/1/2019 	672046	68.00	8.00	5.95	20.57	102478.53	52693	0	AnneMcLaren	
810	0:12:00	1/1/2019 	673558	872.00	76.00	25.77	20.57	102478.88	97801	0	AnneMcLaren	
811	0:12:01	1/1/2019 	673764	333.00	9.00	11.51	20.57	102479.05	1857	0	AnneMcLaren	
812	0:12:02	1/1/2019 	675481	614.00	9.00	14.20	20.56	102479.37	49824	0	AnneMcLaren	
813	0:12:03	1/1/2019 	675806	121.00	8.00	7.18	20.56	102479.71	49826	0	AnneMcLaren	
814	0:12:03	1/1/2019 	676069	76.00	8.00	6.07	20.56	102479.71	1848	0	AnneMcLaren	
815	0:12:03	1/1/2019 	676561	696.00	12.00	15.65	20.56	102479.88	51785	0	AnneMcLaren	
816	0:12:04	1/1/2019 	676692	959.00	164.00	41.35	20.56	102479.88	1849	0	AnneMcLaren	
817	0:12:04	1/1/2019 	676929	419.00	9.00	12.33	20.56	102480.23	1851	0	AnneMcLaren	
818	0:12:07	1/1/2019 	680067	96.00	8.00	6.49	20.56	102480.86	145774	0	AnneMcLaren	
819	0:12:07	1/1/2019 	680477	85.00	8.00	6.24	20.56	102480.86	2592	0	AnneMcLaren	
820	0:12:08	1/1/2019 	680884	62.00	8.00	5.90	20.56	102481.04	49821	0	AnneMcLaren	
821	0:12:08	1/1/2019 	681482	623.00	10.00	14.52	20.56	102481.38	3951	0	AnneMcLaren	
822	0:12:10	1/1/2019 	683484	78.00	8.00	6.10	20.56	102481.72	97804	0	AnneMcLaren	
823	0:12:11	1/1/2019 	683831	113.00	8.00	6.95	20.56	102481.72	49823	1	AnneMcLaren	
824	0:12:12	1/1/2019 	684810	158.00	8.00	8.24	20.56	102481.50	49823	0	AnneMcLaren	
825	0:12:12	1/1/2019 	685010	658.00	10.00	14.86	20.56	102481.50	1849	1	AnneMcLaren	
826	0:12:13	1/1/2019 	686372	107.00	9.00	6.78	20.56	102481.50	49826	0	AnneMcLaren	
827	0:12:14	1/1/2019 	687240	174.00	8.00	8.67	20.56	102481.50	51787	0	AnneMcLaren	
828	0:12:14	1/1/2019 	687452	650.00	10.00	14.80	20.56	102481.50	1848	0	AnneMcLaren	
829	0:12:15	1/1/2019 	687753	63.00	8.00	5.91	20.56	102481.33	49824	0	AnneMcLaren	
830	0:12:15	1/1/2019 	688493	203.00	8.00	9.37	20.56	102481.50	1848	0	AnneMcLaren	
831	0:12:17	1/1/2019 	690633	230.00	8.00	9.93	20.56	102481.16	145774	0	AnneMcLaren	
832	0:12:19	1/1/2019 	691839	395.00	9.00	12.14	20.56	102480.76	50567	1	AnneMcLaren	
833	0:12:19	1/1/2019 	691899	415.00	9.00	12.30	20.56	102480.76	3950	1	AnneMcLaren	
834	0:12:20	1/1/2019 	692863	78.00	8.00	6.10	20.56	102480.94	49825	0	AnneMcLaren	
835	0:12:21	1/1/2019 	693923	77.00	8.00	6.08	20.56	102480.59	49822	0	AnneMcLaren	
836	0:12:22	1/1/2019 	694917	174.00	12.00	8.70	20.56	102480.76	49820	0	AnneMcLaren	
837	0:12:22	1/1/2019 	695422	656.00	10.00	14.85	20.55	102480.56	1849	0	AnneMcLaren	
838	0:12:23	1/1/2019 	695838	443.00	9.00	12.51	20.55	102480.56	49825	1	AnneMcLaren	
839	0:12:23	1/1/2019 	696020	95.00	8.00	6.47	20.55	102480.56	3813	0	AnneMcLaren	
840	0:12:23	1/1/2019 	696027	968.00	236.00	48.80	20.55	102480.56	1846	0	AnneMcLaren	
841	0:12:23	1/1/2019 	696231	725.00	14.00	16.36	20.55	102480.56	1851	0	AnneMcLaren	
842	0:12:26	1/1/2019 	699180	146.00	8.00	7.90	20.55	102480.56	145772	0	AnneMcLaren	
843	0:12:26	1/1/2019 	699573	916.00	107.00	31.37	20.55	102480.39	49824	0	AnneMcLaren	
844	0:12:27	1/1/2019 	699765	648.00	10.00	14.79	20.55	102480.39	2595	1	AnneMcLaren	
845	0:12:27	1/1/2019 	700629	150.00	8.00	8.02	20.55	102480.00	51954	0	AnneMcLaren	
846	0:12:28	1/1/2019 	700868	195.00	8.00	9.18	20.55	102480.00	1848	1	AnneMcLaren	
847	0:12:28	1/1/2019 	701009	76.00	8.00	6.07	20.55	102480.00	1848	0	AnneMcLaren	
848	0:12:28	1/1/2019 	701553	66.00	8.00	5.93	20.55	102480.00	49822	0	AnneMcLaren	
849	0:12:29	1/1/2019 	702569	796.00	33.00	20.65	20.55	102479.66	49822	0	AnneMcLaren	
850	0:12:30	1/1/2019 	703677	156.00	8.00	8.19	20.55	102479.48	49825	0	AnneMcLaren	
851	0:12:31	1/1/2019 	704106	74.00	8.00	6.03	20.55	102479.31	3810	0	AnneMcLaren	
852	0:12:31	1/1/2019 	704352	604.00	9.00	14.07	20.55	102479.31	1848	0	AnneMcLaren	
853	0:12:34	1/1/2019 	706777	134.00	8.00	7.56	20.55	102478.80	145772	1	AnneMcLaren	
854	0:12:34	1/1/2019 	706853	309.00	8.00	11.18	20.55	102478.80	1849	0	AnneMcLaren	
855	0:12:35	1/1/2019 	707742	77.00	8.00	6.08	20.55	102478.97	49821	0	AnneMcLaren	
856	0:12:35	1/1/2019 	708204	102.00	8.00	6.65	20.55	102478.97	1848	0	AnneMcLaren	
857	0:12:36	1/1/2019 	708886	396.00	9.00	12.15	20.55	102478.97	51784	0	AnneMcLaren	
858	0:12:36	1/1/2019 	709602	157.00	8.00	8.21	20.55	102478.91	49826	0	AnneMcLaren	
859	0:12:39	1/1/2019 	712029	387.00	9.00	12.07	20.55	102478.73	98540	0	AnneMcLaren	
860	0:12:39	1/1/2019 	712145	118.00	8.00	7.09	20.55	102478.73	1851	0	AnneMcLaren	
861	0:12:40	1/1/2019 	713474	63.00	8.00	5.91	20.55	102479.09	49822	0	AnneMcLaren	
862	0:12:41	1/1/2019 	713912	683.00	11.00	15.28	20.55	102478.91	49821	0	AnneMcLaren	
863	0:12:42	1/1/2019 	715562	102.00	9.00	6.65	20.55	102478.72	97800	0	AnneMcLaren	
864	0:12:43	1/1/2019 	716164	961.00	229.00	48.12	20.55	102478.89	3950	0	AnneMcLaren	
865	0:12:44	1/1/2019 	717062	966.00	234.00	48.60	20.55	102479.23	49827	0	AnneMcLaren	
866	0:12:44	1/1/2019 	717418	131.00	8.00	7.47	20.55	102479.23	1851	0	AnneMcLaren	
867	0:12:45	1/1/2019 	717981	597.00	9.00	13.99	20.55	102479.41	49820	0	AnneMcLaren	
868	0:12:45	1/1/2019 	718076	129.00	8.00	7.41	20.55	102479.58	1850	0	AnneMcLaren	
869	0:12:46	1/1/2019 	719634	358.00	9.00	11.79	20.54	102479.01	97796	0	AnneMcLaren	
870	0:12:47	1/1/2019 	720373	186.00	8.00	8.97	20.54	102479.01	4722	0	AnneMcLaren	
871	0:12:48	1/1/2019 	721334	275.00	9.00	10.73	20.54	102478.67	49823	0	AnneMcLaren	
872	0:12:49	1/1/2019 	721858	90.00	8.00	6.35	20.54	102478.84	49825	0	AnneMcLaren	
873	0:12:49	1/1/2019 	722645	670.00	10.00	14.92	20.54	102478.67	49824	0	AnneMcLaren	
874	0:12:51	1/1/2019 	724360	133.00	8.00	7.53	20.54	102478.49	49824	0	AnneMcLaren	
875	0:12:51	1/1/2019 	724362	717.00	13.00	16.01	20.54	102478.49	1849	0	AnneMcLaren	
876	0:12:53	1/1/2019 	725833	751.00	20.00	18.15	20.54	102478.27	99788	0	AnneMcLaren	
877	0:12:53	1/1/2019 	726588	878.00	63.00	24.04	20.54	102478.27	49828	0	AnneMcLaren	
878	0:12:54	1/1/2019 	727228	903.00	99.00	29.81	20.54	102478.27	1849	0	AnneMcLaren	
879	0:12:55	1/1/2019 	727993	444.00	8.00	12.44	20.54	102478.45	49825	0	AnneMcLaren	
880	0:12:56	1/1/2019 	729074	408.00	9.00	12.25	20.54	102478.79	49823	1	AnneMcLaren	
881	0:12:56	1/1/2019 	729294	191.00	9.00	9.10	20.54	102478.79	1851	0	AnneMcLaren	
882	0:12:57	1/1/2019 	729982	98.00	9.00	6.54	20.54	102478.79	51787	0	AnneMcLaren	
883	0:12:57	1/1/2019 	730193	60.00	8.00	5.89	20.54	102478.79	2593	0	AnneMcLaren	
884	0:12:59	1/1/2019 	732156	450.00	8.00	12.48	20.54	102478.39	97796	1	AnneMcLaren	
885	0:13:00	1/1/2019 	733173	523.00	8.00	13.02	20.54	102478.56	49824	0	AnneMcLaren	
886	0:13:01	1/1/2019 	734653	99.00	8.00	6.57	20.54	102478.39	97798	0	AnneMcLaren	
887	0:13:04	1/1/2019 	736956	881.00	86.00	27.39	20.54	102477.69	97800	1	AnneMcLaren	
888	0:13:05	1/1/2019 	738597	287.00	9.00	10.91	20.54	102477.69	99900	0	AnneMcLaren	
889	0:13:05	1/1/2019 	738660	540.00	9.00	13.29	20.54	102477.69	1850	0	AnneMcLaren	
890	0:13:07	1/1/2019 	740263	80.00	8.00	6.14	20.54	102477.34	49826	0	AnneMcLaren	
891	0:13:08	1/1/2019 	740787	75.00	8.00	6.05	20.54	102477.34	50567	0	AnneMcLaren	
892	0:13:08	1/1/2019 	740877	681.00	10.00	14.94	20.54	102477.34	1848	0	AnneMcLaren	
893	0:13:08	1/1/2019 	741493	123.00	8.00	7.24	20.54	102477.34	1850	0	AnneMcLaren	
894	0:13:09	1/1/2019 	742647	76.00	8.00	6.07	20.54	102477.34	99896	0	AnneMcLaren	
895	0:13:10	1/1/2019 	743277	728.00	15.00	16.69	20.54	102477.34	1849	0	AnneMcLaren	
896	0:13:13	1/1/2019 	745713	634.00	9.00	14.40	20.54	102477.34	145779	0	AnneMcLaren	
897	0:13:13	1/1/2019 	746678	699.00	12.00	15.65	20.54	102476.99	49827	0	AnneMcLaren	
898	0:13:14	1/1/2019 	747193	170.00	8.00	8.56	20.54	102477.17	1849	0	AnneMcLaren	
899	0:13:14	1/1/2019 	747586	61.00	8.00	5.90	20.54	102477.34	49825	0	AnneMcLaren	
900	0:13:15	1/1/2019 	748144	110.00	8.00	6.86	20.54	102477.17	3810	0	AnneMcLaren	
901	0:13:15	1/1/2019 	748219	90.00	8.00	6.35	20.54	102477.17	1848	0	AnneMcLaren	
902	0:13:18	1/1/2019 	750875	487.00	9.00	12.82	20.54	102476.82	145775	1	AnneMcLaren	
903	0:13:21	1/1/2019 	753796	956.00	157.00	40.36	20.54	102476.48	146520	0	AnneMcLaren	
904	0:13:23	1/1/2019 	755743	60.00	9.00	5.89	20.54	102476.30	97803	0	AnneMcLaren	
905	0:13:23	1/1/2019 	756455	62.00	8.00	5.90	20.54	102476.14	1849	0	AnneMcLaren	
906	0:13:24	1/1/2019 	757136	90.00	8.00	6.35	20.54	102475.96	51924	0	AnneMcLaren	
907	0:13:25	1/1/2019 	757955	399.00	9.00	12.18	20.54	102476.14	49825	0	AnneMcLaren	
908	0:13:25	1/1/2019 	758244	515.00	9.00	13.05	20.54	102476.14	1851	1	AnneMcLaren	
909	0:13:25	1/1/2019 	758601	165.00	9.00	8.44	20.54	102476.14	49825	0	AnneMcLaren	
910	0:13:26	1/1/2019 	759297	108.00	9.00	6.81	20.54	102475.79	1850	0	AnneMcLaren	
911	0:13:27	1/1/2019 	760370	279.00	9.00	10.79	20.54	102475.62	49830	0	AnneMcLaren	
912	0:13:28	1/1/2019 	761185	70.00	8.00	5.98	20.54	102475.62	52679	0	AnneMcLaren	
913	0:13:29	1/1/2019 	762584	671.00	10.00	14.92	20.54	102475.79	97805	0	AnneMcLaren	
914	0:13:30	1/1/2019 	763187	89.00	8.00	6.32	20.54	102475.79	1850	0	AnneMcLaren	
915	0:13:31	1/1/2019 	763999	64.00	8.00	5.92	20.54	102475.79	49823	0	AnneMcLaren	
916	0:13:34	1/1/2019 	767672	167.00	8.00	8.48	20.54	102475.96	193747	0	AnneMcLaren	
917	0:13:37	1/1/2019 	770428	99.00	8.00	6.57	20.54	102476.16	97799	0	AnneMcLaren	
918	0:13:38	1/1/2019 	770994	260.00	8.00	10.46	20.54	102476.38	52672	0	AnneMcLaren	
919	0:13:38	1/1/2019 	771313	463.00	9.00	12.65	20.54	102476.38	1849	0	AnneMcLaren	
920	0:13:40	1/1/2019 	772991	586.00	9.00	13.84	20.54	102475.75	97800	0	AnneMcLaren	
921	0:13:41	1/1/2019 	773795	624.00	10.00	14.53	20.54	102476.27	49824	0	AnneMcLaren	
922	0:13:41	1/1/2019 	774235	771.00	21.00	18.43	20.54	102476.43	1851	0	AnneMcLaren	
923	0:13:44	1/1/2019 	776877	138.00	8.00	7.67	20.55	102477.70	145775	0	AnneMcLaren	
924	0:13:47	1/1/2019 	780031	665.00	10.00	14.90	20.55	102478.05	147763	0	AnneMcLaren	
925	0:13:47	1/1/2019 	780105	61.00	8.00	5.90	20.55	102478.05	2595	0	AnneMcLaren	
926	0:13:48	1/1/2019 	780814	518.00	9.00	13.08	20.55	102478.40	49821	0	AnneMcLaren	
927	0:13:48	1/1/2019 	780961	67.00	8.00	5.94	20.55	102478.40	1850	0	AnneMcLaren	
928	0:13:49	1/1/2019 	781699	71.00	8.00	5.99	20.55	102479.14	49819	0	AnneMcLaren	
929	0:13:49	1/1/2019 	781819	80.00	8.00	6.14	20.55	102479.14	1848	0	AnneMcLaren	
930	0:13:50	1/1/2019 	782836	86.00	9.00	6.26	20.55	102479.48	51919	0	AnneMcLaren	
931	0:13:51	1/1/2019 	783889	557.00	9.00	13.48	20.55	102479.66	49823	0	AnneMcLaren	
932	0:13:52	1/1/2019 	784846	284.00	8.00	10.83	20.55	102479.66	49824	0	AnneMcLaren	
933	0:13:52	1/1/2019 	784971	874.00	80.00	26.39	20.55	102479.66	1849	0	AnneMcLaren	
934	0:13:54	1/1/2019 	786788	508.00	9.00	12.99	20.55	102479.66	97853	0	AnneMcLaren	
935	0:13:54	1/1/2019 	787173	87.00	8.00	6.28	20.55	102479.66	1850	0	AnneMcLaren	
936	0:13:54	1/1/2019 	787350	109.00	8.00	6.84	20.55	102479.66	3809	0	AnneMcLaren	
937	0:13:54	1/1/2019 	787673	888.00	84.00	27.08	20.55	102479.48	49820	1	AnneMcLaren	
938	0:13:55	1/1/2019 	788403	65.00	8.00	5.92	20.55	102479.31	1850	0	AnneMcLaren	
939	0:13:55	1/1/2019 	788469	376.00	8.00	11.92	20.55	102479.31	1849	0	AnneMcLaren	
940	0:13:55	1/1/2019 	788583	254.00	9.00	10.38	20.55	102479.31	49821	0	AnneMcLaren	
941	0:13:56	1/1/2019 	789169	74.00	8.00	6.03	20.55	102478.97	1849	0	AnneMcLaren	
942	0:13:56	1/1/2019 	789650	752.00	19.00	17.90	20.55	102478.97	49825	0	AnneMcLaren	
943	0:13:58	1/1/2019 	791095	384.00	9.00	12.04	20.55	102477.88	52698	0	AnneMcLaren	
944	0:13:58	1/1/2019 	791241	561.00	9.00	13.53	20.55	102477.88	1858	0	AnneMcLaren	
945	0:13:58	1/1/2019 	791309	82.00	8.00	6.17	20.55	102477.88	1856	0	AnneMcLaren	
946	0:13:59	1/1/2019 	791748	955.00	165.00	41.49	20.55	102477.88	49829	0	AnneMcLaren	
947	0:13:59	1/1/2019 	792111	121.00	8.00	7.18	20.55	102477.88	1859	0	AnneMcLaren	
948	0:14:00	1/1/2019 	792737	105.00	8.00	6.73	20.55	102477.88	49828	0	AnneMcLaren	
949	0:14:00	1/1/2019 	793129	59.00	8.00	5.89	20.55	102478.05	3815	0	AnneMcLaren	
950	0:14:00	1/1/2019 	793579	78.00	8.00	6.10	20.55	102478.05	49821	0	AnneMcLaren	
951	0:14:01	1/1/2019 	793868	155.00	8.00	8.16	20.55	102478.05	1847	0	AnneMcLaren	
952	0:14:01	1/1/2019 	794210	134.00	8.00	7.56	20.55	102477.88	1851	0	AnneMcLaren	
953	0:14:01	1/1/2019 	794617	919.00	113.00	32.55	20.55	102478.05	49827	0	AnneMcLaren	
954	0:14:03	1/1/2019 	795981	669.00	10.00	14.91	20.55	102477.69	49825	0	AnneMcLaren	
955	0:14:03	1/1/2019 	796111	192.00	9.00	9.12	20.55	102477.69	3840	0	AnneMcLaren	
956	0:14:04	1/1/2019 	796877	813.00	42.00	21.73	20.55	102477.52	49823	0	AnneMcLaren	
957	0:14:04	1/1/2019 	796930	184.00	8.00	8.92	20.55	102477.52	1850	0	AnneMcLaren	
958	0:14:05	1/1/2019 	798030	129.00	8.00	7.41	20.55	102477.34	49823	0	AnneMcLaren	
959	0:14:06	1/1/2019 	799285	63.00	8.00	5.91	20.54	102476.78	49821	0	AnneMcLaren	
960	0:14:06	1/1/2019 	799653	73.00	8.00	6.02	20.54	102476.60	49822	0	AnneMcLaren	
961	0:14:07	1/1/2019 	800376	789.00	32.00	20.50	20.54	102476.43	4696	0	AnneMcLaren	
962	0:14:08	1/1/2019 	800948	202.00	8.00	9.34	20.54	102476.60	49823	0	AnneMcLaren	
963	0:14:08	1/1/2019 	801120	109.00	8.00	6.84	20.54	102476.60	1849	0	AnneMcLaren	
964	0:14:09	1/1/2019 	802164	84.00	9.00	6.22	20.54	102475.86	49820	1	AnneMcLaren	
965	0:14:10	1/1/2019 	802912	217.00	8.00	9.67	20.54	102475.69	49824	0	AnneMcLaren	
966	0:14:10	1/1/2019 	803399	660.00	10.00	14.87	20.54	102475.69	1848	0	AnneMcLaren	
967	0:14:11	1/1/2019 	804052	118.00	8.00	7.09	20.54	102475.52	51785	0	AnneMcLaren	
968	0:14:11	1/1/2019 	804671	557.00	8.00	13.35	20.54	102474.95	49819	0	AnneMcLaren	
969	0:14:15	1/1/2019 	808136	926.00	134.00	36.56	20.54	102474.06	145767	0	AnneMcLaren	
970	0:14:16	1/1/2019 	808883	465.00	9.00	12.67	20.53	102473.67	49825	0	AnneMcLaren	
971	0:14:17	1/1/2019 	810040	810.00	42.00	21.72	20.53	102473.62	49828	0	AnneMcLaren	
972	0:14:17	1/1/2019 	810368	702.00	12.00	15.66	20.53	102473.62	2601	0	AnneMcLaren	
973	0:14:17	1/1/2019 	810375	76.00	8.00	6.07	20.53	102473.62	3955	0	AnneMcLaren	
974	0:14:18	1/1/2019 	811278	440.00	9.00	12.49	20.53	102473.80	49826	0	AnneMcLaren	
975	0:14:18	1/1/2019 	811555	70.00	8.00	5.98	20.53	102473.80	49823	0	AnneMcLaren	
976	0:14:18	1/1/2019 	811659	623.00	9.00	14.30	20.53	102473.56	1848	0	AnneMcLaren	
977	0:14:20	1/1/2019 	812824	246.00	8.00	10.22	20.53	102473.74	49824	0	AnneMcLaren	
978	0:14:20	1/1/2019 	813391	563.00	9.00	13.56	20.53	102473.72	1848	0	AnneMcLaren	
979	0:14:21	1/1/2019 	814381	578.00	9.00	13.74	20.53	102473.53	51786	0	AnneMcLaren	
980	0:14:22	1/1/2019 	815050	963.00	229.00	48.12	20.53	102473.70	49826	0	AnneMcLaren	
981	0:14:22	1/1/2019 	815192	140.00	8.00	7.73	20.53	102473.70	1852	0	AnneMcLaren	
982	0:14:24	1/1/2019 	816842	770.00	24.00	19.11	20.52	102473.81	97797	0	AnneMcLaren	
983	0:14:25	1/1/2019 	817760	881.00	84.00	27.06	20.52	102474.28	49825	1	AnneMcLaren	
984	0:14:26	1/1/2019 	819218	807.00	38.00	21.28	20.52	102474.78	49827	0	AnneMcLaren	
985	0:14:26	1/1/2019 	819228	71.00	8.00	5.99	20.52	102474.78	3840	0	AnneMcLaren	
