###################################################################################################
### CosmicWatch: The Desktop Muon Detector
### Device ID: AnneMcLaren
### Launch time: 0:00:11 1/1/2019
### Questions? Email Spencer N. Axani (saxani@mit.edu)
### Event Time Date TimeStamp[ms] ADC1 ADC2 SiPM[mV] Temp[C] Pressure[Pa] DeadTime[us] Coincident ID
###################################################################################################
1	0:00:12	1/1/2019 	551	897.00	84.00	27.10	20.58	102238.62	95947	0	AnneMcLaren	
2	0:00:13	1/1/2019 	1496	600.00	9.00	14.02	20.59	102239.22	5887	0	AnneMcLaren	
3	0:00:13	1/1/2019 	1651	364.00	7.00	11.75	20.59	102239.22	49817	0	AnneMcLaren	
4	0:00:13	1/1/2019 	1758	587.00	9.00	13.86	20.59	102239.22	1849	0	AnneMcLaren	
5	0:00:17	1/1/2019 	5620	702.00	12.00	15.66	20.61	102241.50	193733	0	AnneMcLaren	
6	0:00:17	1/1/2019 	5686	173.00	9.00	8.65	20.61	102241.50	1849	0	AnneMcLaren	
7	0:00:19	1/1/2019 	7072	597.00	9.00	13.99	20.62	102241.77	49819	0	AnneMcLaren	
8	0:00:19	1/1/2019 	7753	246.00	9.00	10.24	20.62	102241.88	51787	1	AnneMcLaren	
9	0:00:22	1/1/2019 	10051	161.00	8.00	8.32	20.63	102242.58	97791	0	AnneMcLaren	
10	0:00:23	1/1/2019 	11360	132.00	8.00	7.50	20.64	102242.86	50565	0	AnneMcLaren	
11	0:00:24	1/1/2019 	12629	140.00	8.00	7.73	20.65	102243.72	97791	0	AnneMcLaren	
12	0:00:25	1/1/2019 	13772	63.00	8.00	5.91	20.65	102243.59	49821	0	AnneMcLaren	
13	0:00:26	1/1/2019 	14678	682.00	11.00	15.28	20.66	102243.47	49819	0	AnneMcLaren	
14	0:00:27	1/1/2019 	15020	199.00	8.00	9.28	20.66	102243.52	1850	0	AnneMcLaren	
15	0:00:27	1/1/2019 	15148	64.00	8.00	5.92	20.66	102243.52	3950	0	AnneMcLaren	
16	0:00:27	1/1/2019 	15226	356.00	9.00	11.77	20.66	102243.53	1846	0	AnneMcLaren	
17	0:00:27	1/1/2019 	15906	465.00	13.00	12.95	20.66	102243.59	49821	0	AnneMcLaren	
18	0:00:28	1/1/2019 	16804	61.00	8.00	5.90	20.67	102243.64	49821	0	AnneMcLaren	
19	0:00:30	1/1/2019 	18819	732.00	15.00	16.69	20.68	102244.67	97791	1	AnneMcLaren	
20	0:00:31	1/1/2019 	19090	168.00	8.00	8.51	20.68	102244.87	1851	0	AnneMcLaren	
21	0:00:31	1/1/2019 	19830	201.00	9.00	9.33	20.68	102245.09	51838	0	AnneMcLaren	
22	0:00:31	1/1/2019 	19994	831.00	51.00	22.65	20.68	102245.09	2595	0	AnneMcLaren	
23	0:00:32	1/1/2019 	20342	129.00	9.00	7.41	20.68	102245.14	1849	0	AnneMcLaren	
24	0:00:32	1/1/2019 	20840	82.00	8.00	6.17	20.68	102244.97	49821	0	AnneMcLaren	
25	0:00:33	1/1/2019 	21676	837.00	55.00	23.07	20.69	102245.22	49819	1	AnneMcLaren	
26	0:00:38	1/1/2019 	26491	75.00	9.00	6.05	20.71	102246.86	193730	0	AnneMcLaren	
27	0:00:40	1/1/2019 	28392	182.00	9.00	8.88	20.71	102247.36	99894	0	AnneMcLaren	
28	0:00:40	1/1/2019 	28721	178.00	8.00	8.77	20.71	102247.01	49819	0	AnneMcLaren	
29	0:00:41	1/1/2019 	29071	69.00	8.00	5.97	20.71	102247.01	1847	0	AnneMcLaren	
30	0:00:41	1/1/2019 	29905	747.00	17.00	17.33	20.72	102247.42	49820	0	AnneMcLaren	
31	0:00:43	1/1/2019 	31068	65.00	9.00	5.92	20.72	102247.13	50566	0	AnneMcLaren	
32	0:00:43	1/1/2019 	31452	78.00	8.00	6.10	20.72	102247.36	1850	0	AnneMcLaren	
33	0:00:43	1/1/2019 	31628	375.00	9.00	11.96	20.72	102247.36	51920	1	AnneMcLaren	
34	0:00:44	1/1/2019 	32767	125.00	8.00	7.29	20.73	102247.42	49820	0	AnneMcLaren	
35	0:00:45	1/1/2019 	33436	74.00	8.00	6.03	20.73	102247.27	1849	0	AnneMcLaren	
36	0:00:45	1/1/2019 	33569	86.00	8.00	6.26	20.73	102247.27	49819	0	AnneMcLaren	
37	0:00:46	1/1/2019 	34198	248.00	9.00	10.28	20.73	102247.33	1846	0	AnneMcLaren	
38	0:00:46	1/1/2019 	34468	437.00	9.00	12.47	20.73	102247.33	1850	0	AnneMcLaren	
39	0:00:47	1/1/2019 	35138	76.00	8.00	6.07	20.74	102246.83	49818	0	AnneMcLaren	
40	0:00:48	1/1/2019 	36391	812.00	41.00	21.62	20.74	102246.53	51783	0	AnneMcLaren	
41	0:00:48	1/1/2019 	36490	67.00	8.00	5.94	20.74	102246.53	1851	0	AnneMcLaren	
42	0:00:49	1/1/2019 	37142	612.00	9.00	14.17	20.74	102246.76	49816	0	AnneMcLaren	
43	0:00:49	1/1/2019 	37926	668.00	10.00	14.91	20.74	102246.61	49820	0	AnneMcLaren	
44	0:00:50	1/1/2019 	38965	130.00	9.00	7.44	20.75	102246.53	49820	0	AnneMcLaren	
45	0:00:51	1/1/2019 	39219	115.00	8.00	7.01	20.75	102246.53	1850	0	AnneMcLaren	
46	0:00:51	1/1/2019 	39371	97.00	8.00	6.52	20.75	102246.20	3812	0	AnneMcLaren	
47	0:00:51	1/1/2019 	39425	384.00	9.00	12.04	20.75	102246.20	1847	0	AnneMcLaren	
48	0:00:51	1/1/2019 	39449	660.00	10.00	14.87	20.75	102246.20	1849	0	AnneMcLaren	
49	0:00:51	1/1/2019 	39789	142.00	8.00	7.79	20.75	102246.20	49821	0	AnneMcLaren	
50	0:00:52	1/1/2019 	40603	833.00	56.00	23.17	20.75	102246.27	50562	0	AnneMcLaren	
51	0:00:53	1/1/2019 	41396	969.00	445.00	80.36	20.75	102245.92	1850	1	AnneMcLaren	
52	0:00:54	1/1/2019 	42907	142.00	8.00	7.79	20.76	102246.20	99892	0	AnneMcLaren	
53	0:00:55	1/1/2019 	43580	190.00	9.00	9.08	20.76	102246.25	49817	0	AnneMcLaren	
54	0:00:56	1/1/2019 	44258	72.00	8.00	6.00	20.76	102246.27	1850	0	AnneMcLaren	
55	0:00:56	1/1/2019 	44891	167.00	8.00	8.48	20.77	102246.48	49815	0	AnneMcLaren	
56	0:00:57	1/1/2019 	45140	78.00	8.00	6.10	20.77	102246.48	1847	0	AnneMcLaren	
57	0:00:57	1/1/2019 	45737	783.00	25.00	19.33	20.77	102246.54	49818	0	AnneMcLaren	
58	0:01:04	1/1/2019 	52433	94.00	8.00	6.44	20.79	102246.52	291635	0	AnneMcLaren	
59	0:01:04	1/1/2019 	52741	164.00	9.00	8.41	20.79	102246.34	50565	0	AnneMcLaren	
60	0:01:07	1/1/2019 	55179	192.00	9.00	9.12	20.79	102246.98	97791	0	AnneMcLaren	
61	0:01:07	1/1/2019 	55841	609.00	9.00	14.14	20.79	102246.80	49822	0	AnneMcLaren	
62	0:01:08	1/1/2019 	56331	656.00	10.00	14.85	20.80	102246.86	1849	0	AnneMcLaren	
63	0:01:08	1/1/2019 	56974	91.00	9.00	6.37	20.80	102246.88	49824	0	AnneMcLaren	
64	0:01:10	1/1/2019 	58929	808.00	36.00	21.05	20.80	102247.16	97797	0	AnneMcLaren	
65	0:01:12	1/1/2019 	60281	96.00	8.00	6.49	20.81	102247.19	51926	0	AnneMcLaren	
66	0:01:12	1/1/2019 	60835	153.00	8.00	8.10	20.81	102247.41	50564	0	AnneMcLaren	
67	0:01:17	1/1/2019 	65243	84.00	9.00	6.22	20.82	102246.44	193730	0	AnneMcLaren	
68	0:01:18	1/1/2019 	66939	334.00	8.00	11.48	20.83	102246.55	97792	0	AnneMcLaren	
69	0:01:19	1/1/2019 	67178	294.00	8.00	10.98	20.83	102246.38	1848	0	AnneMcLaren	
70	0:01:20	1/1/2019 	68668	142.00	8.00	7.79	20.84	102246.45	97788	0	AnneMcLaren	
71	0:01:21	1/1/2019 	69002	97.00	8.00	6.52	20.84	102245.77	4004	0	AnneMcLaren	
72	0:01:21	1/1/2019 	69176	621.00	9.00	14.28	20.84	102245.77	1847	0	AnneMcLaren	
73	0:01:21	1/1/2019 	69302	836.00	54.00	22.97	20.84	102245.64	1848	0	AnneMcLaren	
74	0:01:21	1/1/2019 	69334	69.00	8.00	5.97	20.84	102245.64	1850	0	AnneMcLaren	
75	0:01:23	1/1/2019 	71358	60.00	8.00	5.89	20.85	102245.94	97790	0	AnneMcLaren	
76	0:01:24	1/1/2019 	72189	962.00	264.00	51.88	20.85	102245.45	50564	0	AnneMcLaren	
77	0:01:24	1/1/2019 	72230	538.00	9.00	13.27	20.85	102245.45	3952	0	AnneMcLaren	
78	0:01:24	1/1/2019 	72420	159.00	9.00	8.27	20.85	102245.45	1849	0	AnneMcLaren	
79	0:01:26	1/1/2019 	74734	199.00	9.00	9.29	20.86	102244.24	145759	0	AnneMcLaren	
80	0:01:28	1/1/2019 	76014	833.00	57.00	23.27	20.86	102243.80	49821	1	AnneMcLaren	
81	0:01:29	1/1/2019 	77230	965.00	341.00	64.24	20.87	102243.38	49824	0	AnneMcLaren	
82	0:01:30	1/1/2019 	78619	671.00	10.00	14.92	20.88	102242.98	97799	0	AnneMcLaren	
83	0:01:33	1/1/2019 	81458	94.00	9.00	6.44	20.89	102241.78	99758	0	AnneMcLaren	
84	0:01:33	1/1/2019 	81806	87.00	8.00	6.28	20.89	102241.80	50565	0	AnneMcLaren	
85	0:01:34	1/1/2019 	82245	90.00	8.00	6.35	20.89	102241.65	1847	0	AnneMcLaren	
86	0:01:34	1/1/2019 	82811	704.00	12.00	15.66	20.89	102241.53	49818	0	AnneMcLaren	
87	0:01:34	1/1/2019 	82904	376.00	9.00	11.97	20.89	102241.53	1850	0	AnneMcLaren	
88	0:01:35	1/1/2019 	83456	955.00	162.00	41.08	20.90	102241.41	1850	1	AnneMcLaren	
89	0:01:36	1/1/2019 	84233	212.00	8.00	9.56	20.90	102241.29	49821	0	AnneMcLaren	
90	0:01:36	1/1/2019 	84272	78.00	8.00	6.10	20.90	102240.97	3950	0	AnneMcLaren	
91	0:01:36	1/1/2019 	84918	146.00	8.00	7.90	20.90	102240.84	49815	0	AnneMcLaren	
92	0:01:37	1/1/2019 	85697	200.00	8.00	9.30	20.91	102240.89	49817	0	AnneMcLaren	
93	0:01:39	1/1/2019 	87294	857.00	74.00	25.43	20.91	102240.28	49819	0	AnneMcLaren	
94	0:01:40	1/1/2019 	88064	630.00	10.00	14.61	20.92	102240.20	49822	0	AnneMcLaren	
95	0:01:40	1/1/2019 	88946	239.00	8.00	10.10	20.92	102240.08	49820	0	AnneMcLaren	
96	0:01:43	1/1/2019 	91742	302.00	9.00	11.12	20.93	102239.61	147726	0	AnneMcLaren	
97	0:01:44	1/1/2019 	92330	171.00	9.00	8.60	20.93	102239.09	2596	0	AnneMcLaren	
98	0:01:44	1/1/2019 	92443	198.00	8.00	9.25	20.93	102239.09	1851	0	AnneMcLaren	
99	0:01:47	1/1/2019 	95159	847.00	61.00	23.74	20.95	102238.62	145762	1	AnneMcLaren	
100	0:01:47	1/1/2019 	95268	67.00	8.00	5.94	20.95	102238.62	1858	0	AnneMcLaren	
101	0:01:47	1/1/2019 	95382	698.00	12.00	15.65	20.95	102238.62	1855	0	AnneMcLaren	
102	0:01:47	1/1/2019 	95754	116.00	8.00	7.03	20.95	102238.82	51927	0	AnneMcLaren	
103	0:01:50	1/1/2019 	98742	120.00	8.00	7.15	20.97	102239.28	145761	0	AnneMcLaren	
104	0:01:51	1/1/2019 	99162	104.00	8.00	6.70	20.97	102239.28	1848	0	AnneMcLaren	
105	0:01:53	1/1/2019 	101245	157.00	8.00	8.21	20.98	102239.59	97794	0	AnneMcLaren	
106	0:01:53	1/1/2019 	101965	336.00	9.00	11.55	20.98	102239.88	50568	1	AnneMcLaren	
107	0:01:54	1/1/2019 	102648	614.00	9.00	14.20	20.98	102239.92	49827	0	AnneMcLaren	
108	0:01:55	1/1/2019 	103466	896.00	82.00	26.77	20.99	102239.77	3953	0	AnneMcLaren	
109	0:01:56	1/1/2019 	104610	64.00	8.00	5.92	20.99	102239.92	97795	0	AnneMcLaren	
110	0:01:56	1/1/2019 	104861	129.00	7.00	7.41	20.99	102239.92	1848	0	AnneMcLaren	
111	0:01:57	1/1/2019 	105880	78.00	8.00	6.10	21.00	102239.83	49822	0	AnneMcLaren	
112	0:01:59	1/1/2019 	107209	962.00	253.00	50.58	21.00	102239.89	49819	0	AnneMcLaren	
113	0:01:59	1/1/2019 	107900	319.00	9.00	11.34	21.01	102239.97	49824	0	AnneMcLaren	
114	0:01:59	1/1/2019 	107907	185.00	9.00	8.95	21.01	102239.97	3814	0	AnneMcLaren	
115	0:02:00	1/1/2019 	108001	66.00	8.00	5.93	21.01	102239.97	1849	0	AnneMcLaren	
116	0:02:00	1/1/2019 	108004	87.00	8.00	6.28	21.01	102239.97	1848	0	AnneMcLaren	
117	0:02:00	1/1/2019 	108059	583.00	9.00	13.81	21.01	102239.97	1847	0	AnneMcLaren	
118	0:02:01	1/1/2019 	109356	690.00	11.00	15.30	21.01	102240.26	49820	0	AnneMcLaren	
119	0:02:01	1/1/2019 	109751	370.00	8.00	11.86	21.02	102240.31	49822	0	AnneMcLaren	
120	0:02:02	1/1/2019 	110049	513.00	9.00	13.03	21.02	102240.19	4755	1	AnneMcLaren	
121	0:02:02	1/1/2019 	110181	184.00	8.00	8.92	21.02	102240.19	1850	0	AnneMcLaren	
122	0:02:05	1/1/2019 	113392	74.00	8.00	6.03	21.03	102239.91	145770	0	AnneMcLaren	
123	0:02:05	1/1/2019 	113465	181.00	9.00	8.85	21.03	102239.91	1849	0	AnneMcLaren	
124	0:02:06	1/1/2019 	114000	401.00	9.00	12.19	21.04	102239.97	49823	0	AnneMcLaren	
125	0:02:07	1/1/2019 	115239	112.00	8.00	6.92	21.04	102240.00	49824	0	AnneMcLaren	
126	0:02:08	1/1/2019 	116176	592.00	9.00	13.92	21.05	102240.11	51788	0	AnneMcLaren	
127	0:02:08	1/1/2019 	116346	87.00	8.00	6.28	21.05	102240.12	1853	0	AnneMcLaren	
128	0:02:10	1/1/2019 	118178	109.00	8.00	6.84	21.06	102240.45	97802	0	AnneMcLaren	
129	0:02:12	1/1/2019 	120431	66.00	8.00	5.93	21.07	102240.45	97799	0	AnneMcLaren	
130	0:02:12	1/1/2019 	120680	952.00	147.00	38.81	21.07	102240.47	50572	0	AnneMcLaren	
131	0:02:13	1/1/2019 	121173	271.00	9.00	10.66	21.07	102240.52	1851	0	AnneMcLaren	
132	0:02:14	1/1/2019 	122042	967.00	264.00	51.88	21.07	102240.41	51929	0	AnneMcLaren	
133	0:02:15	1/1/2019 	123441	260.00	8.00	10.46	21.08	102240.70	49826	0	AnneMcLaren	
134	0:02:16	1/1/2019 	124923	217.00	8.00	9.67	21.09	102240.78	97799	0	AnneMcLaren	
135	0:02:18	1/1/2019 	126017	916.00	115.00	32.94	21.09	102240.88	49825	0	AnneMcLaren	
136	0:02:18	1/1/2019 	126320	156.00	8.00	8.19	21.09	102240.88	1851	0	AnneMcLaren	
137	0:02:20	1/1/2019 	128748	398.00	9.00	12.17	21.11	102241.08	145776	0	AnneMcLaren	
138	0:02:22	1/1/2019 	130330	151.00	8.00	8.05	21.11	102240.85	51792	0	AnneMcLaren	
139	0:02:23	1/1/2019 	131046	675.00	10.00	14.93	21.12	102241.08	50569	0	AnneMcLaren	
140	0:02:24	1/1/2019 	132315	669.00	10.00	14.91	21.12	102241.14	49827	0	AnneMcLaren	
141	0:02:24	1/1/2019 	132500	691.00	10.00	14.94	21.12	102241.34	1851	0	AnneMcLaren	
142	0:02:25	1/1/2019 	133700	902.00	96.00	29.24	21.13	102241.44	97813	0	AnneMcLaren	
143	0:02:27	1/1/2019 	135067	65.00	9.00	5.92	21.14	102242.12	49827	0	AnneMcLaren	
144	0:02:28	1/1/2019 	136962	647.00	9.00	14.50	21.15	102242.08	99907	0	AnneMcLaren	
145	0:02:29	1/1/2019 	137116	140.00	9.00	7.74	21.15	102242.08	1850	0	AnneMcLaren	
146	0:02:32	1/1/2019 	140801	441.00	9.00	12.50	21.16	102242.02	193749	0	AnneMcLaren	
147	0:02:33	1/1/2019 	141023	68.00	8.00	5.95	21.17	102241.88	2599	1	AnneMcLaren	
148	0:02:36	1/1/2019 	144157	573.00	9.00	13.68	21.18	102241.77	145783	0	AnneMcLaren	
149	0:02:36	1/1/2019 	144817	191.00	9.00	9.10	21.18	102241.65	49827	1	AnneMcLaren	
150	0:02:37	1/1/2019 	145450	961.00	241.00	49.30	21.19	102241.70	1850	0	AnneMcLaren	
151	0:02:37	1/1/2019 	145571	71.00	9.00	5.99	21.19	102241.70	51931	0	AnneMcLaren	
152	0:02:41	1/1/2019 	149270	127.00	8.00	7.35	21.21	102241.67	145780	0	AnneMcLaren	
153	0:02:42	1/1/2019 	150657	454.00	9.00	12.59	21.21	102241.27	97802	0	AnneMcLaren	
154	0:02:43	1/1/2019 	151142	143.00	8.00	7.82	21.22	102241.16	2595	0	AnneMcLaren	
155	0:02:43	1/1/2019 	151482	178.00	8.00	8.77	21.22	102241.16	1849	0	AnneMcLaren	
156	0:02:43	1/1/2019 	151617	163.00	8.00	8.38	21.22	102241.16	49823	0	AnneMcLaren	
157	0:02:45	1/1/2019 	153548	247.00	9.00	10.26	21.23	102240.95	99902	0	AnneMcLaren	
158	0:02:46	1/1/2019 	154498	158.00	9.00	8.25	21.23	102240.70	1850	1	AnneMcLaren	
159	0:02:47	1/1/2019 	155308	98.00	8.00	6.54	21.23	102240.75	49827	0	AnneMcLaren	
160	0:02:51	1/1/2019 	159697	976.00	572.00	98.69	21.26	102241.88	241733	0	AnneMcLaren	
161	0:02:52	1/1/2019 	160709	718.00	14.00	16.35	21.26	102242.07	50579	0	AnneMcLaren	
162	0:02:52	1/1/2019 	160846	129.00	8.00	7.41	21.26	102242.30	1851	0	AnneMcLaren	
163	0:02:54	1/1/2019 	162998	92.00	9.00	6.39	21.28	102242.00	99901	0	AnneMcLaren	
164	0:02:55	1/1/2019 	163095	439.00	9.00	12.48	21.28	102242.00	1849	0	AnneMcLaren	
165	0:02:55	1/1/2019 	163569	162.00	9.00	8.36	21.28	102241.84	49828	0	AnneMcLaren	
166	0:02:55	1/1/2019 	163762	591.00	9.00	13.91	21.28	102241.84	1850	0	AnneMcLaren	
167	0:02:55	1/1/2019 	163979	134.00	8.00	7.56	21.28	102241.34	1851	0	AnneMcLaren	
168	0:02:56	1/1/2019 	164760	133.00	9.00	7.53	21.28	102241.40	49824	0	AnneMcLaren	
169	0:02:57	1/1/2019 	165322	707.00	12.00	15.66	21.29	102241.50	3869	0	AnneMcLaren	
170	0:02:57	1/1/2019 	165933	928.00	127.00	35.27	21.29	102241.34	49828	1	AnneMcLaren	
171	0:02:59	1/1/2019 	167160	92.00	8.00	6.39	21.30	102240.78	49827	0	AnneMcLaren	
172	0:03:00	1/1/2019 	168254	406.00	9.00	12.23	21.30	102240.36	49823	1	AnneMcLaren	
173	0:03:00	1/1/2019 	168791	110.00	8.00	6.86	21.31	102240.26	49827	0	AnneMcLaren	
174	0:03:02	1/1/2019 	170402	100.00	8.00	6.59	21.32	102239.90	49825	0	AnneMcLaren	
175	0:03:04	1/1/2019 	172017	344.00	9.00	11.64	21.32	102239.12	100655	0	AnneMcLaren	
176	0:03:04	1/1/2019 	172483	786.00	28.00	19.88	21.32	102239.12	1858	0	AnneMcLaren	
177	0:03:06	1/1/2019 	174351	73.00	8.00	6.02	21.34	102238.80	97805	0	AnneMcLaren	
178	0:03:06	1/1/2019 	174619	119.00	8.00	7.12	21.34	102238.80	49826	0	AnneMcLaren	
179	0:03:08	1/1/2019 	176806	90.00	8.00	6.35	21.35	102238.04	97802	0	AnneMcLaren	
180	0:03:09	1/1/2019 	177828	89.00	8.00	6.32	21.35	102237.71	49822	0	AnneMcLaren	
181	0:03:10	1/1/2019 	178371	74.00	8.00	6.03	21.36	102237.56	3813	0	AnneMcLaren	
182	0:03:10	1/1/2019 	178582	875.00	72.00	25.20	21.36	102237.27	49826	0	AnneMcLaren	
183	0:03:11	1/1/2019 	179067	285.00	9.00	10.88	21.36	102237.14	1850	1	AnneMcLaren	
184	0:03:12	1/1/2019 	180370	760.00	21.00	18.42	21.37	102237.44	49827	0	AnneMcLaren	
185	0:03:13	1/1/2019 	181417	438.00	9.00	12.47	21.37	102236.98	50571	0	AnneMcLaren	
186	0:03:13	1/1/2019 	181744	963.00	177.00	43.00	21.38	102237.05	49827	0	AnneMcLaren	
187	0:03:14	1/1/2019 	182716	66.00	8.00	5.93	21.38	102236.80	51928	0	AnneMcLaren	
188	0:03:15	1/1/2019 	183934	227.00	8.00	9.87	21.39	102236.75	49823	0	AnneMcLaren	
189	0:03:16	1/1/2019 	184191	81.00	8.00	6.15	21.39	102236.75	1848	0	AnneMcLaren	
190	0:03:16	1/1/2019 	184572	264.00	8.00	10.53	21.39	102236.62	49826	0	AnneMcLaren	
191	0:03:19	1/1/2019 	187093	781.00	28.00	19.87	21.40	102235.92	97805	0	AnneMcLaren	
192	0:03:21	1/1/2019 	189826	169.00	9.00	8.54	21.42	102235.67	145778	0	AnneMcLaren	
193	0:03:22	1/1/2019 	190479	954.00	161.00	40.94	21.42	102235.34	4716	0	AnneMcLaren	
194	0:03:23	1/1/2019 	191327	154.00	8.00	8.13	21.43	102234.94	49826	0	AnneMcLaren	
195	0:03:24	1/1/2019 	192849	347.00	8.00	11.63	21.43	102234.34	97796	0	AnneMcLaren	
196	0:03:29	1/1/2019 	197117	440.00	9.00	12.49	21.45	102233.98	193752	0	AnneMcLaren	
197	0:03:29	1/1/2019 	197941	406.00	9.00	12.23	21.46	102234.04	49826	0	AnneMcLaren	
198	0:03:30	1/1/2019 	198007	74.00	8.00	6.03	21.46	102234.04	1849	0	AnneMcLaren	
199	0:03:30	1/1/2019 	198854	394.00	9.00	12.13	21.46	102233.77	51789	0	AnneMcLaren	
200	0:03:31	1/1/2019 	199039	77.00	8.00	6.08	21.46	102233.77	1850	1	AnneMcLaren	
201	0:03:31	1/1/2019 	199056	582.00	9.00	13.79	21.46	102233.77	1848	1	AnneMcLaren	
202	0:03:32	1/1/2019 	200091	427.00	8.00	12.32	21.47	102234.23	49826	0	AnneMcLaren	
203	0:03:32	1/1/2019 	200212	859.00	70.00	24.88	21.47	102234.23	2787	0	AnneMcLaren	
204	0:03:33	1/1/2019 	201164	597.00	9.00	13.99	21.47	102234.12	49829	0	AnneMcLaren	
205	0:03:33	1/1/2019 	201605	58.00	9.00	5.89	21.48	102233.83	51954	0	AnneMcLaren	
206	0:03:34	1/1/2019 	202847	924.00	133.00	36.38	21.48	102233.91	49826	0	AnneMcLaren	
207	0:03:37	1/1/2019 	205404	846.00	51.00	22.68	21.49	102234.12	97805	0	AnneMcLaren	
208	0:03:37	1/1/2019 	205912	570.00	9.00	13.64	21.49	102234.14	49831	0	AnneMcLaren	
209	0:03:39	1/1/2019 	207259	940.00	143.00	38.14	21.50	102233.97	49825	0	AnneMcLaren	
210	0:03:40	1/1/2019 	208248	630.00	9.00	14.37	21.51	102234.02	49826	0	AnneMcLaren	
211	0:03:44	1/1/2019 	212672	589.00	9.00	13.88	21.53	102234.80	243714	0	AnneMcLaren	
212	0:03:45	1/1/2019 	213096	969.00	374.00	70.13	21.53	102234.80	2790	1	AnneMcLaren	
213	0:03:47	1/1/2019 	215487	240.00	8.00	10.11	21.55	102235.03	97801	0	AnneMcLaren	
214	0:03:47	1/1/2019 	215685	72.00	8.00	6.00	21.55	102235.03	49824	0	AnneMcLaren	
215	0:03:50	1/1/2019 	218391	538.00	9.00	13.27	21.56	102235.56	97797	1	AnneMcLaren	
216	0:03:51	1/1/2019 	219047	97.00	8.00	6.52	21.57	102235.86	49827	0	AnneMcLaren	
217	0:03:52	1/1/2019 	220404	129.00	8.00	7.41	21.57	102235.62	52002	0	AnneMcLaren	
218	0:03:53	1/1/2019 	221733	68.00	8.00	5.95	21.58	102235.78	98740	0	AnneMcLaren	
219	0:03:55	1/1/2019 	223121	868.00	75.00	25.61	21.59	102235.66	49826	0	AnneMcLaren	
220	0:03:55	1/1/2019 	223620	134.00	8.00	7.56	21.59	102235.70	49828	0	AnneMcLaren	
221	0:03:56	1/1/2019 	224401	850.00	59.00	23.52	21.60	102236.00	1847	0	AnneMcLaren	
222	0:03:59	1/1/2019 	227430	770.00	21.00	18.43	21.61	102236.21	145781	1	AnneMcLaren	
223	0:03:59	1/1/2019 	227961	729.00	14.00	16.36	21.61	102236.09	203293	0	AnneMcLaren	
224	0:04:01	1/1/2019 	229021	79.00	8.00	6.12	21.62	102236.55	49826	0	AnneMcLaren	
225	0:04:01	1/1/2019 	229797	701.00	12.00	15.66	21.63	102236.42	49826	0	AnneMcLaren	
226	0:04:03	1/1/2019 	231899	203.00	9.00	9.38	21.64	102236.42	98741	0	AnneMcLaren	
227	0:04:04	1/1/2019 	232458	389.00	8.00	12.03	21.64	102236.64	1850	0	AnneMcLaren	
228	0:04:04	1/1/2019 	232597	325.00	9.00	11.42	21.64	102236.64	49825	0	AnneMcLaren	
229	0:04:05	1/1/2019 	233677	91.00	8.00	6.37	21.65	102237.11	51926	0	AnneMcLaren	
230	0:04:06	1/1/2019 	234287	608.00	9.00	14.12	21.65	102236.98	1848	0	AnneMcLaren	
231	0:04:08	1/1/2019 	236714	156.00	8.00	8.19	21.66	102237.03	145782	0	AnneMcLaren	
232	0:04:09	1/1/2019 	237804	966.00	351.00	66.06	21.67	102237.12	49828	0	AnneMcLaren	
233	0:04:12	1/1/2019 	240035	82.00	8.00	6.17	21.68	102236.26	97811	0	AnneMcLaren	
234	0:04:12	1/1/2019 	240943	65.00	8.00	5.92	21.68	102236.10	50762	0	AnneMcLaren	
235	0:04:12	1/1/2019 	240968	571.00	9.00	13.65	21.68	102235.98	3950	0	AnneMcLaren	
236	0:04:13	1/1/2019 	241874	92.00	8.00	6.39	21.69	102236.03	49824	0	AnneMcLaren	
237	0:04:15	1/1/2019 	243856	634.00	10.00	14.65	21.70	102235.69	97801	0	AnneMcLaren	
238	0:04:16	1/1/2019 	244637	116.00	8.00	7.03	21.70	102235.39	49826	0	AnneMcLaren	
239	0:04:16	1/1/2019 	244693	497.00	9.00	12.90	21.70	102235.38	1851	0	AnneMcLaren	
240	0:04:17	1/1/2019 	245160	174.00	8.00	8.67	21.70	102235.38	1857	0	AnneMcLaren	
241	0:04:17	1/1/2019 	245168	103.00	8.00	6.67	21.70	102235.38	3820	0	AnneMcLaren	
242	0:04:19	1/1/2019 	247769	91.00	8.00	6.37	21.71	102235.08	145784	0	AnneMcLaren	
243	0:04:20	1/1/2019 	248229	598.00	9.00	14.00	21.72	102235.13	1848	0	AnneMcLaren	
244	0:04:20	1/1/2019 	248781	101.00	8.00	6.62	21.72	102235.15	49826	0	AnneMcLaren	
245	0:04:21	1/1/2019 	249558	236.00	8.00	10.04	21.72	102234.91	49824	0	AnneMcLaren	
246	0:04:22	1/1/2019 	250227	83.00	8.00	6.19	21.73	102234.78	2787	0	AnneMcLaren	
247	0:04:22	1/1/2019 	250989	76.00	8.00	6.07	21.73	102234.62	49825	0	AnneMcLaren	
248	0:04:23	1/1/2019 	251491	64.00	8.00	5.92	21.73	102234.86	3954	0	AnneMcLaren	
249	0:04:25	1/1/2019 	253325	122.00	8.00	7.21	21.74	102235.21	97795	0	AnneMcLaren	
250	0:04:28	1/1/2019 	256947	362.00	9.00	11.83	21.76	102235.11	193746	0	AnneMcLaren	
251	0:04:29	1/1/2019 	257415	110.00	8.00	6.86	21.76	102235.16	1850	0	AnneMcLaren	
252	0:04:29	1/1/2019 	257426	145.00	8.00	7.87	21.76	102235.16	1847	0	AnneMcLaren	
253	0:04:29	1/1/2019 	257482	184.00	8.00	8.92	21.76	102235.16	1847	0	AnneMcLaren	
254	0:04:30	1/1/2019 	258149	660.00	10.00	14.87	21.76	102235.22	51789	1	AnneMcLaren	
255	0:04:31	1/1/2019 	259642	221.00	8.00	9.75	21.77	102235.16	97802	0	AnneMcLaren	
256	0:04:32	1/1/2019 	260978	766.00	22.00	18.66	21.78	102235.09	50762	0	AnneMcLaren	
257	0:04:34	1/1/2019 	262047	459.00	9.00	12.62	21.78	102234.97	49827	0	AnneMcLaren	
258	0:04:34	1/1/2019 	262467	574.00	9.00	13.69	21.78	102235.02	1851	0	AnneMcLaren	
259	0:04:36	1/1/2019 	264136	156.00	8.00	8.19	21.79	102234.96	97802	0	AnneMcLaren	
260	0:04:38	1/1/2019 	266270	132.00	8.00	7.50	21.80	102235.30	99905	0	AnneMcLaren	
261	0:04:41	1/1/2019 	269296	527.00	9.00	13.16	21.82	102235.55	145778	0	AnneMcLaren	
262	0:04:44	1/1/2019 	272427	87.00	8.00	6.28	21.83	102235.56	145780	0	AnneMcLaren	
263	0:04:45	1/1/2019 	273699	420.00	9.00	12.34	21.84	102235.70	98741	0	AnneMcLaren	
264	0:04:46	1/1/2019 	274195	652.00	10.00	14.82	21.84	102235.73	1850	0	AnneMcLaren	
265	0:04:49	1/1/2019 	277052	130.00	9.00	7.44	21.85	102235.92	145780	0	AnneMcLaren	
266	0:04:49	1/1/2019 	277101	373.00	8.00	11.89	21.85	102235.92	3953	0	AnneMcLaren	
267	0:04:50	1/1/2019 	278618	965.00	329.00	62.07	21.86	102236.03	97801	0	AnneMcLaren	
268	0:04:53	1/1/2019 	281158	94.00	8.00	6.44	21.87	102235.91	97806	0	AnneMcLaren	
269	0:04:54	1/1/2019 	282347	328.00	8.00	11.41	21.88	102235.80	50763	0	AnneMcLaren	
270	0:04:54	1/1/2019 	282984	138.00	8.00	7.67	21.88	102235.86	49823	0	AnneMcLaren	
271	0:04:55	1/1/2019 	283078	716.00	13.00	16.01	21.88	102235.86	1847	0	AnneMcLaren	
272	0:04:55	1/1/2019 	283242	764.00	22.00	18.66	21.88	102235.91	3952	0	AnneMcLaren	
273	0:04:55	1/1/2019 	283761	69.00	8.00	5.97	21.88	102235.78	49825	0	AnneMcLaren	
274	0:04:56	1/1/2019 	284606	597.00	9.00	13.99	21.89	102235.80	49822	0	AnneMcLaren	
275	0:04:56	1/1/2019 	284927	189.00	8.00	9.04	21.89	102236.22	1850	0	AnneMcLaren	
276	0:04:57	1/1/2019 	285608	62.00	8.00	5.90	21.89	102236.41	49822	0	AnneMcLaren	
277	0:04:57	1/1/2019 	285926	388.00	9.00	12.08	21.90	102236.28	1848	0	AnneMcLaren	
278	0:04:58	1/1/2019 	286169	84.00	8.00	6.21	21.90	102236.28	3814	0	AnneMcLaren	
279	0:04:59	1/1/2019 	287752	68.00	8.00	5.95	21.90	102236.23	97798	0	AnneMcLaren	
280	0:05:00	1/1/2019 	288896	66.00	8.00	5.93	21.91	102236.33	49823	0	AnneMcLaren	
281	0:05:02	1/1/2019 	290319	176.00	8.00	8.72	21.92	102236.62	49827	0	AnneMcLaren	
282	0:05:02	1/1/2019 	290866	68.00	8.00	5.95	21.92	102237.06	50767	0	AnneMcLaren	
283	0:05:03	1/1/2019 	291884	155.00	8.00	8.16	21.93	102237.31	49822	0	AnneMcLaren	
284	0:05:05	1/1/2019 	293669	84.00	8.00	6.21	21.93	102237.22	99902	0	AnneMcLaren	
285	0:05:06	1/1/2019 	294446	411.00	8.00	12.21	21.94	102237.50	1848	0	AnneMcLaren	
286	0:05:09	1/1/2019 	297007	593.00	9.00	13.93	21.95	102237.67	145774	1	AnneMcLaren	
287	0:05:11	1/1/2019 	298845	319.00	9.00	11.34	21.96	102237.83	97801	0	AnneMcLaren	
288	0:05:11	1/1/2019 	299218	161.00	8.00	8.32	21.96	102237.83	1850	0	AnneMcLaren	
289	0:05:11	1/1/2019 	299586	607.00	9.00	14.11	21.96	102237.85	49823	0	AnneMcLaren	
290	0:05:12	1/1/2019 	300169	740.00	17.00	17.32	21.96	102237.73	4944	0	AnneMcLaren	
291	0:05:12	1/1/2019 	300655	194.00	8.00	9.16	21.97	102237.78	49826	1	AnneMcLaren	
292	0:05:13	1/1/2019 	301193	427.00	8.00	12.32	21.97	102237.77	1847	1	AnneMcLaren	
293	0:05:14	1/1/2019 	302693	183.00	9.00	8.90	21.98	102237.92	97798	0	AnneMcLaren	
294	0:05:15	1/1/2019 	303334	793.00	34.00	20.78	21.98	102237.94	1850	0	AnneMcLaren	
295	0:05:15	1/1/2019 	303704	93.00	8.00	6.42	21.98	102237.98	49827	0	AnneMcLaren	
296	0:05:16	1/1/2019 	304548	185.00	11.00	8.97	21.98	102237.69	51789	0	AnneMcLaren	
297	0:05:17	1/1/2019 	304866	86.00	8.00	6.26	21.98	102237.73	2085	0	AnneMcLaren	
298	0:05:17	1/1/2019 	305215	498.00	8.00	12.81	21.99	102237.77	1847	0	AnneMcLaren	
299	0:05:20	1/1/2019 	308609	545.00	9.00	13.35	22.00	102237.83	193755	0	AnneMcLaren	
300	0:05:22	1/1/2019 	310550	72.00	8.00	6.00	22.01	102237.99	97802	0	AnneMcLaren	
301	0:05:22	1/1/2019 	310672	824.00	44.00	21.95	22.01	102237.99	2788	0	AnneMcLaren	
302	0:05:26	1/1/2019 	313946	100.00	9.00	6.60	22.02	102237.84	147877	0	AnneMcLaren	
303	0:05:28	1/1/2019 	316645	218.00	8.00	9.69	22.04	102238.03	145780	0	AnneMcLaren	
304	0:05:28	1/1/2019 	316810	366.00	9.00	11.87	22.04	102238.03	1848	0	AnneMcLaren	
305	0:05:29	1/1/2019 	316847	89.00	8.00	6.32	22.04	102238.03	1850	0	AnneMcLaren	
306	0:05:30	1/1/2019 	318410	282.00	9.00	10.83	22.04	102237.58	49824	1	AnneMcLaren	
307	0:05:31	1/1/2019 	319415	275.00	8.00	10.70	22.05	102237.50	49825	0	AnneMcLaren	
308	0:05:31	1/1/2019 	319755	736.00	17.00	17.31	22.05	102237.55	177980	0	AnneMcLaren	
309	0:05:32	1/1/2019 	320453	82.00	8.00	6.17	22.05	102237.57	2790	0	AnneMcLaren	
310	0:05:34	1/1/2019 	322039	90.00	8.00	6.35	22.06	102237.72	97801	0	AnneMcLaren	
311	0:05:36	1/1/2019 	323960	364.00	9.00	11.85	22.07	102237.49	97801	0	AnneMcLaren	
312	0:05:37	1/1/2019 	324912	168.00	8.00	8.51	22.07	102237.73	49826	0	AnneMcLaren	
313	0:05:38	1/1/2019 	326200	417.00	9.00	12.32	22.08	102237.80	49825	1	AnneMcLaren	
314	0:05:42	1/1/2019 	329890	139.00	8.00	7.70	22.09	102237.35	195855	1	AnneMcLaren	
315	0:05:42	1/1/2019 	330721	965.00	190.00	44.43	22.09	102237.41	50765	0	AnneMcLaren	
316	0:05:43	1/1/2019 	331468	261.00	9.00	10.50	22.10	102237.30	1851	1	AnneMcLaren	
317	0:05:44	1/1/2019 	332288	136.00	8.00	7.62	22.10	102237.00	49827	0	AnneMcLaren	
318	0:05:45	1/1/2019 	333197	680.00	10.00	14.94	22.11	102236.76	49826	0	AnneMcLaren	
319	0:05:48	1/1/2019 	336195	917.00	123.00	34.49	22.12	102236.05	145778	1	AnneMcLaren	
320	0:05:50	1/1/2019 	337923	68.00	8.00	5.95	22.13	102236.56	99908	0	AnneMcLaren	
321	0:05:50	1/1/2019 	338290	459.00	9.00	12.62	22.13	102236.05	1848	0	AnneMcLaren	
322	0:05:51	1/1/2019 	338902	74.00	8.00	6.03	22.13	102235.92	49827	0	AnneMcLaren	
323	0:05:52	1/1/2019 	339891	150.00	8.00	8.02	22.14	102236.21	49826	0	AnneMcLaren	
324	0:05:52	1/1/2019 	340282	150.00	8.00	8.02	22.14	102236.21	2788	0	AnneMcLaren	
325	0:05:55	1/1/2019 	343343	669.00	11.00	15.22	22.15	102235.91	145777	0	AnneMcLaren	
326	0:05:56	1/1/2019 	344234	95.00	8.00	6.47	22.16	102235.83	49826	0	AnneMcLaren	
327	0:05:56	1/1/2019 	344485	100.00	8.00	6.59	22.16	102235.83	3951	0	AnneMcLaren	
328	0:05:56	1/1/2019 	344600	590.00	9.00	13.90	22.16	102235.83	49825	0	AnneMcLaren	
329	0:05:59	1/1/2019 	347303	562.00	9.00	13.54	22.17	102235.19	97803	0	AnneMcLaren	
330	0:06:00	1/1/2019 	348412	620.00	12.00	14.88	22.18	102235.25	49826	1	AnneMcLaren	
331	0:06:01	1/1/2019 	349158	821.00	55.00	23.04	22.18	102235.18	49828	1	AnneMcLaren	
332	0:06:02	1/1/2019 	349907	574.00	9.00	13.69	22.18	102235.20	49830	0	AnneMcLaren	
333	0:06:02	1/1/2019 	350157	100.00	8.00	6.59	22.19	102235.08	4903	0	AnneMcLaren	
334	0:06:02	1/1/2019 	350702	962.00	161.00	40.94	22.19	102234.73	49823	0	AnneMcLaren	
335	0:06:04	1/1/2019 	352029	100.00	8.00	6.59	22.19	102234.42	49826	0	AnneMcLaren	
336	0:06:04	1/1/2019 	352143	82.00	8.00	6.17	22.19	102234.42	1848	0	AnneMcLaren	
337	0:06:06	1/1/2019 	354716	170.00	8.00	8.56	22.20	102234.64	145777	0	AnneMcLaren	
338	0:06:06	1/1/2019 	354766	344.00	9.00	11.64	22.20	102234.64	1849	0	AnneMcLaren	
339	0:06:06	1/1/2019 	354794	441.00	9.00	12.50	22.20	102234.64	3868	0	AnneMcLaren	
340	0:06:06	1/1/2019 	354836	141.00	8.00	7.76	22.21	102234.52	1851	1	AnneMcLaren	
341	0:06:07	1/1/2019 	355091	914.00	117.00	33.33	22.21	102234.52	1847	1	AnneMcLaren	
342	0:06:07	1/1/2019 	355203	776.00	26.00	19.51	22.21	102234.52	1852	0	AnneMcLaren	
343	0:06:09	1/1/2019 	356866	177.00	8.00	8.75	22.21	102234.46	97798	0	AnneMcLaren	
344	0:06:09	1/1/2019 	356961	531.00	8.00	13.09	22.21	102234.46	1848	0	AnneMcLaren	
345	0:06:09	1/1/2019 	357829	474.00	9.00	12.73	22.22	102234.05	51786	1	AnneMcLaren	
346	0:06:10	1/1/2019 	357947	608.00	9.00	14.12	22.22	102234.05	1849	0	AnneMcLaren	
347	0:06:12	1/1/2019 	360436	956.00	147.00	38.81	22.23	102233.68	97800	0	AnneMcLaren	
348	0:06:13	1/1/2019 	360981	116.00	8.00	7.03	22.23	102233.73	50765	0	AnneMcLaren	
349	0:06:13	1/1/2019 	361219	654.00	9.00	14.54	22.23	102233.73	1850	0	AnneMcLaren	
350	0:06:13	1/1/2019 	361305	925.00	135.00	36.74	22.23	102233.61	1850	0	AnneMcLaren	
351	0:06:13	1/1/2019 	361679	73.00	8.00	6.02	22.23	102233.61	51926	0	AnneMcLaren	
352	0:06:14	1/1/2019 	361968	138.00	8.00	7.67	22.24	102233.45	1847	0	AnneMcLaren	
353	0:06:15	1/1/2019 	362854	538.00	9.00	13.27	22.24	102233.55	49823	1	AnneMcLaren	
354	0:06:15	1/1/2019 	363283	977.00	394.00	73.41	22.24	102233.55	1850	0	AnneMcLaren	
355	0:06:15	1/1/2019 	363593	204.00	8.00	9.39	22.24	102233.61	49825	0	AnneMcLaren	
356	0:06:16	1/1/2019 	364606	84.00	8.00	6.21	22.25	102233.67	49820	0	AnneMcLaren	
357	0:06:17	1/1/2019 	365276	120.00	8.00	7.15	22.25	102233.72	3814	0	AnneMcLaren	
358	0:06:18	1/1/2019 	366079	103.00	8.00	6.67	22.26	102234.14	49822	0	AnneMcLaren	
359	0:06:18	1/1/2019 	366836	885.00	88.00	27.75	22.26	102234.19	49824	0	AnneMcLaren	
360	0:06:19	1/1/2019 	367192	256.00	8.00	10.39	22.26	102234.06	1850	0	AnneMcLaren	
361	0:06:20	1/1/2019 	368357	63.00	8.00	5.91	22.26	102233.70	49821	0	AnneMcLaren	
362	0:06:21	1/1/2019 	369283	64.00	8.00	5.92	22.27	102233.98	49823	0	AnneMcLaren	
363	0:06:21	1/1/2019 	369596	340.00	8.00	11.55	22.27	102233.98	51787	1	AnneMcLaren	
364	0:06:23	1/1/2019 	371358	100.00	8.00	6.59	22.28	102234.44	50761	0	AnneMcLaren	
365	0:06:24	1/1/2019 	372412	78.00	8.00	6.10	22.28	102234.54	49821	0	AnneMcLaren	
366	0:06:25	1/1/2019 	373635	643.00	9.00	14.48	22.29	102234.44	97796	0	AnneMcLaren	
367	0:06:30	1/1/2019 	378798	607.00	9.00	14.11	22.31	102235.08	241715	0	AnneMcLaren	
368	0:06:34	1/1/2019 	382338	76.00	8.00	6.07	22.32	102234.62	145775	0	AnneMcLaren	
369	0:06:34	1/1/2019 	382692	89.00	8.00	6.32	22.32	102234.84	52867	0	AnneMcLaren	
370	0:06:35	1/1/2019 	382988	977.00	705.00	127.17	22.32	102234.84	1847	0	AnneMcLaren	
371	0:06:36	1/1/2019 	383898	960.00	236.00	48.80	22.33	102235.12	49828	0	AnneMcLaren	
372	0:06:36	1/1/2019 	384299	312.00	8.00	11.22	22.33	102235.14	1857	0	AnneMcLaren	
373	0:06:37	1/1/2019 	384973	712.00	13.00	16.01	22.33	102234.80	49821	0	AnneMcLaren	
374	0:06:38	1/1/2019 	386120	101.00	7.00	6.62	22.34	102235.03	49825	0	AnneMcLaren	
375	0:06:38	1/1/2019 	386417	141.00	8.00	7.76	22.34	102234.88	3815	0	AnneMcLaren	
376	0:06:39	1/1/2019 	387564	88.00	8.00	6.30	22.34	102234.77	97795	0	AnneMcLaren	
377	0:06:40	1/1/2019 	388005	580.00	8.00	13.61	22.34	102234.81	1848	0	AnneMcLaren	
378	0:06:46	1/1/2019 	394286	146.00	8.00	7.90	22.36	102235.83	289701	0	AnneMcLaren	
379	0:06:46	1/1/2019 	394720	81.00	8.00	6.15	22.37	102235.88	50764	0	AnneMcLaren	
380	0:06:47	1/1/2019 	395180	103.00	8.00	6.67	22.37	102235.91	1847	0	AnneMcLaren	
381	0:06:47	1/1/2019 	395247	90.00	8.00	6.35	22.37	102235.91	3948	0	AnneMcLaren	
382	0:06:47	1/1/2019 	395629	118.00	8.00	7.09	22.37	102236.12	49826	0	AnneMcLaren	
383	0:06:47	1/1/2019 	395733	150.00	8.00	8.02	22.37	102236.12	1855	0	AnneMcLaren	
384	0:06:48	1/1/2019 	396708	85.00	8.00	6.24	22.37	102235.62	49831	0	AnneMcLaren	
385	0:06:52	1/1/2019 	400104	77.00	8.00	6.08	22.39	102235.12	145783	0	AnneMcLaren	
386	0:06:53	1/1/2019 	401175	874.00	83.00	26.87	22.39	102235.56	50768	0	AnneMcLaren	
387	0:06:53	1/1/2019 	401188	66.00	6.00	5.93	22.39	102235.56	3924	0	AnneMcLaren	
388	0:06:53	1/1/2019 	401218	152.00	8.00	8.07	22.39	102235.56	1848	0	AnneMcLaren	
389	0:06:53	1/1/2019 	401664	69.00	8.00	5.97	22.39	102235.61	49821	0	AnneMcLaren	
390	0:06:54	1/1/2019 	402057	708.00	12.00	15.66	22.39	102235.44	1847	1	AnneMcLaren	
391	0:06:55	1/1/2019 	402996	92.00	8.00	6.39	22.40	102235.51	49827	0	AnneMcLaren	
392	0:06:56	1/1/2019 	403980	250.00	8.00	10.29	22.40	102235.55	49824	0	AnneMcLaren	
393	0:06:57	1/1/2019 	404853	758.00	21.00	18.41	22.40	102235.44	183293	0	AnneMcLaren	
394	0:06:59	1/1/2019 	407631	125.00	8.00	7.29	22.41	102235.71	145778	0	AnneMcLaren	
395	0:07:00	1/1/2019 	408747	414.00	9.00	12.30	22.42	102235.81	49823	0	AnneMcLaren	
396	0:07:01	1/1/2019 	409357	67.00	8.00	5.94	22.42	102235.69	1850	0	AnneMcLaren	
397	0:07:02	1/1/2019 	410019	109.00	8.00	6.84	22.42	102235.88	49828	0	AnneMcLaren	
398	0:07:04	1/1/2019 	411906	221.00	8.00	9.75	22.43	102236.38	98552	0	AnneMcLaren	
399	0:07:04	1/1/2019 	411926	441.00	9.00	12.50	22.43	102236.38	3958	0	AnneMcLaren	
400	0:07:04	1/1/2019 	412332	157.00	9.00	8.22	22.43	102236.03	1854	0	AnneMcLaren	
401	0:07:06	1/1/2019 	413938	580.00	9.00	13.77	22.44	102236.66	97802	0	AnneMcLaren	
402	0:07:06	1/1/2019 	413953	965.00	169.00	42.02	22.44	102236.66	1851	0	AnneMcLaren	
403	0:07:06	1/1/2019 	414759	100.00	8.00	6.59	22.44	102236.91	49826	0	AnneMcLaren	
404	0:07:09	1/1/2019 	416940	188.00	8.00	9.02	22.45	102236.64	97801	0	AnneMcLaren	
405	0:07:09	1/1/2019 	417311	230.00	8.00	9.93	22.45	102236.64	1849	0	AnneMcLaren	
406	0:07:10	1/1/2019 	418360	89.00	8.00	6.32	22.45	102236.34	51788	0	AnneMcLaren	
407	0:07:11	1/1/2019 	419327	148.00	8.00	7.96	22.46	102236.45	49825	0	AnneMcLaren	
408	0:07:12	1/1/2019 	420207	967.00	347.00	65.33	22.46	102236.69	49826	0	AnneMcLaren	
409	0:07:13	1/1/2019 	421803	73.00	8.00	6.02	22.47	102236.95	98548	0	AnneMcLaren	
410	0:07:16	1/1/2019 	423898	811.00	50.00	22.52	22.47	102236.91	97802	1	AnneMcLaren	
411	0:07:16	1/1/2019 	424164	511.00	9.00	13.02	22.47	102236.91	1851	0	AnneMcLaren	
412	0:07:17	1/1/2019 	425007	117.00	8.00	7.06	22.48	102237.14	51928	0	AnneMcLaren	
413	0:07:17	1/1/2019 	425653	281.00	9.00	10.82	22.48	102237.16	49825	0	AnneMcLaren	
414	0:07:18	1/1/2019 	426196	147.00	8.00	7.93	22.48	102237.04	1849	1	AnneMcLaren	
415	0:07:19	1/1/2019 	427183	239.00	8.00	10.10	22.49	102237.28	49825	0	AnneMcLaren	
416	0:07:20	1/1/2019 	428154	873.00	77.00	25.92	22.49	102237.16	49825	1	AnneMcLaren	
417	0:07:20	1/1/2019 	428387	766.00	22.00	18.66	22.49	102237.16	1852	1	AnneMcLaren	
418	0:07:22	1/1/2019 	430832	581.00	8.00	13.62	22.50	102237.89	147737	0	AnneMcLaren	
419	0:07:23	1/1/2019 	431481	472.00	8.00	12.63	22.51	102237.91	2594	1	AnneMcLaren	
420	0:07:24	1/1/2019 	431894	142.00	8.00	7.79	22.51	102237.39	49821	0	AnneMcLaren	
421	0:07:24	1/1/2019 	432317	481.00	8.00	12.69	22.51	102237.39	1848	0	AnneMcLaren	
422	0:07:25	1/1/2019 	433584	707.00	13.00	16.00	22.51	102237.02	97795	0	AnneMcLaren	
423	0:07:26	1/1/2019 	434597	77.00	8.00	6.08	22.52	102236.91	49825	0	AnneMcLaren	
424	0:07:27	1/1/2019 	435220	380.00	8.00	11.95	22.52	102236.77	3949	0	AnneMcLaren	
425	0:07:28	1/1/2019 	436087	74.00	8.00	6.03	22.52	102236.27	49823	0	AnneMcLaren	
426	0:07:28	1/1/2019 	436241	362.00	8.00	11.78	22.52	102236.27	1848	0	AnneMcLaren	
427	0:07:30	1/1/2019 	437965	117.00	8.00	7.06	22.53	102236.41	97795	0	AnneMcLaren	
428	0:07:32	1/1/2019 	440726	103.00	8.00	6.67	22.54	102237.28	145773	0	AnneMcLaren	
429	0:07:34	1/1/2019 	442821	168.00	8.00	8.51	22.55	102237.62	98544	0	AnneMcLaren	
430	0:07:35	1/1/2019 	443418	371.00	8.00	11.87	22.56	102237.64	3955	0	AnneMcLaren	
431	0:07:38	1/1/2019 	446627	519.00	9.00	13.09	22.57	102238.03	193744	0	AnneMcLaren	
432	0:07:41	1/1/2019 	449008	640.00	10.00	14.71	22.58	102238.20	97798	1	AnneMcLaren	
433	0:07:44	1/1/2019 	452615	128.00	8.00	7.38	22.59	102238.70	193750	0	AnneMcLaren	
434	0:07:44	1/1/2019 	452699	102.00	8.00	6.65	22.59	102238.92	2592	0	AnneMcLaren	
435	0:07:45	1/1/2019 	453209	401.00	9.00	12.19	22.60	102239.14	1847	0	AnneMcLaren	
436	0:07:47	1/1/2019 	455287	69.00	8.00	5.97	22.60	102238.69	99899	0	AnneMcLaren	
437	0:07:48	1/1/2019 	456413	139.00	8.00	7.70	22.61	102238.81	49823	0	AnneMcLaren	
438	0:07:50	1/1/2019 	458258	97.00	8.00	6.52	22.61	102238.91	97797	0	AnneMcLaren	
439	0:07:51	1/1/2019 	459139	92.00	8.00	6.39	22.62	102239.15	49822	0	AnneMcLaren	
440	0:07:51	1/1/2019 	459416	974.00	319.00	60.28	22.62	102239.15	1848	0	AnneMcLaren	
441	0:07:53	1/1/2019 	461828	754.00	20.00	18.16	22.63	102239.48	145773	0	AnneMcLaren	
442	0:07:55	1/1/2019 	463833	253.00	9.00	10.37	22.63	102239.38	100656	0	AnneMcLaren	
443	0:07:56	1/1/2019 	463860	911.00	110.00	31.95	22.63	102239.38	1859	0	AnneMcLaren	
444	0:07:56	1/1/2019 	463996	363.00	8.00	11.79	22.64	102239.57	1855	0	AnneMcLaren	
445	0:07:56	1/1/2019 	464732	93.00	8.00	6.42	22.64	102239.62	49821	0	AnneMcLaren	
446	0:07:58	1/1/2019 	466341	348.00	8.00	11.64	22.64	102239.55	49820	0	AnneMcLaren	
447	0:07:58	1/1/2019 	466429	694.00	11.00	15.30	22.64	102239.55	1849	0	AnneMcLaren	
448	0:08:00	1/1/2019 	468196	924.00	125.00	34.88	22.65	102239.14	99764	1	AnneMcLaren	
449	0:08:01	1/1/2019 	469041	112.00	8.00	6.92	22.65	102239.02	49827	0	AnneMcLaren	
450	0:08:04	1/1/2019 	471976	351.00	8.00	11.67	22.66	102238.32	145769	0	AnneMcLaren	
451	0:08:05	1/1/2019 	473204	137.00	8.00	7.64	22.67	102238.02	50569	0	AnneMcLaren	
452	0:08:07	1/1/2019 	474926	96.00	8.00	6.49	22.67	102237.56	97797	0	AnneMcLaren	
453	0:08:08	1/1/2019 	476081	91.00	10.00	6.37	22.68	102237.61	49823	0	AnneMcLaren	
454	0:08:08	1/1/2019 	476299	771.00	25.00	19.31	22.68	102237.66	4007	0	AnneMcLaren	
455	0:08:08	1/1/2019 	476439	443.00	8.00	12.43	22.68	102237.66	1850	0	AnneMcLaren	
456	0:08:09	1/1/2019 	477344	125.00	8.00	7.29	22.68	102237.54	49825	0	AnneMcLaren	
457	0:08:12	1/1/2019 	480414	104.00	8.00	6.70	22.69	102237.70	145776	0	AnneMcLaren	
458	0:08:13	1/1/2019 	481387	779.00	28.00	19.87	22.69	102237.55	50571	0	AnneMcLaren	
459	0:08:13	1/1/2019 	481724	816.00	46.00	22.13	22.69	102237.77	49828	0	AnneMcLaren	
460	0:08:16	1/1/2019 	484113	144.00	8.00	7.85	22.70	102237.86	99905	0	AnneMcLaren	
461	0:08:18	1/1/2019 	486839	174.00	8.00	8.67	22.71	102238.49	145779	0	AnneMcLaren	
462	0:08:19	1/1/2019 	487472	78.00	8.00	6.10	22.71	102238.37	1849	0	AnneMcLaren	
463	0:08:19	1/1/2019 	487803	69.00	8.00	5.97	22.71	102238.37	49824	0	AnneMcLaren	
464	0:08:20	1/1/2019 	488636	153.00	8.00	8.10	22.72	102238.64	49825	0	AnneMcLaren	
465	0:08:22	1/1/2019 	489853	663.00	10.00	14.89	22.72	102238.66	49826	0	AnneMcLaren	
466	0:08:25	1/1/2019 	493075	188.00	8.00	9.02	22.73	102239.34	280555	0	AnneMcLaren	
467	0:08:26	1/1/2019 	494369	596.00	9.00	13.97	22.73	102239.61	49825	1	AnneMcLaren	
468	0:08:27	1/1/2019 	495095	634.00	10.00	14.65	22.74	102240.00	49827	1	AnneMcLaren	
469	0:08:28	1/1/2019 	496341	133.00	8.00	7.53	22.74	102240.39	49826	0	AnneMcLaren	
470	0:08:30	1/1/2019 	498146	90.00	8.00	6.35	22.75	102240.11	97798	0	AnneMcLaren	
471	0:08:32	1/1/2019 	500108	98.00	8.00	6.54	22.75	102240.43	97801	0	AnneMcLaren	
472	0:08:33	1/1/2019 	500964	594.00	9.00	13.95	22.76	102240.28	52730	0	AnneMcLaren	
473	0:08:33	1/1/2019 	501069	917.00	114.00	32.75	22.76	102240.28	1851	0	AnneMcLaren	
474	0:08:33	1/1/2019 	501134	376.00	8.00	11.92	22.76	102240.28	1850	0	AnneMcLaren	
475	0:08:35	1/1/2019 	503368	106.00	12.00	6.76	22.76	102240.42	97800	0	AnneMcLaren	
476	0:08:37	1/1/2019 	504904	521.00	9.00	13.11	22.77	102240.48	97804	0	AnneMcLaren	
477	0:08:37	1/1/2019 	505231	466.00	8.00	12.59	22.77	102240.54	1851	1	AnneMcLaren	
478	0:08:37	1/1/2019 	505332	527.00	9.00	13.16	22.77	102240.54	3811	0	AnneMcLaren	
479	0:08:39	1/1/2019 	507198	518.00	9.00	13.08	22.78	102240.11	97804	0	AnneMcLaren	
480	0:08:39	1/1/2019 	507781	80.00	8.00	6.14	22.78	102239.77	49827	0	AnneMcLaren	
481	0:08:41	1/1/2019 	509003	80.00	8.00	6.14	22.78	102239.83	49825	1	AnneMcLaren	
482	0:08:41	1/1/2019 	509445	167.00	8.00	8.48	22.79	102239.88	1851	0	AnneMcLaren	
483	0:08:41	1/1/2019 	509769	641.00	9.00	14.46	22.79	102239.88	49831	0	AnneMcLaren	
484	0:08:42	1/1/2019 	510386	663.00	11.00	15.19	22.79	102240.16	4704	0	AnneMcLaren	
485	0:08:44	1/1/2019 	512726	309.00	8.00	11.18	22.80	102240.44	145776	0	AnneMcLaren	
486	0:08:45	1/1/2019 	513759	88.00	8.00	6.30	22.80	102240.68	49823	0	AnneMcLaren	
487	0:08:46	1/1/2019 	514159	78.00	8.00	6.10	22.81	102240.73	1847	0	AnneMcLaren	
488	0:08:46	1/1/2019 	514752	778.00	25.00	19.32	22.81	102240.55	49825	1	AnneMcLaren	
489	0:08:47	1/1/2019 	515446	250.00	8.00	10.29	22.81	102240.74	1850	0	AnneMcLaren	
490	0:08:49	1/1/2019 	517317	90.00	8.00	6.35	22.82	102241.20	99764	0	AnneMcLaren	
491	0:08:50	1/1/2019 	518026	171.00	8.00	8.59	22.82	102241.08	49825	0	AnneMcLaren	
492	0:08:50	1/1/2019 	518160	79.00	8.00	6.12	22.82	102241.08	1848	0	AnneMcLaren	
493	0:08:52	1/1/2019 	520370	822.00	47.00	22.24	22.83	102241.55	97799	0	AnneMcLaren	
494	0:08:53	1/1/2019 	521185	664.00	10.00	14.89	22.83	102241.44	50571	1	AnneMcLaren	
495	0:08:54	1/1/2019 	521952	269.00	8.00	10.61	22.83	102241.66	49826	0	AnneMcLaren	
496	0:08:55	1/1/2019 	522887	337.00	9.00	11.56	22.84	102241.36	51926	0	AnneMcLaren	
497	0:08:55	1/1/2019 	523721	490.00	9.00	12.85	22.84	102241.41	49825	0	AnneMcLaren	
498	0:08:56	1/1/2019 	524027	755.00	19.00	17.90	22.84	102241.61	1849	0	AnneMcLaren	
499	0:08:57	1/1/2019 	525124	167.00	8.00	8.48	22.84	102241.48	49825	0	AnneMcLaren	
500	0:08:57	1/1/2019 	525129	406.00	8.00	12.17	22.84	102241.48	1849	0	AnneMcLaren	
501	0:08:59	1/1/2019 	526952	143.00	8.00	7.82	22.85	102241.45	97796	0	AnneMcLaren	
502	0:08:59	1/1/2019 	527069	776.00	27.00	19.69	22.85	102241.45	1849	0	AnneMcLaren	
503	0:08:59	1/1/2019 	527173	93.00	9.00	6.42	22.85	102241.45	3867	1	AnneMcLaren	
504	0:09:00	1/1/2019 	528727	634.00	9.00	14.40	22.86	102242.08	97801	0	AnneMcLaren	
505	0:09:02	1/1/2019 	530007	150.00	8.00	8.02	22.87	102242.34	49827	0	AnneMcLaren	
506	0:09:05	1/1/2019 	533167	690.00	11.00	15.30	22.88	102242.70	146521	0	AnneMcLaren	
507	0:09:08	1/1/2019 	535998	119.00	8.00	7.12	22.89	102243.01	145780	0	AnneMcLaren	
508	0:09:08	1/1/2019 	536629	132.00	8.00	7.50	22.89	102242.72	49825	0	AnneMcLaren	
509	0:09:12	1/1/2019 	540365	969.00	369.00	69.27	22.90	102242.58	147877	0	AnneMcLaren	
510	0:09:12	1/1/2019 	540792	662.00	10.00	14.88	22.90	102242.58	50571	0	AnneMcLaren	
511	0:09:13	1/1/2019 	541330	971.00	536.00	92.06	22.91	102242.77	1850	0	AnneMcLaren	
512	0:09:15	1/1/2019 	543313	649.00	9.00	14.52	22.91	102243.09	97797	0	AnneMcLaren	
513	0:09:16	1/1/2019 	544104	961.00	165.00	41.49	22.92	102242.59	49825	0	AnneMcLaren	
514	0:09:18	1/1/2019 	546300	968.00	334.00	62.97	22.92	102242.54	97801	0	AnneMcLaren	
515	0:09:18	1/1/2019 	546449	963.00	175.00	42.76	22.92	102242.54	3953	0	AnneMcLaren	
516	0:09:18	1/1/2019 	546469	757.00	21.00	18.41	22.92	102242.54	1851	0	AnneMcLaren	
517	0:09:19	1/1/2019 	547303	310.00	8.00	11.19	22.92	102242.38	49828	0	AnneMcLaren	
518	0:09:20	1/1/2019 	547933	923.00	126.00	35.07	22.93	102242.44	49830	0	AnneMcLaren	
519	0:09:20	1/1/2019 	548613	159.00	8.00	8.27	22.93	102242.83	49829	0	AnneMcLaren	
520	0:09:21	1/1/2019 	548919	168.00	8.00	8.51	22.93	102242.48	3811	0	AnneMcLaren	
521	0:09:21	1/1/2019 	549209	177.00	8.00	8.75	22.93	102242.48	1848	0	AnneMcLaren	
522	0:09:21	1/1/2019 	549736	63.00	8.00	5.91	22.93	102242.53	49825	0	AnneMcLaren	
523	0:09:25	1/1/2019 	552930	189.00	8.00	9.04	22.94	102242.14	146521	0	AnneMcLaren	
524	0:09:25	1/1/2019 	553415	788.00	30.00	20.21	22.94	102242.20	1848	0	AnneMcLaren	
525	0:09:25	1/1/2019 	553557	83.00	8.00	6.19	22.94	102242.20	49827	0	AnneMcLaren	
526	0:09:25	1/1/2019 	553754	118.00	8.00	7.09	22.95	102242.24	1847	0	AnneMcLaren	
527	0:09:25	1/1/2019 	553761	439.00	9.00	12.48	22.95	102242.24	3948	1	AnneMcLaren	
528	0:09:26	1/1/2019 	554636	740.00	17.00	17.32	22.95	102242.07	49824	0	AnneMcLaren	
529	0:09:26	1/1/2019 	554689	95.00	8.00	6.47	22.95	102242.07	1851	0	AnneMcLaren	
530	0:09:27	1/1/2019 	554875	89.00	8.00	6.32	22.95	102242.12	1847	0	AnneMcLaren	
531	0:09:27	1/1/2019 	555801	677.00	10.00	14.94	22.95	102241.62	49822	0	AnneMcLaren	
532	0:09:28	1/1/2019 	556091	782.00	27.00	19.70	22.95	102241.62	1851	0	AnneMcLaren	
533	0:09:29	1/1/2019 	557353	203.00	9.00	9.38	22.95	102241.49	51790	0	AnneMcLaren	
534	0:09:30	1/1/2019 	558063	643.00	10.00	14.74	22.96	102241.91	49825	0	AnneMcLaren	
535	0:09:30	1/1/2019 	558130	162.00	8.00	8.35	22.96	102241.91	1850	0	AnneMcLaren	
536	0:09:30	1/1/2019 	558216	128.00	8.00	7.38	22.96	102241.91	1847	0	AnneMcLaren	
537	0:09:30	1/1/2019 	558268	171.00	8.00	8.59	22.96	102241.91	1846	0	AnneMcLaren	
538	0:09:30	1/1/2019 	558430	68.00	8.00	5.95	22.96	102241.91	1846	0	AnneMcLaren	
539	0:09:32	1/1/2019 	560671	152.00	8.00	8.07	22.97	102241.68	147736	0	AnneMcLaren	
540	0:09:33	1/1/2019 	561735	569.00	9.00	13.63	22.97	102241.58	50569	0	AnneMcLaren	
541	0:09:34	1/1/2019 	562053	70.00	8.00	5.98	22.97	102241.58	1850	0	AnneMcLaren	
542	0:09:34	1/1/2019 	562375	897.00	94.00	28.86	22.97	102241.40	1848	0	AnneMcLaren	
543	0:09:35	1/1/2019 	562986	143.00	8.00	7.82	22.97	102241.62	49827	0	AnneMcLaren	
544	0:09:35	1/1/2019 	563211	88.00	8.00	6.30	22.97	102241.62	1855	0	AnneMcLaren	
545	0:09:35	1/1/2019 	563821	965.00	167.00	41.76	22.98	102241.33	51928	0	AnneMcLaren	
546	0:09:35	1/1/2019 	563830	74.00	8.00	6.03	22.98	102241.33	1850	0	AnneMcLaren	
547	0:09:36	1/1/2019 	564021	145.00	8.00	7.87	22.98	102241.33	1847	0	AnneMcLaren	
548	0:09:38	1/1/2019 	566760	553.00	9.00	13.44	22.98	102241.27	145776	0	AnneMcLaren	
549	0:09:39	1/1/2019 	567549	75.00	8.00	6.05	22.99	102241.48	49826	0	AnneMcLaren	
550	0:09:40	1/1/2019 	568413	184.00	8.00	8.92	22.99	102241.34	1848	0	AnneMcLaren	
551	0:09:42	1/1/2019 	569937	673.00	4.00	12.59	22.99	102241.75	99768	0	AnneMcLaren	
552	0:09:42	1/1/2019 	570337	134.00	8.00	7.56	23.00	102241.97	2595	0	AnneMcLaren	
553	0:09:42	1/1/2019 	570711	813.00	43.00	21.83	23.00	102241.97	49826	0	AnneMcLaren	
554	0:09:43	1/1/2019 	571300	65.00	8.00	5.92	23.00	102242.16	1849	0	AnneMcLaren	
555	0:09:43	1/1/2019 	571496	351.00	8.00	11.67	23.00	102242.16	1849	0	AnneMcLaren	
556	0:09:44	1/1/2019 	571953	895.00	90.00	28.13	23.00	102242.20	49825	0	AnneMcLaren	
557	0:09:44	1/1/2019 	572340	193.00	9.00	9.15	23.00	102242.20	3952	0	AnneMcLaren	
558	0:09:46	1/1/2019 	574684	464.00	8.00	12.58	23.01	102241.80	145778	0	AnneMcLaren	
559	0:09:48	1/1/2019 	576398	549.00	9.00	13.39	23.01	102241.90	49826	0	AnneMcLaren	
560	0:09:49	1/1/2019 	577407	808.00	45.00	22.02	23.02	102242.27	49827	1	AnneMcLaren	
561	0:09:52	1/1/2019 	580548	276.00	8.00	10.71	23.02	102242.59	193754	0	AnneMcLaren	
562	0:09:53	1/1/2019 	581447	571.00	9.00	13.65	23.03	102242.75	2594	0	AnneMcLaren	
563	0:09:54	1/1/2019 	581972	69.00	8.00	5.97	23.03	102242.80	51925	0	AnneMcLaren	
564	0:09:54	1/1/2019 	582319	187.00	8.00	8.99	23.03	102242.45	1848	0	AnneMcLaren	
565	0:09:55	1/1/2019 	583103	965.00	266.00	52.14	23.03	102242.15	49823	0	AnneMcLaren	
566	0:09:55	1/1/2019 	583237	96.00	8.00	6.49	23.03	102242.15	1852	0	AnneMcLaren	
567	0:09:56	1/1/2019 	584813	77.00	8.00	6.08	23.04	102241.88	97800	0	AnneMcLaren	
568	0:09:57	1/1/2019 	585550	76.00	8.00	6.07	23.04	102241.92	49829	0	AnneMcLaren	
569	0:09:58	1/1/2019 	586593	194.00	8.00	9.16	23.04	102241.80	51786	0	AnneMcLaren	
570	0:10:00	1/1/2019 	588296	73.00	7.00	6.02	23.05	102241.52	49823	0	AnneMcLaren	
571	0:10:00	1/1/2019 	588760	165.00	8.00	8.43	23.05	102241.57	49824	0	AnneMcLaren	
572	0:10:02	1/1/2019 	590552	791.00	33.00	20.64	23.05	102241.12	97801	0	AnneMcLaren	
573	0:10:02	1/1/2019 	590564	816.00	49.00	22.43	23.05	102241.12	2596	0	AnneMcLaren	
574	0:10:03	1/1/2019 	591099	115.00	8.00	7.01	23.06	102241.17	1849	0	AnneMcLaren	
575	0:10:05	1/1/2019 	592868	62.00	8.00	5.90	23.06	102240.37	99900	0	AnneMcLaren	
576	0:10:05	1/1/2019 	593031	158.00	8.00	8.24	23.06	102240.37	1848	0	AnneMcLaren	
577	0:10:07	1/1/2019 	595684	110.00	8.00	6.86	23.07	102240.14	145774	0	AnneMcLaren	
578	0:10:07	1/1/2019 	595730	192.00	8.00	9.11	23.07	102240.14	1848	0	AnneMcLaren	
579	0:10:09	1/1/2019 	596955	574.00	9.00	13.69	23.07	102240.20	49822	0	AnneMcLaren	
580	0:10:10	1/1/2019 	598382	125.00	8.00	7.29	23.08	102240.08	49825	0	AnneMcLaren	
581	0:10:12	1/1/2019 	599269	642.00	10.00	14.73	23.08	102240.12	51845	0	AnneMcLaren	
582	0:10:12	1/1/2019 	599313	143.00	8.00	7.82	23.08	102240.12	1859	0	AnneMcLaren	
583	0:10:12	1/1/2019 	599656	94.00	8.00	6.44	23.08	102240.35	49830	0	AnneMcLaren	
584	0:10:14	1/1/2019 	601881	71.00	8.00	5.99	23.09	102240.77	98738	0	AnneMcLaren	
585	0:10:14	1/1/2019 	602105	131.00	8.00	7.47	23.09	102240.77	1848	0	AnneMcLaren	
586	0:10:15	1/1/2019 	603260	620.00	9.00	14.26	23.09	102240.98	49824	0	AnneMcLaren	
587	0:10:16	1/1/2019 	603325	678.00	11.00	15.27	23.09	102240.98	1851	0	AnneMcLaren	
588	0:10:16	1/1/2019 	603724	178.00	8.00	8.77	23.09	102241.34	51928	0	AnneMcLaren	
589	0:10:16	1/1/2019 	603930	115.00	8.00	7.01	23.09	102241.18	1848	0	AnneMcLaren	
590	0:10:16	1/1/2019 	604124	104.00	8.00	6.70	23.09	102241.18	1848	0	AnneMcLaren	
591	0:10:17	1/1/2019 	604569	812.00	45.00	22.03	23.09	102241.57	49823	0	AnneMcLaren	
592	0:10:17	1/1/2019 	604948	99.00	8.00	6.57	23.09	102241.57	1851	0	AnneMcLaren	
593	0:10:17	1/1/2019 	605154	120.00	8.00	7.15	23.10	102241.62	1847	0	AnneMcLaren	
594	0:10:18	1/1/2019 	606087	241.00	8.00	10.13	23.10	102241.84	51786	0	AnneMcLaren	
595	0:10:18	1/1/2019 	606144	117.00	8.00	7.06	23.10	102241.84	1848	0	AnneMcLaren	
596	0:10:20	1/1/2019 	607871	89.00	8.00	6.32	23.10	102241.88	97802	0	AnneMcLaren	
597	0:10:22	1/1/2019 	609267	318.00	8.00	11.29	23.11	102241.92	49829	0	AnneMcLaren	
598	0:10:22	1/1/2019 	609816	181.00	8.00	8.85	23.11	102241.97	49826	0	AnneMcLaren	
599	0:10:23	1/1/2019 	610443	788.00	32.00	20.50	23.11	102241.62	2789	0	AnneMcLaren	
600	0:10:23	1/1/2019 	610691	531.00	9.00	13.20	23.11	102241.62	51933	1	AnneMcLaren	
601	0:10:23	1/1/2019 	611127	537.00	9.00	13.26	23.11	102241.99	1855	0	AnneMcLaren	
602	0:10:24	1/1/2019 	611732	96.00	8.00	6.49	23.11	102242.39	49825	0	AnneMcLaren	
603	0:10:24	1/1/2019 	611899	95.00	8.00	6.47	23.11	102242.39	1847	0	AnneMcLaren	
604	0:10:25	1/1/2019 	612698	222.00	8.00	9.77	23.12	102242.44	49823	0	AnneMcLaren	
605	0:10:25	1/1/2019 	613159	124.00	9.00	7.27	23.12	102242.27	1848	0	AnneMcLaren	
606	0:10:25	1/1/2019 	613173	81.00	8.00	6.15	23.12	102242.27	3813	0	AnneMcLaren	
607	0:10:26	1/1/2019 	614087	201.00	9.00	9.33	23.12	102241.80	49822	0	AnneMcLaren	
608	0:10:27	1/1/2019 	614636	830.00	54.00	22.95	23.12	102241.81	49824	0	AnneMcLaren	
609	0:10:27	1/1/2019 	614916	199.00	9.00	9.29	23.12	102241.81	1852	0	AnneMcLaren	
610	0:10:27	1/1/2019 	615081	60.00	8.00	5.89	23.12	102241.81	1849	0	AnneMcLaren	
611	0:10:28	1/1/2019 	615280	153.00	8.00	8.10	23.12	102241.86	1847	0	AnneMcLaren	
612	0:10:29	1/1/2019 	616954	794.00	36.00	21.03	23.13	102241.39	99818	0	AnneMcLaren	
613	0:10:30	1/1/2019 	617605	180.00	8.00	8.82	23.13	102241.58	49826	0	AnneMcLaren	
614	0:10:31	1/1/2019 	619044	64.00	8.00	5.92	23.13	102241.33	49824	0	AnneMcLaren	
615	0:10:31	1/1/2019 	619134	296.00	8.00	11.00	23.13	102241.33	1847	0	AnneMcLaren	
616	0:10:31	1/1/2019 	619195	96.00	8.00	6.49	23.13	102241.33	1847	0	AnneMcLaren	
617	0:10:33	1/1/2019 	620484	146.00	8.00	7.90	23.14	102241.37	49823	0	AnneMcLaren	
618	0:10:35	1/1/2019 	622954	108.00	8.00	6.81	23.14	102241.30	148815	0	AnneMcLaren	
619	0:10:36	1/1/2019 	624216	441.00	9.00	12.50	23.15	102240.83	49823	0	AnneMcLaren	
620	0:10:37	1/1/2019 	624657	84.00	8.00	6.21	23.15	102240.83	49826	0	AnneMcLaren	
621	0:10:38	1/1/2019 	625965	150.00	8.00	8.02	23.15	102240.55	49825	0	AnneMcLaren	
622	0:10:39	1/1/2019 	626287	912.00	111.00	32.15	23.15	102240.55	1848	0	AnneMcLaren	
623	0:10:40	1/1/2019 	627584	71.00	8.00	5.99	23.15	102240.77	97803	0	AnneMcLaren	
624	0:10:40	1/1/2019 	627663	82.00	8.00	6.17	23.15	102240.77	3811	0	AnneMcLaren	
625	0:10:41	1/1/2019 	628570	288.00	8.00	10.89	23.16	102241.18	49825	0	AnneMcLaren	
626	0:10:44	1/1/2019 	631830	77.00	8.00	6.08	23.16	102240.78	145779	0	AnneMcLaren	
627	0:10:44	1/1/2019 	632202	745.00	18.00	17.61	23.16	102240.78	2789	0	AnneMcLaren	
628	0:10:45	1/1/2019 	632602	63.00	8.00	5.91	23.17	102241.00	49827	0	AnneMcLaren	
629	0:10:47	1/1/2019 	634973	122.00	8.00	7.21	23.17	102241.25	97800	0	AnneMcLaren	
630	0:10:48	1/1/2019 	636049	101.00	8.00	6.62	23.18	102241.30	51925	0	AnneMcLaren	
631	0:10:50	1/1/2019 	637344	968.00	315.00	59.59	23.18	102241.92	49825	1	AnneMcLaren	
632	0:10:51	1/1/2019 	638988	192.00	8.00	9.11	23.19	102242.16	97804	0	AnneMcLaren	
633	0:10:52	1/1/2019 	639493	65.00	8.00	5.92	23.19	102241.81	1848	0	AnneMcLaren	
