###################################################################################################
### CosmicWatch: The Desktop Muon Detector
### Device ID: AnneMcLaren
### Launch time: 0:17:02 1/1/2019
### Questions? Email Spencer N. Axani (saxani@mit.edu)
### Event Time Date TimeStamp[ms] ADC1 ADC2 SiPM[mV] Temp[C] Pressure[Pa] DeadTime[us] Coincident ID
###################################################################################################
1	0:17:03	1/1/2019 	668	719.00	14.00	16.35	25.72	101582.05	95944	1	AnneMcLaren	
2	0:17:04	1/1/2019 	1071	82.00	7.00	6.17	25.72	101582.22	5919	0	AnneMcLaren	
3	0:17:04	1/1/2019 	1377	162.00	8.00	8.35	25.72	101582.44	1850	0	AnneMcLaren	
4	0:17:04	1/1/2019 	1619	613.00	9.00	14.18	25.72	101582.44	49814	0	AnneMcLaren	
5	0:17:04	1/1/2019 	1845	380.00	8.00	11.95	25.72	101582.09	1848	0	AnneMcLaren	
6	0:17:05	1/1/2019 	2643	452.00	9.00	12.57	25.72	101582.09	49816	0	AnneMcLaren	
7	0:17:06	1/1/2019 	3221	138.00	8.00	7.67	25.73	101582.42	1850	0	AnneMcLaren	
8	0:17:06	1/1/2019 	3338	141.00	8.00	7.76	25.73	101582.42	3808	0	AnneMcLaren	
9	0:17:07	1/1/2019 	4489	813.00	31.00	20.39	25.73	101581.94	49819	1	AnneMcLaren	
10	0:17:07	1/1/2019 	4562	95.00	8.00	6.47	25.73	101581.94	49819	0	AnneMcLaren	
11	0:17:07	1/1/2019 	4599	74.00	8.00	6.03	25.73	101581.94	1846	0	AnneMcLaren	
12	0:17:08	1/1/2019 	5305	253.00	8.00	10.34	25.73	101581.77	1847	0	AnneMcLaren	
13	0:17:08	1/1/2019 	5831	888.00	92.00	28.47	25.73	101581.59	49818	0	AnneMcLaren	
14	0:17:10	1/1/2019 	7748	146.00	8.00	7.90	25.73	101581.83	97791	0	AnneMcLaren	
15	0:17:11	1/1/2019 	8708	505.00	8.00	12.87	25.74	101582.04	51778	1	AnneMcLaren	
16	0:17:11	1/1/2019 	8717	813.00	38.00	21.29	25.74	101582.04	1848	0	AnneMcLaren	
17	0:17:11	1/1/2019 	8778	399.00	8.00	12.11	25.74	101582.04	1849	0	AnneMcLaren	
18	0:17:11	1/1/2019 	8886	248.00	8.00	10.26	25.74	101582.04	1847	0	AnneMcLaren	
19	0:17:12	1/1/2019 	9891	173.00	7.00	8.63	25.74	101581.87	49817	0	AnneMcLaren	
20	0:17:14	1/1/2019 	11141	86.00	8.00	6.26	25.74	101582.09	50560	0	AnneMcLaren	
21	0:17:15	1/1/2019 	12669	62.00	8.00	5.90	25.74	101582.48	99883	0	AnneMcLaren	
22	0:17:16	1/1/2019 	13116	99.00	7.00	6.57	25.74	101582.84	1848	0	AnneMcLaren	
23	0:17:16	1/1/2019 	13578	328.00	8.00	11.41	25.74	101582.84	49819	0	AnneMcLaren	
24	0:17:16	1/1/2019 	13727	137.00	8.00	7.64	25.74	101582.84	1847	0	AnneMcLaren	
25	0:17:17	1/1/2019 	14029	953.00	162.00	41.08	25.74	101582.84	1846	0	AnneMcLaren	
26	0:17:18	1/1/2019 	15411	785.00	28.00	19.88	25.75	101582.88	49822	0	AnneMcLaren	
27	0:17:18	1/1/2019 	15679	65.00	8.00	5.92	25.75	101583.27	51785	0	AnneMcLaren	
28	0:17:20	1/1/2019 	17709	970.00	294.00	56.10	25.75	101582.75	97783	0	AnneMcLaren	
29	0:17:20	1/1/2019 	17817	104.00	7.00	6.70	25.75	101582.79	1850	0	AnneMcLaren	
30	0:17:22	1/1/2019 	19216	94.00	8.00	6.44	25.75	101581.92	49819	0	AnneMcLaren	
31	0:17:22	1/1/2019 	19813	580.00	9.00	13.77	25.75	101581.94	49819	0	AnneMcLaren	
32	0:17:25	1/1/2019 	22833	968.00	302.00	57.39	25.76	101581.11	146503	0	AnneMcLaren	
33	0:17:27	1/1/2019 	24003	405.00	8.00	12.16	25.76	101580.94	49822	0	AnneMcLaren	
34	0:17:27	1/1/2019 	24882	338.00	8.00	11.53	25.76	101580.81	51915	0	AnneMcLaren	
35	0:17:28	1/1/2019 	25887	467.00	8.00	12.60	25.76	101580.47	49816	0	AnneMcLaren	
36	0:17:29	1/1/2019 	26228	73.00	8.00	6.02	25.76	101580.47	1848	0	AnneMcLaren	
37	0:17:29	1/1/2019 	26579	296.00	7.00	10.97	25.76	101580.47	49818	1	AnneMcLaren	
38	0:17:29	1/1/2019 	26639	190.00	8.00	9.07	25.76	101580.47	1849	0	AnneMcLaren	
39	0:17:29	1/1/2019 	26943	73.00	8.00	6.02	25.76	101580.65	1846	0	AnneMcLaren	
40	0:17:30	1/1/2019 	27150	433.00	8.00	12.37	25.76	101580.65	3807	0	AnneMcLaren	
41	0:17:30	1/1/2019 	27824	97.00	8.00	6.52	25.76	101580.48	49817	0	AnneMcLaren	
42	0:17:30	1/1/2019 	27949	287.00	8.00	10.88	25.76	101580.30	1846	0	AnneMcLaren	
43	0:17:31	1/1/2019 	28147	886.00	86.00	27.41	25.76	101580.30	1847	1	AnneMcLaren	
44	0:17:32	1/1/2019 	29664	167.00	8.00	8.48	25.76	101580.48	97795	0	AnneMcLaren	
45	0:17:34	1/1/2019 	31838	114.00	8.00	6.98	25.77	101580.88	98532	0	AnneMcLaren	
46	0:17:35	1/1/2019 	32710	197.00	8.00	9.23	25.77	101580.88	51977	0	AnneMcLaren	
47	0:17:36	1/1/2019 	33779	102.00	8.00	6.65	25.77	101580.92	49823	0	AnneMcLaren	
48	0:17:37	1/1/2019 	34083	958.00	166.00	41.62	25.77	101580.92	1849	0	AnneMcLaren	
49	0:17:38	1/1/2019 	35883	105.00	8.00	6.73	25.77	101580.75	97793	0	AnneMcLaren	
50	0:17:39	1/1/2019 	36224	78.00	8.00	6.10	25.77	101580.58	1847	0	AnneMcLaren	
51	0:17:40	1/1/2019 	37085	564.00	8.00	13.43	25.77	101580.77	49818	0	AnneMcLaren	
52	0:17:40	1/1/2019 	37464	417.00	8.00	12.25	25.77	101580.77	3809	0	AnneMcLaren	
53	0:17:40	1/1/2019 	37721	151.00	8.00	8.05	25.77	101580.77	49816	0	AnneMcLaren	
54	0:17:42	1/1/2019 	39228	68.00	8.00	5.95	25.77	101580.80	49816	0	AnneMcLaren	
55	0:17:42	1/1/2019 	39243	621.00	4.00	12.97	25.77	101580.80	1848	1	AnneMcLaren	
56	0:17:42	1/1/2019 	39971	65.00	8.00	5.92	25.77	101580.80	49820	0	AnneMcLaren	
57	0:17:43	1/1/2019 	40344	769.00	24.00	19.10	25.77	101580.98	2589	0	AnneMcLaren	
58	0:17:46	1/1/2019 	43319	61.00	7.00	5.89	25.78	101581.02	145758	0	AnneMcLaren	
59	0:17:46	1/1/2019 	43984	335.00	8.00	11.50	25.78	101580.50	51920	0	AnneMcLaren	
60	0:17:46	1/1/2019 	43992	102.00	8.00	6.65	25.78	101580.50	1847	0	AnneMcLaren	
61	0:17:47	1/1/2019 	44144	594.00	9.00	13.95	25.78	101580.50	1847	1	AnneMcLaren	
62	0:17:48	1/1/2019 	45605	69.00	8.00	5.97	25.78	101580.72	97788	0	AnneMcLaren	
63	0:17:49	1/1/2019 	46255	722.00	14.00	16.36	25.78	101580.72	1848	1	AnneMcLaren	
64	0:17:49	1/1/2019 	46636	968.00	244.00	49.61	25.78	101580.89	49822	0	AnneMcLaren	
65	0:17:49	1/1/2019 	46674	96.00	8.00	6.49	25.78	101580.89	3810	0	AnneMcLaren	
66	0:17:49	1/1/2019 	46701	831.00	50.00	22.55	25.78	101580.89	1846	0	AnneMcLaren	
67	0:17:50	1/1/2019 	47366	103.00	8.00	6.67	25.78	101580.89	1849	0	AnneMcLaren	
68	0:17:50	1/1/2019 	47391	139.00	8.00	7.70	25.78	101580.89	1848	0	AnneMcLaren	
69	0:17:51	1/1/2019 	48893	863.00	71.00	25.03	25.78	101580.91	97785	0	AnneMcLaren	
70	0:17:52	1/1/2019 	49674	95.00	8.00	6.47	25.78	101580.73	49820	0	AnneMcLaren	
71	0:17:52	1/1/2019 	49909	67.00	8.00	5.94	25.78	101580.73	4736	0	AnneMcLaren	
72	0:17:56	1/1/2019 	53093	62.00	8.00	5.90	25.78	101580.60	145758	0	AnneMcLaren	
73	0:17:57	1/1/2019 	54802	699.00	12.00	15.65	25.79	101580.99	97787	0	AnneMcLaren	
74	0:17:58	1/1/2019 	55245	356.00	8.00	11.72	25.79	101580.99	1850	0	AnneMcLaren	
75	0:17:59	1/1/2019 	56411	102.00	8.00	6.65	25.79	101580.82	49819	0	AnneMcLaren	
76	0:17:59	1/1/2019 	56928	68.00	7.00	5.95	25.79	101580.82	49819	0	AnneMcLaren	
77	0:18:01	1/1/2019 	58150	99.00	7.00	6.57	25.79	101581.03	51834	0	AnneMcLaren	
78	0:18:01	1/1/2019 	58886	584.00	9.00	13.82	25.79	101581.03	49819	1	AnneMcLaren	
79	0:18:02	1/1/2019 	59883	429.00	8.00	12.34	25.79	101581.38	49820	0	AnneMcLaren	
80	0:18:04	1/1/2019 	61825	77.00	8.00	6.08	25.79	101582.41	98530	0	AnneMcLaren	
81	0:18:06	1/1/2019 	63149	556.00	9.00	13.47	25.79	101582.80	49817	0	AnneMcLaren	
82	0:18:06	1/1/2019 	63169	448.00	8.00	12.47	25.79	101582.80	1850	0	AnneMcLaren	
83	0:18:06	1/1/2019 	63573	964.00	182.00	43.58	25.79	101582.80	51917	1	AnneMcLaren	
84	0:18:09	1/1/2019 	66628	148.00	8.00	7.96	25.80	101582.31	145763	0	AnneMcLaren	
85	0:18:09	1/1/2019 	66976	635.00	9.00	14.41	25.80	101582.14	1847	0	AnneMcLaren	
86	0:18:10	1/1/2019 	67065	66.00	8.00	5.93	25.80	101582.14	1848	0	AnneMcLaren	
87	0:18:11	1/1/2019 	68902	878.00	83.00	26.88	25.80	101582.02	97791	0	AnneMcLaren	
88	0:18:12	1/1/2019 	69699	101.00	8.00	6.62	25.80	101581.67	49822	0	AnneMcLaren	
89	0:18:14	1/1/2019 	71108	663.00	10.00	14.89	25.80	101581.33	50562	0	AnneMcLaren	
90	0:18:15	1/1/2019 	72010	185.00	8.00	8.95	25.80	101581.51	51917	0	AnneMcLaren	
91	0:18:15	1/1/2019 	72652	539.00	8.00	13.16	25.80	101581.51	49819	0	AnneMcLaren	
92	0:18:15	1/1/2019 	72841	123.00	8.00	7.24	25.80	101581.68	1846	0	AnneMcLaren	
93	0:18:17	1/1/2019 	74221	153.00	8.00	8.10	25.80	101581.34	49817	0	AnneMcLaren	
94	0:18:17	1/1/2019 	74878	590.00	9.00	13.90	25.80	101581.38	49821	0	AnneMcLaren	
95	0:18:18	1/1/2019 	75095	87.00	8.00	6.28	25.80	101581.38	1857	0	AnneMcLaren	
96	0:18:19	1/1/2019 	76213	131.00	10.00	7.48	25.80	101580.86	51785	0	AnneMcLaren	
97	0:18:20	1/1/2019 	77428	105.00	8.00	6.73	25.80	101580.52	49822	0	AnneMcLaren	
98	0:18:20	1/1/2019 	77694	146.00	8.00	7.90	25.81	101580.73	49816	0	AnneMcLaren	
99	0:18:21	1/1/2019 	78253	69.00	8.00	5.97	25.81	101580.73	1846	0	AnneMcLaren	
100	0:18:22	1/1/2019 	79358	430.00	8.00	12.35	25.81	101580.73	49818	1	AnneMcLaren	
101	0:18:23	1/1/2019 	80350	81.00	7.00	6.15	25.81	101580.91	49818	0	AnneMcLaren	
102	0:18:23	1/1/2019 	80840	198.00	8.00	9.25	25.81	101580.57	52708	0	AnneMcLaren	
103	0:18:25	1/1/2019 	82042	117.00	7.00	7.06	25.81	101580.39	49816	0	AnneMcLaren	
104	0:18:25	1/1/2019 	82374	82.00	7.00	6.17	25.81	101580.22	1850	0	AnneMcLaren	
105	0:18:25	1/1/2019 	82737	189.00	8.00	9.04	25.81	101580.22	49819	0	AnneMcLaren	
106	0:18:26	1/1/2019 	83024	150.00	8.00	8.02	25.81	101580.05	1846	0	AnneMcLaren	
107	0:18:26	1/1/2019 	83949	356.00	8.00	11.72	25.81	101579.70	49819	1	AnneMcLaren	
108	0:18:27	1/1/2019 	84622	365.00	8.00	11.81	25.81	101580.27	51780	1	AnneMcLaren	
109	0:18:27	1/1/2019 	84875	66.00	8.00	5.93	25.81	101580.27	1848	0	AnneMcLaren	
110	0:18:28	1/1/2019 	85937	846.00	58.00	23.41	25.81	101580.27	49819	0	AnneMcLaren	
111	0:18:30	1/1/2019 	87237	729.00	16.00	17.00	25.81	101580.09	49822	1	AnneMcLaren	
112	0:18:31	1/1/2019 	88973	300.00	8.00	11.06	25.81	101580.30	97791	0	AnneMcLaren	
113	0:18:32	1/1/2019 	89055	383.00	8.00	11.98	25.81	101580.30	1849	0	AnneMcLaren	
114	0:18:32	1/1/2019 	89331	194.00	7.00	9.15	25.81	101580.48	3808	0	AnneMcLaren	
115	0:18:32	1/1/2019 	89831	939.00	139.00	37.46	25.81	101580.48	49823	0	AnneMcLaren	
116	0:18:33	1/1/2019 	90578	113.00	8.00	6.95	25.81	101580.48	50563	0	AnneMcLaren	
117	0:18:34	1/1/2019 	91239	366.00	8.00	11.82	25.82	101580.88	1850	0	AnneMcLaren	
118	0:18:35	1/1/2019 	92029	620.00	9.00	14.26	25.82	101580.70	49822	0	AnneMcLaren	
119	0:18:38	1/1/2019 	95604	144.00	8.00	7.85	25.82	101580.53	193736	0	AnneMcLaren	
120	0:18:38	1/1/2019 	95790	874.00	80.00	26.39	25.82	101580.36	1848	0	AnneMcLaren	
121	0:18:38	1/1/2019 	95984	150.00	8.00	8.02	25.82	101580.36	3947	0	AnneMcLaren	
122	0:18:40	1/1/2019 	97832	755.00	21.00	18.41	25.82	101580.41	97788	1	AnneMcLaren	
123	0:18:41	1/1/2019 	98082	231.00	8.00	9.95	25.82	101580.41	1850	0	AnneMcLaren	
124	0:18:41	1/1/2019 	98208	237.00	8.00	10.06	25.82	101580.41	1847	0	AnneMcLaren	
125	0:18:42	1/1/2019 	99481	203.00	8.00	9.37	25.82	101580.23	49818	0	AnneMcLaren	
126	0:18:43	1/1/2019 	100445	400.00	8.00	12.12	25.82	101580.23	49818	0	AnneMcLaren	
127	0:18:44	1/1/2019 	101111	94.00	8.00	6.44	25.82	101580.23	52781	0	AnneMcLaren	
128	0:18:44	1/1/2019 	101127	921.00	118.00	33.53	25.82	101580.23	1849	0	AnneMcLaren	
129	0:18:44	1/1/2019 	101635	109.00	2.00	6.82	25.82	101580.06	49820	0	AnneMcLaren	
130	0:18:45	1/1/2019 	102741	110.00	8.00	6.86	25.82	101580.80	49818	0	AnneMcLaren	
131	0:18:45	1/1/2019 	102801	680.00	11.00	15.27	25.82	101580.80	1848	0	AnneMcLaren	
132	0:18:46	1/1/2019 	103643	640.00	9.00	14.45	25.82	101580.97	49819	1	AnneMcLaren	
133	0:18:48	1/1/2019 	105038	82.00	7.00	6.17	25.82	101580.97	51781	0	AnneMcLaren	
134	0:18:48	1/1/2019 	105067	698.00	12.00	15.65	25.82	101580.97	1850	0	AnneMcLaren	
135	0:18:51	1/1/2019 	108174	80.00	8.00	6.14	25.83	101581.33	145761	0	AnneMcLaren	
136	0:18:52	1/1/2019 	109222	600.00	8.00	13.83	25.83	101580.98	49819	0	AnneMcLaren	
137	0:18:52	1/1/2019 	109738	178.00	8.00	8.77	25.83	101581.16	49820	1	AnneMcLaren	
138	0:18:53	1/1/2019 	110653	267.00	8.00	10.57	25.83	101580.81	50562	0	AnneMcLaren	
139	0:18:56	1/1/2019 	113217	92.00	8.00	6.39	25.83	101580.65	99887	0	AnneMcLaren	
140	0:18:56	1/1/2019 	113363	66.00	8.00	5.93	25.83	101580.65	1848	0	AnneMcLaren	
141	0:18:56	1/1/2019 	113822	96.00	8.00	6.49	25.83	101580.48	49817	0	AnneMcLaren	
142	0:18:57	1/1/2019 	114065	971.00	350.00	65.88	25.83	101580.48	1847	0	AnneMcLaren	
143	0:18:57	1/1/2019 	114445	63.00	8.00	5.91	25.83	101580.30	1850	0	AnneMcLaren	
144	0:18:58	1/1/2019 	115177	453.00	8.00	12.50	25.83	101580.12	49819	0	AnneMcLaren	
145	0:18:58	1/1/2019 	115188	122.00	8.00	7.21	25.83	101580.12	3817	0	AnneMcLaren	
146	0:18:59	1/1/2019 	116257	126.00	8.00	7.32	25.83	101580.52	49823	0	AnneMcLaren	
147	0:18:59	1/1/2019 	116631	130.00	8.00	7.44	25.83	101580.70	49819	0	AnneMcLaren	
148	0:19:00	1/1/2019 	117377	692.00	11.00	15.30	25.83	101580.52	1847	0	AnneMcLaren	
149	0:19:01	1/1/2019 	118124	130.00	8.00	7.44	25.83	101580.17	49821	0	AnneMcLaren	
150	0:19:03	1/1/2019 	120328	412.00	7.00	12.14	25.83	101580.39	97794	0	AnneMcLaren	
151	0:19:04	1/1/2019 	121468	512.00	9.00	13.03	25.83	101580.22	52709	0	AnneMcLaren	
152	0:19:04	1/1/2019 	121887	692.00	11.00	15.30	25.83	101580.04	49820	1	AnneMcLaren	
153	0:19:05	1/1/2019 	122013	69.00	8.00	5.97	25.83	101580.04	1850	0	AnneMcLaren	
154	0:19:05	1/1/2019 	122443	140.00	8.00	7.73	25.83	101579.70	1848	0	AnneMcLaren	
155	0:19:06	1/1/2019 	123324	62.00	8.00	5.90	25.83	101579.52	49820	0	AnneMcLaren	
156	0:19:06	1/1/2019 	123581	949.00	148.00	38.97	25.83	101579.52	49822	1	AnneMcLaren	
157	0:19:07	1/1/2019 	124203	965.00	245.00	49.71	25.83	101579.52	3864	0	AnneMcLaren	
158	0:19:08	1/1/2019 	125262	99.00	8.00	6.57	25.84	101579.91	49822	0	AnneMcLaren	
159	0:19:08	1/1/2019 	125479	95.00	8.00	6.47	25.84	101579.91	1847	0	AnneMcLaren	
160	0:19:09	1/1/2019 	126729	115.00	8.00	7.01	25.84	101579.73	97792	0	AnneMcLaren	
161	0:19:09	1/1/2019 	126738	770.00	24.00	19.11	25.84	101579.73	1848	0	AnneMcLaren	
162	0:19:12	1/1/2019 	129656	767.00	24.00	19.10	25.84	101579.39	145766	0	AnneMcLaren	
163	0:19:13	1/1/2019 	130117	424.00	8.00	12.30	25.84	101579.39	4737	0	AnneMcLaren	
164	0:19:15	1/1/2019 	132987	118.00	8.00	7.09	25.84	101578.71	145764	0	AnneMcLaren	
165	0:19:16	1/1/2019 	133784	314.00	8.00	11.24	25.84	101578.71	49820	0	AnneMcLaren	
166	0:19:18	1/1/2019 	135494	123.00	7.00	7.23	25.84	101579.10	49820	0	AnneMcLaren	
167	0:19:18	1/1/2019 	135674	317.00	8.00	11.28	25.84	101579.10	49823	0	AnneMcLaren	
168	0:19:19	1/1/2019 	136136	433.00	8.00	12.37	25.84	101579.10	1848	0	AnneMcLaren	
169	0:19:21	1/1/2019 	138472	742.00	19.00	17.88	25.84	101578.75	99754	0	AnneMcLaren	
170	0:19:22	1/1/2019 	139023	137.00	7.00	7.64	25.84	101579.14	49824	0	AnneMcLaren	
171	0:19:22	1/1/2019 	139031	722.00	10.00	14.86	25.84	101579.14	1850	0	AnneMcLaren	
172	0:19:23	1/1/2019 	140332	128.00	8.00	7.38	25.84	101579.14	49823	0	AnneMcLaren	
173	0:19:23	1/1/2019 	140671	65.00	8.00	5.92	25.84	101579.14	50565	0	AnneMcLaren	
174	0:19:23	1/1/2019 	140769	436.00	8.00	12.39	25.84	101579.14	1847	0	AnneMcLaren	
175	0:19:24	1/1/2019 	141001	253.00	8.00	10.34	25.84	101579.14	3946	0	AnneMcLaren	
176	0:19:24	1/1/2019 	141120	550.00	9.00	13.40	25.84	101579.14	1849	0	AnneMcLaren	
177	0:19:24	1/1/2019 	141140	709.00	13.00	16.01	25.84	101579.14	1850	0	AnneMcLaren	
178	0:19:25	1/1/2019 	142018	82.00	8.00	6.17	25.84	101578.97	49822	0	AnneMcLaren	
179	0:19:25	1/1/2019 	142074	130.00	8.00	7.44	25.84	101578.62	1849	0	AnneMcLaren	
180	0:19:26	1/1/2019 	143070	798.00	36.00	21.04	25.85	101578.81	49827	0	AnneMcLaren	
181	0:19:26	1/1/2019 	143289	453.00	8.00	12.50	25.85	101578.81	3811	1	AnneMcLaren	
182	0:19:28	1/1/2019 	145365	654.00	9.00	14.54	25.85	101578.47	97797	0	AnneMcLaren	
183	0:19:29	1/1/2019 	146250	915.00	123.00	34.49	25.85	101578.47	49825	1	AnneMcLaren	
184	0:19:29	1/1/2019 	146395	106.00	8.00	6.75	25.85	101578.63	1851	0	AnneMcLaren	
185	0:19:30	1/1/2019 	147199	873.00	81.00	26.54	25.85	101578.63	49820	0	AnneMcLaren	
186	0:19:31	1/1/2019 	148732	412.00	8.00	12.21	25.85	101579.20	97798	0	AnneMcLaren	
187	0:19:31	1/1/2019 	148826	71.00	7.00	5.99	25.85	101579.20	3863	0	AnneMcLaren	
188	0:19:32	1/1/2019 	149192	98.00	8.00	6.54	25.85	101579.38	1851	0	AnneMcLaren	
189	0:19:34	1/1/2019 	151212	965.00	200.00	45.43	25.85	101579.77	97800	0	AnneMcLaren	
190	0:19:34	1/1/2019 	151328	62.00	8.00	5.90	25.85	101579.77	2594	0	AnneMcLaren	
191	0:19:35	1/1/2019 	152048	63.00	8.00	5.91	25.85	101579.59	49819	0	AnneMcLaren	
192	0:19:35	1/1/2019 	152419	175.00	8.00	8.69	25.85	101579.41	1848	0	AnneMcLaren	
193	0:19:36	1/1/2019 	153798	768.00	23.00	18.89	25.85	101579.46	97794	1	AnneMcLaren	
194	0:19:37	1/1/2019 	154555	284.00	8.00	10.83	25.85	101579.28	51921	1	AnneMcLaren	
195	0:19:38	1/1/2019 	155341	101.00	7.00	6.62	25.85	101578.94	1848	0	AnneMcLaren	
196	0:19:39	1/1/2019 	156694	965.00	283.00	54.44	25.85	101578.59	97799	0	AnneMcLaren	
197	0:19:41	1/1/2019 	158038	89.00	8.00	6.32	25.85	101578.25	49825	0	AnneMcLaren	
198	0:19:41	1/1/2019 	158703	114.00	8.00	6.98	25.85	101578.58	49824	0	AnneMcLaren	
199	0:19:42	1/1/2019 	159308	61.00	8.00	5.90	25.85	101578.40	1845	0	AnneMcLaren	
200	0:19:42	1/1/2019 	159867	610.00	9.00	14.15	25.85	101578.23	51784	0	AnneMcLaren	
201	0:19:42	1/1/2019 	159951	72.00	10.00	6.01	25.85	101578.23	2829	0	AnneMcLaren	
202	0:19:43	1/1/2019 	160286	88.00	7.00	6.30	25.85	101578.40	1849	0	AnneMcLaren	
203	0:19:44	1/1/2019 	161902	102.00	8.00	6.65	25.85	101578.23	97796	0	AnneMcLaren	
204	0:19:45	1/1/2019 	162857	90.00	8.00	6.35	25.86	101578.45	49821	0	AnneMcLaren	
205	0:19:47	1/1/2019 	164991	145.00	8.00	7.87	25.86	101577.92	97794	0	AnneMcLaren	
206	0:19:48	1/1/2019 	165318	131.00	7.00	7.47	25.86	101577.92	3946	0	AnneMcLaren	
207	0:19:49	1/1/2019 	166132	109.00	8.00	6.84	25.86	101577.97	49823	0	AnneMcLaren	
208	0:19:49	1/1/2019 	166316	150.00	8.00	8.02	25.86	101577.97	1848	0	AnneMcLaren	
209	0:19:49	1/1/2019 	166411	103.00	8.00	6.67	25.86	101577.97	1846	0	AnneMcLaren	
210	0:19:50	1/1/2019 	167444	918.00	121.00	34.11	25.86	101577.80	49821	0	AnneMcLaren	
211	0:19:52	1/1/2019 	169490	124.00	8.00	7.27	25.86	101577.27	97797	0	AnneMcLaren	
212	0:19:53	1/1/2019 	170911	893.00	94.00	28.85	25.86	101577.66	99760	0	AnneMcLaren	
213	0:19:54	1/1/2019 	171356	186.00	8.00	8.97	25.86	101577.66	2830	1	AnneMcLaren	
214	0:19:54	1/1/2019 	171592	82.00	8.00	6.17	25.86	101577.66	49823	0	AnneMcLaren	
215	0:19:57	1/1/2019 	174580	435.00	8.00	12.38	25.86	101577.14	145771	1	AnneMcLaren	
216	0:19:57	1/1/2019 	174974	383.00	9.00	12.04	25.86	101577.14	1848	0	AnneMcLaren	
217	0:19:58	1/1/2019 	175344	82.00	7.00	6.17	25.86	101576.97	1848	0	AnneMcLaren	
218	0:19:59	1/1/2019 	176259	172.00	8.00	8.62	25.86	101577.16	51923	0	AnneMcLaren	
219	0:19:59	1/1/2019 	176817	229.00	8.00	9.91	25.86	101577.16	49823	1	AnneMcLaren	
220	0:20:00	1/1/2019 	177186	202.00	8.00	9.34	25.86	101577.16	1847	0	AnneMcLaren	
221	0:20:00	1/1/2019 	177866	96.00	8.00	6.49	25.86	101576.98	49821	0	AnneMcLaren	
222	0:20:01	1/1/2019 	178274	402.00	8.00	12.14	25.86	101576.98	1846	1	AnneMcLaren	
223	0:20:01	1/1/2019 	178635	199.00	8.00	9.28	25.86	101577.16	49822	0	AnneMcLaren	
224	0:20:02	1/1/2019 	179863	678.00	10.00	14.94	25.86	101577.16	51784	0	AnneMcLaren	
225	0:20:03	1/1/2019 	180755	661.00	9.00	14.57	25.87	101577.55	50806	0	AnneMcLaren	
226	0:20:04	1/1/2019 	181039	257.00	8.00	10.41	25.87	101577.72	1850	0	AnneMcLaren	
227	0:20:04	1/1/2019 	181857	83.00	8.00	6.19	25.87	101577.89	49822	0	AnneMcLaren	
228	0:20:04	1/1/2019 	181962	155.00	8.00	8.16	25.87	101577.89	1847	0	AnneMcLaren	
229	0:20:05	1/1/2019 	182334	415.00	8.00	12.24	25.87	101577.89	1847	0	AnneMcLaren	
230	0:20:05	1/1/2019 	182548	430.00	8.00	12.35	25.87	101577.89	51920	0	AnneMcLaren	
231	0:20:06	1/1/2019 	183499	559.00	9.00	13.51	25.87	101578.06	1847	0	AnneMcLaren	
232	0:20:07	1/1/2019 	184226	64.00	8.00	5.92	25.87	101578.45	49841	0	AnneMcLaren	
233	0:20:08	1/1/2019 	185958	200.00	8.00	9.30	25.87	101578.45	97794	0	AnneMcLaren	
234	0:20:08	1/1/2019 	185965	130.00	8.00	7.44	25.87	101578.45	1847	0	AnneMcLaren	
235	0:20:09	1/1/2019 	186338	907.00	113.00	32.53	25.87	101578.45	1848	0	AnneMcLaren	
236	0:20:09	1/1/2019 	186429	400.00	8.00	12.12	25.87	101578.45	3811	0	AnneMcLaren	
237	0:20:10	1/1/2019 	187137	82.00	8.00	6.17	25.87	101578.28	49821	0	AnneMcLaren	
238	0:20:10	1/1/2019 	187220	99.00	8.00	6.57	25.87	101578.28	1848	0	AnneMcLaren	
239	0:20:12	1/1/2019 	189973	186.00	8.00	8.97	25.87	101577.98	145769	0	AnneMcLaren	
240	0:20:14	1/1/2019 	191161	85.00	8.00	6.24	25.87	101578.16	50802	0	AnneMcLaren	
241	0:20:15	1/1/2019 	192125	891.00	93.00	28.66	25.87	101578.16	49822	0	AnneMcLaren	
242	0:20:16	1/1/2019 	193342	168.00	8.00	8.51	25.88	101578.21	51921	0	AnneMcLaren	
243	0:20:16	1/1/2019 	193584	717.00	13.00	16.01	25.88	101578.21	49820	0	AnneMcLaren	
244	0:20:16	1/1/2019 	193765	560.00	7.00	13.24	25.88	101578.21	1848	0	AnneMcLaren	
245	0:20:19	1/1/2019 	196073	62.00	8.00	5.90	25.88	101578.03	97796	0	AnneMcLaren	
246	0:20:19	1/1/2019 	196299	74.00	8.00	6.03	25.88	101578.03	1848	0	AnneMcLaren	
247	0:20:19	1/1/2019 	196385	680.00	11.00	15.27	25.88	101578.03	1846	0	AnneMcLaren	
248	0:20:20	1/1/2019 	197011	165.00	8.00	8.43	25.88	101578.59	51784	0	AnneMcLaren	
249	0:20:20	1/1/2019 	197839	167.00	7.00	8.48	25.88	101578.59	49820	0	AnneMcLaren	
250	0:20:21	1/1/2019 	198003	81.00	8.00	6.15	25.88	101578.59	1849	0	AnneMcLaren	
251	0:20:21	1/1/2019 	198097	693.00	11.00	15.30	25.88	101578.42	1849	0	AnneMcLaren	
252	0:20:21	1/1/2019 	198589	78.00	8.00	6.10	25.88	101578.59	49823	0	AnneMcLaren	
253	0:20:21	1/1/2019 	198889	204.00	8.00	9.39	25.88	101578.59	1846	0	AnneMcLaren	
254	0:20:22	1/1/2019 	199005	294.00	9.00	11.01	25.88	101578.59	1848	0	AnneMcLaren	
255	0:20:22	1/1/2019 	199177	80.00	8.00	6.14	25.88	101578.59	3810	0	AnneMcLaren	
256	0:20:23	1/1/2019 	200913	557.00	8.00	13.35	25.88	101578.61	97794	0	AnneMcLaren	
257	0:20:26	1/1/2019 	203742	227.00	8.00	9.87	25.88	101578.44	146749	0	AnneMcLaren	
258	0:20:26	1/1/2019 	203995	108.00	8.00	6.81	25.88	101578.62	1850	0	AnneMcLaren	
259	0:20:28	1/1/2019 	205702	402.00	8.00	12.14	25.88	101578.45	97801	0	AnneMcLaren	
260	0:20:28	1/1/2019 	205788	154.00	9.00	8.13	25.88	101578.45	1849	0	AnneMcLaren	
261	0:20:29	1/1/2019 	206783	160.00	8.00	8.30	25.88	101578.28	51920	0	AnneMcLaren	
262	0:20:30	1/1/2019 	207134	139.00	8.00	7.70	25.89	101578.66	1848	0	AnneMcLaren	
263	0:20:31	1/1/2019 	208182	112.00	8.00	6.92	25.89	101578.50	49822	0	AnneMcLaren	
264	0:20:32	1/1/2019 	209042	101.00	8.00	6.62	25.89	101578.50	49821	0	AnneMcLaren	
265	0:20:32	1/1/2019 	209141	983.00	525.00	90.32	25.89	101578.50	1847	0	AnneMcLaren	
266	0:20:32	1/1/2019 	209257	198.00	8.00	9.25	25.89	101578.33	1849	0	AnneMcLaren	
267	0:20:33	1/1/2019 	210854	142.00	8.00	7.79	25.89	101577.80	99755	0	AnneMcLaren	
268	0:20:33	1/1/2019 	210939	432.00	9.00	12.43	25.89	101577.80	2828	1	AnneMcLaren	
269	0:20:34	1/1/2019 	211688	916.00	127.00	35.25	25.89	101578.36	49824	0	AnneMcLaren	
270	0:20:36	1/1/2019 	213722	665.00	10.00	14.90	25.89	101578.02	97801	0	AnneMcLaren	
271	0:20:37	1/1/2019 	214034	67.00	8.00	5.94	25.89	101578.02	1850	0	AnneMcLaren	
272	0:20:37	1/1/2019 	214627	123.00	9.00	7.24	25.89	101578.02	49821	0	AnneMcLaren	
273	0:20:38	1/1/2019 	215104	86.00	8.00	6.26	25.89	101578.02	3946	0	AnneMcLaren	
274	0:20:38	1/1/2019 	215388	121.00	8.00	7.18	25.89	101578.38	1850	0	AnneMcLaren	
275	0:20:38	1/1/2019 	215773	119.00	8.00	7.12	25.89	101578.20	49825	0	AnneMcLaren	
276	0:20:41	1/1/2019 	218256	872.00	69.00	24.78	25.89	101578.20	97797	1	AnneMcLaren	
277	0:20:41	1/1/2019 	218320	134.00	8.00	7.56	25.89	101578.20	1850	0	AnneMcLaren	
278	0:20:44	1/1/2019 	221215	66.00	4.00	5.93	25.89	101577.86	145774	0	AnneMcLaren	
279	0:20:45	1/1/2019 	222135	533.00	9.00	13.22	25.89	101578.08	52899	0	AnneMcLaren	
280	0:20:45	1/1/2019 	222258	87.00	7.00	6.28	25.89	101578.08	1850	0	AnneMcLaren	
281	0:20:46	1/1/2019 	223136	541.00	8.00	13.18	25.89	101577.90	49822	1	AnneMcLaren	
282	0:20:47	1/1/2019 	224064	72.00	7.00	6.00	25.89	101577.90	49820	0	AnneMcLaren	
283	0:20:47	1/1/2019 	224452	166.00	8.00	8.46	25.89	101577.90	1850	0	AnneMcLaren	
284	0:20:47	1/1/2019 	224472	192.00	8.00	9.11	25.89	101577.90	1846	0	AnneMcLaren	
285	0:20:47	1/1/2019 	224946	559.00	9.00	13.51	25.89	101577.90	51779	1	AnneMcLaren	
286	0:20:48	1/1/2019 	225434	97.00	8.00	6.52	25.89	101577.73	1849	0	AnneMcLaren	
287	0:20:49	1/1/2019 	226598	574.00	9.00	13.69	25.89	101577.90	97793	0	AnneMcLaren	
288	0:20:49	1/1/2019 	226744	269.00	8.00	10.61	25.89	101577.90	1850	1	AnneMcLaren	
289	0:20:51	1/1/2019 	228583	415.00	8.00	12.24	25.90	101577.77	97795	0	AnneMcLaren	
290	0:20:51	1/1/2019 	228812	240.00	8.00	10.11	25.90	101577.77	1848	0	AnneMcLaren	
291	0:20:52	1/1/2019 	229257	448.00	8.00	12.47	25.90	101577.77	3808	0	AnneMcLaren	
292	0:20:54	1/1/2019 	231175	74.00	8.00	6.03	25.90	101577.08	97796	0	AnneMcLaren	
293	0:20:55	1/1/2019 	232692	572.00	9.00	13.67	25.90	101577.30	98776	0	AnneMcLaren	
294	0:20:55	1/1/2019 	232709	110.00	8.00	6.86	25.90	101577.12	1850	0	AnneMcLaren	
295	0:20:56	1/1/2019 	233137	110.00	8.00	6.86	25.90	101577.12	1847	0	AnneMcLaren	
296	0:20:59	1/1/2019 	236489	153.00	8.00	8.10	25.90	101576.95	145770	0	AnneMcLaren	
297	0:21:00	1/1/2019 	237146	699.00	12.00	15.65	25.90	101576.95	51975	0	AnneMcLaren	
298	0:21:01	1/1/2019 	238638	110.00	8.00	6.86	25.90	101576.78	97795	0	AnneMcLaren	
299	0:21:02	1/1/2019 	239759	854.00	66.00	24.35	25.90	101576.83	49823	0	AnneMcLaren	
300	0:21:02	1/1/2019 	239816	101.00	7.00	6.62	25.90	101576.83	2830	0	AnneMcLaren	
301	0:21:03	1/1/2019 	240069	61.00	8.00	5.90	25.90	101576.83	1848	0	AnneMcLaren	
302	0:21:03	1/1/2019 	240445	151.00	8.00	8.05	25.90	101576.83	1848	0	AnneMcLaren	
303	0:21:04	1/1/2019 	241068	173.00	8.00	8.64	25.90	101576.83	51919	0	AnneMcLaren	
304	0:21:06	1/1/2019 	243397	148.00	8.00	7.96	25.90	101576.48	97797	0	AnneMcLaren	
305	0:21:06	1/1/2019 	243566	73.00	8.00	6.02	25.90	101576.48	49822	0	AnneMcLaren	
306	0:21:07	1/1/2019 	244633	971.00	293.00	55.95	25.90	101576.48	49819	0	AnneMcLaren	
307	0:21:07	1/1/2019 	244688	114.00	8.00	6.98	25.90	101576.48	1851	0	AnneMcLaren	
308	0:21:08	1/1/2019 	245029	533.00	9.00	13.22	25.91	101576.70	1847	0	AnneMcLaren	
309	0:21:08	1/1/2019 	245416	605.00	9.00	14.09	25.91	101576.70	3811	0	AnneMcLaren	
310	0:21:09	1/1/2019 	246386	857.00	73.00	25.29	25.91	101576.88	49826	0	AnneMcLaren	
311	0:21:09	1/1/2019 	246416	117.00	8.00	7.06	25.91	101576.88	1857	0	AnneMcLaren	
312	0:21:09	1/1/2019 	246728	88.00	8.00	6.30	25.91	101576.88	49828	0	AnneMcLaren	
313	0:21:10	1/1/2019 	247145	919.00	120.00	33.92	25.91	101577.05	1852	0	AnneMcLaren	
314	0:21:12	1/1/2019 	249315	822.00	52.00	22.74	25.91	101576.88	97799	0	AnneMcLaren	
315	0:21:12	1/1/2019 	249394	156.00	8.00	8.19	25.91	101576.88	1857	1	AnneMcLaren	
316	0:21:12	1/1/2019 	249784	93.00	8.00	6.42	25.91	101576.88	51790	0	AnneMcLaren	
317	0:21:13	1/1/2019 	250602	952.00	158.00	40.51	25.91	101576.70	50805	0	AnneMcLaren	
318	0:21:14	1/1/2019 	251774	161.00	8.00	8.32	25.91	101576.92	49824	0	AnneMcLaren	
319	0:21:16	1/1/2019 	253379	191.00	8.00	9.09	25.91	101576.56	49820	0	AnneMcLaren	
320	0:21:18	1/1/2019 	255100	159.00	8.00	8.27	25.91	101576.56	97793	0	AnneMcLaren	
321	0:21:20	1/1/2019 	257122	147.00	8.00	7.93	25.91	101576.58	97794	0	AnneMcLaren	
322	0:21:20	1/1/2019 	257271	63.00	7.00	5.91	25.91	101576.41	3946	0	AnneMcLaren	
323	0:21:21	1/1/2019 	258048	114.00	8.00	6.98	25.91	101576.23	49821	0	AnneMcLaren	
324	0:21:21	1/1/2019 	258424	136.00	8.00	7.62	25.91	101576.06	1847	0	AnneMcLaren	
325	0:21:22	1/1/2019 	259046	221.00	8.00	9.75	25.91	101576.06	49820	0	AnneMcLaren	
326	0:21:22	1/1/2019 	259779	106.00	8.00	6.75	25.91	101576.27	49822	0	AnneMcLaren	
327	0:21:23	1/1/2019 	260444	261.00	8.00	10.48	25.91	101576.10	2827	0	AnneMcLaren	
328	0:21:26	1/1/2019 	263100	130.00	8.00	7.44	25.91	101575.93	147866	0	AnneMcLaren	
329	0:21:27	1/1/2019 	264386	90.00	8.00	6.35	25.92	101575.97	49820	0	AnneMcLaren	
330	0:21:27	1/1/2019 	264657	803.00	39.00	21.39	25.92	101575.97	49822	0	AnneMcLaren	
331	0:21:29	1/1/2019 	266004	101.00	8.00	6.62	25.92	101576.32	49823	0	AnneMcLaren	
332	0:21:29	1/1/2019 	266441	102.00	7.00	6.64	25.92	101576.49	1847	0	AnneMcLaren	
333	0:21:29	1/1/2019 	266885	646.00	9.00	14.50	25.92	101576.67	49821	0	AnneMcLaren	
334	0:21:31	1/1/2019 	268565	762.00	22.00	18.66	25.92	101577.19	99758	0	AnneMcLaren	
335	0:21:32	1/1/2019 	269849	89.00	8.00	6.32	25.92	101577.19	49825	0	AnneMcLaren	
336	0:21:33	1/1/2019 	270635	65.00	7.00	5.92	25.92	101577.19	50803	1	AnneMcLaren	
337	0:21:34	1/1/2019 	271655	84.00	8.00	6.21	25.92	101577.34	49823	0	AnneMcLaren	
338	0:21:34	1/1/2019 	271729	825.00	51.00	22.64	25.92	101577.34	1848	0	AnneMcLaren	
339	0:21:34	1/1/2019 	271827	404.00	8.00	12.15	25.92	101577.34	1848	0	AnneMcLaren	
340	0:21:34	1/1/2019 	271908	523.00	8.00	13.02	25.92	101577.34	3945	1	AnneMcLaren	
341	0:21:35	1/1/2019 	272258	65.00	7.00	5.92	25.92	101577.17	1847	0	AnneMcLaren	
342	0:21:35	1/1/2019 	272573	327.00	8.00	11.40	25.92	101577.17	49823	0	AnneMcLaren	
343	0:21:36	1/1/2019 	273026	132.00	8.00	7.50	25.92	101577.17	1848	0	AnneMcLaren	
344	0:21:36	1/1/2019 	273779	878.00	79.00	26.24	25.92	101577.34	49821	0	AnneMcLaren	
345	0:21:37	1/1/2019 	274453	64.00	8.00	5.92	25.92	101577.52	1849	0	AnneMcLaren	
346	0:21:39	1/1/2019 	276068	893.00	86.00	27.43	25.92	101577.86	99753	0	AnneMcLaren	
347	0:21:40	1/1/2019 	277766	438.00	9.00	12.47	25.92	101578.43	97796	0	AnneMcLaren	
348	0:21:41	1/1/2019 	278099	308.00	8.00	11.17	25.92	101578.60	1850	0	AnneMcLaren	
349	0:21:43	1/1/2019 	280222	654.00	10.00	14.83	25.92	101578.43	97797	0	AnneMcLaren	
350	0:21:43	1/1/2019 	280623	573.00	9.00	13.68	25.92	101578.43	50805	0	AnneMcLaren	
351	0:21:47	1/1/2019 	284232	389.00	8.00	12.03	25.92	101578.12	145772	1	AnneMcLaren	
352	0:21:47	1/1/2019 	284267	650.00	9.00	14.52	25.92	101578.12	3954	0	AnneMcLaren	
353	0:21:47	1/1/2019 	284350	927.00	121.00	34.12	25.92	101578.12	1856	0	AnneMcLaren	
354	0:21:49	1/1/2019 	286352	785.00	25.00	19.33	25.92	101577.95	97803	0	AnneMcLaren	
355	0:21:51	1/1/2019 	288760	96.00	8.00	6.49	25.92	101577.43	145773	0	AnneMcLaren	
356	0:21:52	1/1/2019 	289123	972.00	305.00	57.88	25.92	101577.43	1849	0	AnneMcLaren	
357	0:21:53	1/1/2019 	290082	615.00	9.00	14.21	25.93	101577.82	49826	0	AnneMcLaren	
358	0:21:54	1/1/2019 	291453	134.00	9.00	7.56	25.93	101577.82	52901	0	AnneMcLaren	
359	0:21:55	1/1/2019 	292301	160.00	4.00	8.27	25.93	101577.99	49824	1	AnneMcLaren	
360	0:21:56	1/1/2019 	293016	78.00	8.00	6.10	25.93	101578.16	49823	0	AnneMcLaren	
361	0:21:56	1/1/2019 	293073	701.00	12.00	15.66	25.93	101578.16	1849	0	AnneMcLaren	
362	0:21:57	1/1/2019 	294113	188.00	8.00	9.02	25.93	101578.34	49823	0	AnneMcLaren	
363	0:21:57	1/1/2019 	294302	211.00	8.00	9.54	25.93	101578.34	1848	1	AnneMcLaren	
364	0:21:57	1/1/2019 	294826	104.00	8.00	6.70	25.93	101578.52	51782	0	AnneMcLaren	
365	0:21:58	1/1/2019 	295274	106.00	8.00	6.75	25.93	101578.52	1846	0	AnneMcLaren	
366	0:21:58	1/1/2019 	295585	147.00	8.00	7.93	25.93	101578.52	49822	0	AnneMcLaren	
367	0:21:58	1/1/2019 	295777	166.00	8.00	8.46	25.93	101578.88	1850	1	AnneMcLaren	
368	0:21:59	1/1/2019 	296662	104.00	7.00	6.70	25.93	101578.52	49827	0	AnneMcLaren	
369	0:22:00	1/1/2019 	297192	83.00	8.00	6.19	25.93	101578.35	1850	0	AnneMcLaren	
370	0:22:00	1/1/2019 	297848	118.00	8.00	7.09	25.93	101578.18	51784	0	AnneMcLaren	
371	0:22:04	1/1/2019 	300260	138.00	7.00	7.67	25.93	101578.05	97795	0	AnneMcLaren	
372	0:22:06	1/1/2019 	302981	143.00	8.00	7.82	25.93	101577.70	146754	0	AnneMcLaren	
373	0:22:08	1/1/2019 	304416	98.00	7.00	6.54	25.93	101577.92	49821	0	AnneMcLaren	
374	0:22:08	1/1/2019 	305221	199.00	8.00	9.28	25.93	101577.92	49824	0	AnneMcLaren	
375	0:22:09	1/1/2019 	305659	583.00	9.00	13.81	25.93	101578.09	49823	0	AnneMcLaren	
376	0:22:09	1/1/2019 	305765	384.00	8.00	11.99	25.93	101578.09	4002	1	AnneMcLaren	
377	0:22:09	1/1/2019 	305782	70.00	8.00	5.98	25.93	101578.09	1847	0	AnneMcLaren	
378	0:22:09	1/1/2019 	305837	73.00	8.00	6.02	25.93	101577.92	1845	0	AnneMcLaren	
379	0:22:09	1/1/2019 	306218	511.00	8.00	12.92	25.93	101577.92	1846	0	AnneMcLaren	
380	0:22:10	1/1/2019 	306341	429.00	8.00	12.34	25.93	101577.75	1847	0	AnneMcLaren	
381	0:22:13	1/1/2019 	309897	550.00	9.00	13.40	25.93	101577.22	193745	0	AnneMcLaren	
382	0:22:15	1/1/2019 	312219	74.00	8.00	6.03	25.94	101577.09	100873	0	AnneMcLaren	
383	0:22:16	1/1/2019 	313054	80.00	7.00	6.13	25.94	101576.92	49822	0	AnneMcLaren	
384	0:22:16	1/1/2019 	313065	148.00	8.00	7.96	25.94	101576.92	1849	0	AnneMcLaren	
385	0:22:18	1/1/2019 	314432	65.00	8.00	5.92	25.94	101576.23	49821	0	AnneMcLaren	
386	0:22:19	1/1/2019 	315876	655.00	10.00	14.84	25.94	101576.59	97797	0	AnneMcLaren	
387	0:22:19	1/1/2019 	315986	449.00	8.00	12.48	25.94	101576.41	1850	1	AnneMcLaren	
388	0:22:20	1/1/2019 	316656	100.00	8.00	6.59	25.94	101576.41	49821	0	AnneMcLaren	
389	0:22:21	1/1/2019 	317660	74.00	8.00	6.03	25.94	101576.59	51727	0	AnneMcLaren	
390	0:22:21	1/1/2019 	317663	148.00	8.00	7.96	25.94	101576.59	1848	0	AnneMcLaren	
391	0:22:22	1/1/2019 	318661	106.00	8.00	6.75	25.94	101576.41	49822	0	AnneMcLaren	
392	0:22:22	1/1/2019 	319242	775.00	28.00	19.86	25.94	101576.41	1848	0	AnneMcLaren	
393	0:22:23	1/1/2019 	319785	135.00	8.00	7.59	25.94	101576.41	49824	0	AnneMcLaren	
394	0:22:23	1/1/2019 	319830	182.00	8.00	8.87	25.94	101576.41	2590	0	AnneMcLaren	
395	0:22:24	1/1/2019 	320459	133.00	8.00	7.53	25.94	101576.59	5180	0	AnneMcLaren	
396	0:22:24	1/1/2019 	320764	121.00	8.00	7.18	25.94	101576.98	49822	0	AnneMcLaren	
397	0:22:26	1/1/2019 	322382	129.00	8.00	7.41	25.94	101576.80	49819	0	AnneMcLaren	
398	0:22:27	1/1/2019 	323751	87.00	8.00	6.28	25.94	101576.28	97795	0	AnneMcLaren	
399	0:22:27	1/1/2019 	324225	117.00	8.00	7.06	25.94	101576.28	1847	0	AnneMcLaren	
400	0:22:28	1/1/2019 	324270	190.00	8.00	9.07	25.94	101576.28	1847	0	AnneMcLaren	
401	0:22:28	1/1/2019 	324778	238.00	8.00	10.08	25.94	101576.28	51783	0	AnneMcLaren	
402	0:22:29	1/1/2019 	326116	466.00	8.00	12.59	25.94	101576.67	49820	0	AnneMcLaren	
403	0:22:29	1/1/2019 	326125	94.00	7.00	6.44	25.94	101576.67	1847	0	AnneMcLaren	
404	0:22:34	1/1/2019 	330620	147.00	8.00	7.93	25.95	101575.84	241720	0	AnneMcLaren	
405	0:22:34	1/1/2019 	330996	77.00	8.00	6.08	25.95	101575.67	2591	0	AnneMcLaren	
406	0:22:35	1/1/2019 	331763	150.00	8.00	8.02	25.95	101575.67	49821	0	AnneMcLaren	
407	0:22:36	1/1/2019 	332549	125.00	8.00	7.29	25.95	101575.50	51921	0	AnneMcLaren	
408	0:22:36	1/1/2019 	332555	701.00	12.00	15.66	25.95	101575.50	1849	0	AnneMcLaren	
409	0:22:36	1/1/2019 	332769	556.00	8.00	13.34	25.95	101575.50	1849	0	AnneMcLaren	
410	0:22:36	1/1/2019 	332958	199.00	8.00	9.28	25.95	101575.50	1847	1	AnneMcLaren	
411	0:22:38	1/1/2019 	334389	163.00	8.00	8.38	25.95	101575.50	49821	0	AnneMcLaren	
412	0:22:39	1/1/2019 	335285	108.00	8.00	6.81	25.95	101575.66	49823	0	AnneMcLaren	
413	0:22:39	1/1/2019 	335994	975.00	441.00	79.90	25.95	101575.66	51784	0	AnneMcLaren	
414	0:22:42	1/1/2019 	338716	143.00	8.00	7.82	25.95	101575.83	145773	0	AnneMcLaren	
415	0:22:43	1/1/2019 	339828	810.00	40.00	21.51	25.95	101576.00	49825	0	AnneMcLaren	
416	0:22:44	1/1/2019 	340793	640.00	9.00	14.45	25.95	101575.83	50568	1	AnneMcLaren	
417	0:22:44	1/1/2019 	340820	179.00	8.00	8.80	25.95	101575.83	1850	1	AnneMcLaren	
418	0:22:45	1/1/2019 	341492	550.00	8.00	13.28	25.95	101575.66	1846	0	AnneMcLaren	
419	0:22:45	1/1/2019 	341973	194.00	8.00	9.16	25.95	101575.66	51920	0	AnneMcLaren	
420	0:22:47	1/1/2019 	343441	851.00	70.00	24.86	25.95	101575.88	49824	0	AnneMcLaren	
421	0:22:47	1/1/2019 	343658	121.00	8.00	7.18	25.95	101575.88	49834	0	AnneMcLaren	
422	0:22:48	1/1/2019 	344267	95.00	8.00	6.47	25.95	101575.53	1851	0	AnneMcLaren	
423	0:22:48	1/1/2019 	344990	933.00	138.00	37.28	25.95	101575.35	49824	0	AnneMcLaren	
424	0:22:48	1/1/2019 	345108	789.00	31.00	20.36	25.95	101575.35	1850	0	AnneMcLaren	
425	0:22:49	1/1/2019 	345372	537.00	9.00	13.26	25.95	101575.18	3864	0	AnneMcLaren	
426	0:22:49	1/1/2019 	345460	456.00	8.00	12.52	25.95	101575.18	1849	0	AnneMcLaren	
427	0:22:49	1/1/2019 	345654	902.00	97.00	29.43	25.95	101575.18	49822	0	AnneMcLaren	
428	0:22:51	1/1/2019 	347460	901.00	101.00	30.18	25.95	101574.48	49824	0	AnneMcLaren	
429	0:22:52	1/1/2019 	348363	440.00	8.00	12.41	25.95	101574.48	49826	0	AnneMcLaren	
430	0:22:52	1/1/2019 	348635	70.00	8.00	5.98	25.95	101574.48	49822	0	AnneMcLaren	
431	0:22:52	1/1/2019 	348942	688.00	11.00	15.29	25.95	101574.48	3809	0	AnneMcLaren	
432	0:22:53	1/1/2019 	349259	760.00	23.00	18.87	25.95	101574.48	1849	1	AnneMcLaren	
433	0:22:55	1/1/2019 	351356	912.00	113.00	32.54	25.95	101574.48	97803	0	AnneMcLaren	
434	0:22:56	1/1/2019 	352834	106.00	8.00	6.75	25.95	101574.36	98545	0	AnneMcLaren	
435	0:22:57	1/1/2019 	353750	97.00	8.00	6.52	25.95	101574.19	49821	0	AnneMcLaren	
436	0:22:57	1/1/2019 	353842	136.00	8.00	7.62	25.95	101574.19	1848	0	AnneMcLaren	
437	0:22:57	1/1/2019 	353848	367.00	8.00	11.83	25.95	101574.19	3944	0	AnneMcLaren	
438	0:22:58	1/1/2019 	354449	350.00	8.00	11.66	25.95	101574.01	1847	0	AnneMcLaren	
439	0:22:58	1/1/2019 	354771	79.00	8.00	6.12	25.95	101574.01	49822	0	AnneMcLaren	
440	0:22:59	1/1/2019 	356051	547.00	8.00	13.24	25.95	101573.84	49822	0	AnneMcLaren	
441	0:23:00	1/1/2019 	356933	79.00	8.00	6.12	25.95	101573.66	49823	0	AnneMcLaren	
442	0:23:01	1/1/2019 	357926	305.00	8.00	11.13	25.96	101573.84	49823	0	AnneMcLaren	
443	0:23:01	1/1/2019 	358069	124.00	8.00	7.27	25.96	101573.67	3808	0	AnneMcLaren	
444	0:23:04	1/1/2019 	360343	142.00	7.00	7.78	25.96	101573.16	97799	0	AnneMcLaren	
445	0:23:05	1/1/2019 	362081	166.00	8.00	8.46	25.96	101572.98	98541	0	AnneMcLaren	
446	0:23:06	1/1/2019 	362321	518.00	8.00	12.97	25.96	101572.98	1847	0	AnneMcLaren	
447	0:23:06	1/1/2019 	363081	101.00	8.00	6.62	25.96	101572.98	49821	0	AnneMcLaren	
448	0:23:12	1/1/2019 	368273	214.00	8.00	9.60	25.96	101572.68	241716	0	AnneMcLaren	
449	0:23:12	1/1/2019 	368316	330.00	8.00	11.44	25.96	101572.68	3945	0	AnneMcLaren	
450	0:23:12	1/1/2019 	368751	66.00	8.00	5.93	25.96	101572.51	49821	0	AnneMcLaren	
451	0:23:12	1/1/2019 	369102	80.00	8.00	6.14	25.96	101572.51	1846	0	AnneMcLaren	
452	0:23:15	1/1/2019 	371427	573.00	9.00	13.68	25.96	101572.55	97796	0	AnneMcLaren	
453	0:23:16	1/1/2019 	373129	265.00	8.00	10.54	25.96	101572.55	98539	0	AnneMcLaren	
454	0:23:17	1/1/2019 	374121	644.00	10.00	14.75	25.96	101572.94	49820	1	AnneMcLaren	
455	0:23:21	1/1/2019 	378086	81.00	8.00	6.15	25.96	101572.59	193742	0	AnneMcLaren	
456	0:23:22	1/1/2019 	379154	102.00	7.00	6.64	25.96	101572.24	51920	0	AnneMcLaren	
457	0:23:25	1/1/2019 	381698	93.00	8.00	6.42	25.97	101572.08	145774	0	AnneMcLaren	
458	0:23:25	1/1/2019 	381730	200.00	8.00	9.30	25.97	101572.08	2591	0	AnneMcLaren	
459	0:23:25	1/1/2019 	381984	186.00	8.00	8.97	25.97	101572.08	1847	0	AnneMcLaren	
460	0:23:26	1/1/2019 	382466	958.00	171.00	42.27	25.97	101572.08	1846	0	AnneMcLaren	
461	0:23:26	1/1/2019 	382865	890.00	73.00	25.37	25.97	101572.08	49824	0	AnneMcLaren	
462	0:23:27	1/1/2019 	383278	106.00	8.00	6.75	25.97	101571.91	3947	0	AnneMcLaren	
463	0:23:27	1/1/2019 	383978	431.00	8.00	12.35	25.97	101571.91	49822	0	AnneMcLaren	
464	0:23:29	1/1/2019 	386128	734.00	18.00	17.59	25.97	101571.73	97796	0	AnneMcLaren	
465	0:23:29	1/1/2019 	386181	801.00	35.00	20.92	25.97	101571.73	1852	0	AnneMcLaren	
466	0:23:30	1/1/2019 	386639	134.00	8.00	7.56	25.97	101572.12	49827	0	AnneMcLaren	
467	0:23:31	1/1/2019 	387327	201.00	8.00	9.32	25.97	101571.95	1852	0	AnneMcLaren	
468	0:23:35	1/1/2019 	391291	118.00	8.00	7.09	25.97	101572.00	195708	0	AnneMcLaren	
469	0:23:36	1/1/2019 	392399	210.00	9.00	9.53	25.97	101572.17	50566	0	AnneMcLaren	
470	0:23:37	1/1/2019 	393295	770.00	24.00	19.11	25.97	101572.00	49826	0	AnneMcLaren	
471	0:23:37	1/1/2019 	393316	227.00	8.00	9.87	25.97	101572.00	1850	0	AnneMcLaren	
472	0:23:37	1/1/2019 	393652	104.00	8.00	6.70	25.97	101572.00	49821	0	AnneMcLaren	
473	0:23:38	1/1/2019 	394999	429.00	8.00	12.34	25.97	101572.00	49820	0	AnneMcLaren	
474	0:23:38	1/1/2019 	395159	813.00	49.00	22.42	25.97	101572.00	4000	0	AnneMcLaren	
475	0:23:40	1/1/2019 	396617	86.00	8.00	6.26	25.97	101572.39	97797	0	AnneMcLaren	
476	0:23:41	1/1/2019 	397396	544.00	9.00	13.34	25.97	101572.39	1848	0	AnneMcLaren	
477	0:23:41	1/1/2019 	397617	261.00	8.00	10.48	25.97	101572.56	49823	0	AnneMcLaren	
478	0:23:41	1/1/2019 	397895	473.00	8.00	12.64	25.97	101572.56	1847	0	AnneMcLaren	
479	0:23:42	1/1/2019 	398728	452.00	9.00	12.57	25.97	101572.56	49822	0	AnneMcLaren	
480	0:23:42	1/1/2019 	399025	188.00	8.00	9.02	25.97	101572.56	3811	0	AnneMcLaren	
481	0:23:43	1/1/2019 	399688	77.00	2.00	6.07	25.97	101572.56	49821	0	AnneMcLaren	
482	0:23:44	1/1/2019 	401249	118.00	7.00	7.09	25.98	101572.57	50564	0	AnneMcLaren	
483	0:23:46	1/1/2019 	402453	764.00	23.00	18.88	25.98	101572.57	49822	0	AnneMcLaren	
484	0:23:49	1/1/2019 	406078	193.00	8.00	9.14	25.98	101572.61	193746	0	AnneMcLaren	
485	0:23:50	1/1/2019 	406742	852.00	70.00	24.87	25.98	101572.44	49821	1	AnneMcLaren	
486	0:23:51	1/1/2019 	408003	109.00	8.00	6.84	25.98	101572.09	51920	0	AnneMcLaren	
487	0:23:51	1/1/2019 	408060	144.00	8.00	7.85	25.98	101572.09	1847	0	AnneMcLaren	
488	0:23:53	1/1/2019 	409887	817.00	49.00	22.43	25.98	101572.09	97794	0	AnneMcLaren	
489	0:23:54	1/1/2019 	410800	98.00	7.00	6.54	25.98	101571.92	50566	0	AnneMcLaren	
490	0:23:55	1/1/2019 	411679	337.00	8.00	11.52	25.98	101571.92	49823	0	AnneMcLaren	
491	0:23:57	1/1/2019 	413431	919.00	123.00	34.50	25.98	101571.92	49823	0	AnneMcLaren	
492	0:23:57	1/1/2019 	413497	637.00	9.00	14.43	25.98	101571.92	3948	0	AnneMcLaren	
493	0:23:57	1/1/2019 	414110	94.00	7.00	6.44	25.98	101571.75	49822	0	AnneMcLaren	
494	0:23:58	1/1/2019 	414857	96.00	8.00	6.49	25.98	101572.14	49821	0	AnneMcLaren	
495	0:23:59	1/1/2019 	415286	150.00	8.00	8.02	25.98	101571.96	1847	0	AnneMcLaren	
496	0:23:59	1/1/2019 	415846	92.00	8.00	6.39	25.98	101571.96	49821	0	AnneMcLaren	
497	0:23:59	1/1/2019 	416196	310.00	8.00	11.19	25.98	101571.96	1846	0	AnneMcLaren	
498	0:24:03	1/1/2019 	420190	102.00	8.00	6.65	25.98	101571.79	195699	0	AnneMcLaren	
499	0:24:05	1/1/2019 	421771	80.00	8.00	6.14	25.98	101572.16	98534	0	AnneMcLaren	
500	0:24:05	1/1/2019 	422119	142.00	8.00	7.79	25.98	101571.98	1847	0	AnneMcLaren	
501	0:24:05	1/1/2019 	422220	427.00	8.00	12.32	25.98	101571.98	1848	0	AnneMcLaren	
502	0:24:06	1/1/2019 	422485	72.00	8.00	6.00	25.98	101571.98	1847	0	AnneMcLaren	
503	0:24:07	1/1/2019 	423837	827.00	59.00	23.48	25.98	101571.45	97791	1	AnneMcLaren	
504	0:24:07	1/1/2019 	423860	721.00	15.00	16.68	25.98	101571.45	3949	0	AnneMcLaren	
505	0:24:08	1/1/2019 	425011	713.00	14.00	16.34	25.98	101571.11	49820	0	AnneMcLaren	
506	0:24:09	1/1/2019 	425899	950.00	145.00	38.48	25.98	101570.77	49824	0	AnneMcLaren	
507	0:24:10	1/1/2019 	426557	257.00	8.00	10.41	25.98	101570.59	49824	0	AnneMcLaren	
508	0:24:10	1/1/2019 	427000	362.00	8.00	11.78	25.98	101570.41	1849	0	AnneMcLaren	
509	0:24:10	1/1/2019 	427176	197.00	8.00	9.23	25.98	101570.41	1847	0	AnneMcLaren	
510	0:24:12	1/1/2019 	428444	770.00	25.00	19.31	25.99	101570.42	51781	0	AnneMcLaren	
511	0:24:13	1/1/2019 	429692	124.00	8.00	7.27	25.99	101569.73	97794	0	AnneMcLaren	
512	0:24:13	1/1/2019 	430147	76.00	8.00	6.07	25.99	101569.73	2590	0	AnneMcLaren	
513	0:24:14	1/1/2019 	430556	217.00	8.00	9.67	25.99	101569.73	49819	0	AnneMcLaren	
514	0:24:16	1/1/2019 	432790	287.00	8.00	10.88	25.99	101569.56	97791	0	AnneMcLaren	
515	0:24:16	1/1/2019 	432893	165.00	8.00	8.43	25.99	101569.56	1847	0	AnneMcLaren	
516	0:24:16	1/1/2019 	433058	208.00	8.00	9.48	25.99	101569.56	3944	0	AnneMcLaren	
517	0:24:17	1/1/2019 	433324	968.00	278.00	53.73	25.99	101569.56	1847	0	AnneMcLaren	
518	0:24:17	1/1/2019 	433575	329.00	8.00	11.43	25.99	101569.56	49822	0	AnneMcLaren	
519	0:24:17	1/1/2019 	434249	431.00	8.00	12.35	25.99	101569.95	1848	0	AnneMcLaren	
520	0:24:18	1/1/2019 	434394	69.00	8.00	5.97	25.99	101569.78	1847	0	AnneMcLaren	
521	0:24:18	1/1/2019 	434427	176.00	8.00	8.72	25.99	101569.78	1847	0	AnneMcLaren	
522	0:24:19	1/1/2019 	435903	141.00	7.00	7.76	25.99	101569.61	99752	0	AnneMcLaren	
523	0:24:21	1/1/2019 	437277	704.00	12.00	15.66	25.99	101569.43	49823	0	AnneMcLaren	
524	0:24:21	1/1/2019 	437489	213.00	8.00	9.58	25.99	101569.43	1850	0	AnneMcLaren	
525	0:24:21	1/1/2019 	437963	657.00	9.00	14.55	25.99	101569.43	49820	0	AnneMcLaren	
526	0:24:25	1/1/2019 	441331	61.00	7.00	5.89	25.99	101569.30	145769	0	AnneMcLaren	
527	0:24:25	1/1/2019 	441752	937.00	141.00	37.80	25.99	101569.30	50566	0	AnneMcLaren	
528	0:24:29	1/1/2019 	445485	140.00	8.00	7.73	25.99	101569.48	147867	0	AnneMcLaren	
529	0:24:32	1/1/2019 	449010	714.00	15.00	16.66	25.99	101568.97	193741	0	AnneMcLaren	
530	0:24:33	1/1/2019 	449448	707.00	13.00	16.00	26.00	101569.18	1850	0	AnneMcLaren	
531	0:24:34	1/1/2019 	450798	187.00	8.00	8.99	26.00	101569.18	97799	0	AnneMcLaren	
532	0:24:35	1/1/2019 	451577	802.00	41.00	21.60	26.00	101569.01	50563	0	AnneMcLaren	
533	0:24:36	1/1/2019 	452492	927.00	137.00	37.10	26.00	101568.66	1851	1	AnneMcLaren	
534	0:24:37	1/1/2019 	453420	75.00	7.00	6.05	26.00	101568.48	51920	0	AnneMcLaren	
535	0:24:38	1/1/2019 	454548	967.00	343.00	64.60	26.00	101568.70	97795	0	AnneMcLaren	
536	0:24:38	1/1/2019 	454768	694.00	12.00	15.64	26.00	101568.88	1869	0	AnneMcLaren	
537	0:24:40	1/1/2019 	456752	76.00	8.00	6.07	26.00	101568.88	97802	0	AnneMcLaren	
538	0:24:41	1/1/2019 	457327	64.00	8.00	5.92	26.00	101569.27	1852	0	AnneMcLaren	
539	0:24:41	1/1/2019 	457870	863.00	69.00	24.76	26.00	101569.09	49821	0	AnneMcLaren	
540	0:24:41	1/1/2019 	457927	974.00	340.00	64.06	26.00	101569.09	3810	0	AnneMcLaren	
541	0:24:42	1/1/2019 	458351	71.00	8.00	5.99	26.00	101569.09	1849	0	AnneMcLaren	
542	0:24:42	1/1/2019 	458834	66.00	7.00	5.93	26.00	101569.09	49821	1	AnneMcLaren	
543	0:24:43	1/1/2019 	460040	138.00	9.00	7.68	26.00	101568.75	49824	0	AnneMcLaren	
544	0:24:44	1/1/2019 	460358	637.00	9.00	14.43	26.00	101568.75	2592	0	AnneMcLaren	
545	0:24:45	1/1/2019 	461263	181.00	8.00	8.85	26.00	101568.75	49823	0	AnneMcLaren	
546	0:24:45	1/1/2019 	461577	640.00	9.00	14.45	26.00	101568.75	49822	0	AnneMcLaren	
547	0:24:45	1/1/2019 	461610	181.00	8.00	8.85	26.00	101568.75	3947	0	AnneMcLaren	
548	0:24:46	1/1/2019 	462844	396.00	8.00	12.09	26.00	101568.57	49821	0	AnneMcLaren	
549	0:24:46	1/1/2019 	463192	184.00	8.00	8.92	26.00	101568.94	1848	0	AnneMcLaren	
550	0:24:47	1/1/2019 	463557	450.00	8.00	12.48	26.00	101568.94	49820	0	AnneMcLaren	
551	0:24:47	1/1/2019 	463580	522.00	8.00	13.01	26.00	101568.94	1848	0	AnneMcLaren	
552	0:24:48	1/1/2019 	464745	794.00	35.00	20.91	26.00	101568.77	49820	0	AnneMcLaren	
553	0:24:49	1/1/2019 	465433	138.00	8.00	7.67	26.00	101568.59	3865	0	AnneMcLaren	
554	0:24:49	1/1/2019 	465943	63.00	8.00	5.91	26.00	101568.77	49819	0	AnneMcLaren	
555	0:24:52	1/1/2019 	468611	116.00	8.00	7.03	26.00	101568.59	145765	0	AnneMcLaren	
556	0:24:53	1/1/2019 	469925	232.00	8.00	9.97	26.01	101568.45	49824	1	AnneMcLaren	
557	0:24:54	1/1/2019 	470583	553.00	8.00	13.31	26.01	101568.62	50565	1	AnneMcLaren	
558	0:24:54	1/1/2019 	470695	472.00	9.00	12.71	26.01	101568.62	1855	0	AnneMcLaren	
559	0:24:55	1/1/2019 	471618	129.00	8.00	7.41	26.01	101568.62	51927	0	AnneMcLaren	
560	0:24:55	1/1/2019 	471712	418.00	8.00	12.26	26.01	101568.62	1856	0	AnneMcLaren	
561	0:24:57	1/1/2019 	473649	107.00	8.00	6.78	26.01	101568.62	97801	0	AnneMcLaren	
562	0:24:57	1/1/2019 	473719	781.00	28.00	19.87	26.01	101568.62	1855	0	AnneMcLaren	
563	0:24:57	1/1/2019 	473975	545.00	9.00	13.35	26.01	101568.62	1857	0	AnneMcLaren	
564	0:24:57	1/1/2019 	474195	72.00	8.00	6.00	26.01	101568.62	1857	0	AnneMcLaren	
565	0:24:58	1/1/2019 	474722	66.00	8.00	5.93	26.01	101568.28	51786	0	AnneMcLaren	
566	0:24:59	1/1/2019 	475467	148.00	8.00	7.96	26.01	101568.28	1848	0	AnneMcLaren	
567	0:24:59	1/1/2019 	475833	101.00	8.00	6.62	26.01	101568.28	49821	0	AnneMcLaren	
568	0:25:00	1/1/2019 	476929	121.00	8.00	7.18	26.01	101568.50	49821	0	AnneMcLaren	
569	0:25:03	1/1/2019 	479421	494.00	9.00	12.88	26.01	101568.33	97795	1	AnneMcLaren	
570	0:25:03	1/1/2019 	479466	721.00	14.00	16.36	26.01	101568.33	1851	0	AnneMcLaren	
571	0:25:03	1/1/2019 	480064	122.00	8.00	7.21	26.01	101568.50	51784	0	AnneMcLaren	
572	0:25:04	1/1/2019 	481017	88.00	7.00	6.30	26.01	101568.33	50562	0	AnneMcLaren	
573	0:25:05	1/1/2019 	481853	798.00	39.00	21.38	26.01	101568.55	49824	0	AnneMcLaren	
574	0:25:06	1/1/2019 	483059	162.00	8.00	8.35	26.01	101568.19	49824	0	AnneMcLaren	
575	0:25:08	1/1/2019 	484606	115.00	8.00	7.01	26.01	101567.84	97796	0	AnneMcLaren	
576	0:25:08	1/1/2019 	484721	776.00	26.00	19.51	26.01	101567.84	1848	0	AnneMcLaren	
577	0:25:10	1/1/2019 	486892	753.00	21.00	18.40	26.01	101567.83	99895	0	AnneMcLaren	
578	0:25:12	1/1/2019 	488394	176.00	8.00	8.72	26.01	101567.83	49824	0	AnneMcLaren	
579	0:25:13	1/1/2019 	490118	513.00	9.00	13.03	26.01	101567.83	97795	0	AnneMcLaren	
580	0:25:14	1/1/2019 	490272	125.00	7.00	7.29	26.01	101567.83	2592	0	AnneMcLaren	
581	0:25:14	1/1/2019 	490359	100.00	8.00	6.59	26.01	101567.83	1849	0	AnneMcLaren	
582	0:25:14	1/1/2019 	490615	920.00	117.00	33.34	26.01	101568.00	49820	1	AnneMcLaren	
583	0:25:14	1/1/2019 	490766	542.00	9.00	13.32	26.01	101568.00	3947	0	AnneMcLaren	
584	0:25:14	1/1/2019 	490887	63.00	7.00	5.91	26.01	101568.00	1848	0	AnneMcLaren	
585	0:25:16	1/1/2019 	492744	117.00	8.00	7.06	26.02	101568.39	97796	0	AnneMcLaren	
586	0:25:20	1/1/2019 	496607	660.00	10.00	14.87	26.02	101568.05	193740	0	AnneMcLaren	
587	0:25:21	1/1/2019 	497943	623.00	9.00	14.30	26.02	101568.44	49822	0	AnneMcLaren	
588	0:25:24	1/1/2019 	500301	75.00	8.00	6.05	26.02	101568.09	97796	0	AnneMcLaren	
589	0:25:24	1/1/2019 	500717	77.00	8.00	6.08	26.02	101568.09	52854	0	AnneMcLaren	
590	0:25:27	1/1/2019 	503612	154.00	8.00	8.13	26.02	101567.95	145765	0	AnneMcLaren	
591	0:25:27	1/1/2019 	504247	979.00	431.00	78.65	26.02	101567.61	1848	0	AnneMcLaren	
592	0:25:30	1/1/2019 	507137	185.00	8.00	8.95	26.02	101567.28	145769	1	AnneMcLaren	
593	0:25:32	1/1/2019 	508904	891.00	99.00	29.77	26.02	101567.11	97797	0	AnneMcLaren	
594	0:25:33	1/1/2019 	509439	188.00	8.00	9.02	26.02	101567.11	1850	0	AnneMcLaren	
595	0:25:34	1/1/2019 	510916	531.00	8.00	13.09	26.03	101567.32	99759	1	AnneMcLaren	
596	0:25:36	1/1/2019 	512825	686.00	11.00	15.29	26.03	101566.62	98737	0	AnneMcLaren	
597	0:25:37	1/1/2019 	513611	95.00	8.00	6.47	26.03	101566.45	49829	0	AnneMcLaren	
598	0:25:41	1/1/2019 	518214	245.00	8.00	10.20	26.03	101567.19	193743	0	AnneMcLaren	
599	0:25:42	1/1/2019 	518579	181.00	8.00	8.85	26.03	101567.19	49822	0	AnneMcLaren	
600	0:25:44	1/1/2019 	520862	213.00	8.00	9.58	26.03	101567.38	97799	0	AnneMcLaren	
601	0:25:45	1/1/2019 	521457	84.00	8.00	6.21	26.03	101567.38	4889	0	AnneMcLaren	
602	0:25:46	1/1/2019 	522260	83.00	8.00	6.19	26.03	101567.20	49826	0	AnneMcLaren	
603	0:25:46	1/1/2019 	522455	135.00	8.00	7.59	26.03	101567.20	1848	0	AnneMcLaren	
604	0:25:46	1/1/2019 	523223	800.00	31.00	20.38	26.03	101567.20	49821	1	AnneMcLaren	
605	0:25:47	1/1/2019 	523666	254.00	8.00	10.36	26.03	101567.20	49822	1	AnneMcLaren	
606	0:25:47	1/1/2019 	524165	449.00	8.00	12.48	26.03	101567.20	1849	0	AnneMcLaren	
607	0:25:48	1/1/2019 	524811	379.00	8.00	11.94	26.03	101567.38	51784	0	AnneMcLaren	
608	0:25:48	1/1/2019 	525252	70.00	7.00	5.98	26.03	101567.55	1853	0	AnneMcLaren	
609	0:25:50	1/1/2019 	526478	152.00	8.00	8.07	26.03	101567.94	49822	0	AnneMcLaren	
610	0:25:52	1/1/2019 	528315	111.00	8.00	6.89	26.03	101568.28	97793	0	AnneMcLaren	
611	0:25:52	1/1/2019 	529155	462.00	8.00	12.56	26.03	101568.45	49822	0	AnneMcLaren	
612	0:25:52	1/1/2019 	529222	706.00	13.00	16.00	26.03	101568.45	1847	1	AnneMcLaren	
613	0:25:54	1/1/2019 	530890	79.00	8.00	6.12	26.03	101568.45	99757	0	AnneMcLaren	
614	0:25:54	1/1/2019 	531234	617.00	9.00	14.23	26.03	101568.64	2784	0	AnneMcLaren	
615	0:25:55	1/1/2019 	531863	134.00	8.00	7.56	26.03	101568.64	49822	0	AnneMcLaren	
616	0:25:55	1/1/2019 	531904	150.00	8.00	8.02	26.03	101568.64	1849	0	AnneMcLaren	
617	0:25:55	1/1/2019 	531990	626.00	9.00	14.33	26.03	101568.81	1848	1	AnneMcLaren	
618	0:25:56	1/1/2019 	532810	971.00	294.00	56.10	26.03	101568.81	49825	0	AnneMcLaren	
619	0:25:59	1/1/2019 	535276	125.00	8.00	7.29	26.04	101570.24	99916	0	AnneMcLaren	
620	0:26:00	1/1/2019 	536753	137.00	8.00	7.64	26.04	101570.59	97795	0	AnneMcLaren	
621	0:26:00	1/1/2019 	536843	360.00	8.00	11.76	26.04	101570.77	1847	0	AnneMcLaren	
622	0:26:01	1/1/2019 	537639	120.00	8.00	7.15	26.04	101570.94	49819	0	AnneMcLaren	
623	0:26:01	1/1/2019 	537936	73.00	7.00	6.02	26.04	101571.11	1847	0	AnneMcLaren	
624	0:26:03	1/1/2019 	540133	87.00	8.00	6.28	26.04	101571.97	97797	0	AnneMcLaren	
625	0:26:04	1/1/2019 	540272	932.00	139.00	37.45	26.04	101571.97	2785	0	AnneMcLaren	
626	0:26:05	1/1/2019 	541790	90.00	8.00	6.35	26.04	101572.36	99914	0	AnneMcLaren	
627	0:26:06	1/1/2019 	542637	854.00	59.00	23.53	26.04	101572.02	49821	0	AnneMcLaren	
628	0:26:06	1/1/2019 	543088	171.00	8.00	8.59	26.04	101572.02	1851	0	AnneMcLaren	
629	0:26:07	1/1/2019 	543850	284.00	8.00	10.83	26.04	101571.84	49819	0	AnneMcLaren	
630	0:26:10	1/1/2019 	546828	68.00	7.00	5.95	26.04	101571.50	145767	0	AnneMcLaren	
631	0:26:10	1/1/2019 	546895	109.00	8.00	6.84	26.04	101571.50	1849	0	AnneMcLaren	
632	0:26:12	1/1/2019 	549142	920.00	125.00	34.88	26.04	101571.52	99774	0	AnneMcLaren	
633	0:26:15	1/1/2019 	551489	134.00	8.00	7.56	26.04	101571.16	97800	0	AnneMcLaren	
634	0:26:15	1/1/2019 	551906	203.00	8.00	9.37	26.04	101571.16	50759	0	AnneMcLaren	
635	0:26:16	1/1/2019 	552280	198.00	8.00	9.25	26.04	101570.99	1847	1	AnneMcLaren	
636	0:26:16	1/1/2019 	552457	134.00	8.00	7.56	26.04	101570.99	1848	0	AnneMcLaren	
637	0:26:18	1/1/2019 	554279	147.00	8.00	7.93	26.04	101570.64	97790	0	AnneMcLaren	
638	0:26:18	1/1/2019 	554307	960.00	156.00	40.21	26.04	101570.64	3942	0	AnneMcLaren	
639	0:26:18	1/1/2019 	555084	168.00	8.00	8.51	26.04	101570.30	49822	0	AnneMcLaren	
640	0:26:19	1/1/2019 	555433	682.00	11.00	15.28	26.04	101570.48	1848	0	AnneMcLaren	
641	0:26:19	1/1/2019 	556130	215.00	8.00	9.63	26.04	101570.48	49822	0	AnneMcLaren	
642	0:26:21	1/1/2019 	557868	181.00	8.00	8.85	26.04	101570.14	97791	0	AnneMcLaren	
643	0:26:21	1/1/2019 	557946	191.00	7.00	9.08	26.04	101570.14	1848	0	AnneMcLaren	
644	0:26:22	1/1/2019 	558760	153.00	8.00	8.10	26.04	101569.95	51779	0	AnneMcLaren	
645	0:26:24	1/1/2019 	561133	137.00	7.00	7.64	26.05	101570.00	97795	0	AnneMcLaren	
646	0:26:26	1/1/2019 	562781	108.00	8.00	6.81	26.05	101569.66	98734	0	AnneMcLaren	
647	0:26:26	1/1/2019 	563184	600.00	8.00	13.83	26.05	101569.83	1848	0	AnneMcLaren	
648	0:26:28	1/1/2019 	564743	151.00	8.00	8.05	26.05	101570.22	97793	0	AnneMcLaren	
649	0:26:29	1/1/2019 	565303	505.00	8.00	12.87	26.05	101570.05	1847	1	AnneMcLaren	
650	0:26:29	1/1/2019 	566241	702.00	13.00	15.99	26.05	101569.70	51974	0	AnneMcLaren	
651	0:26:30	1/1/2019 	566471	857.00	71.00	25.01	26.05	101569.70	1850	1	AnneMcLaren	
652	0:26:30	1/1/2019 	566895	866.00	73.00	25.32	26.05	101569.89	49824	1	AnneMcLaren	
653	0:26:31	1/1/2019 	567765	573.00	9.00	13.68	26.05	101569.71	49822	0	AnneMcLaren	
654	0:26:31	1/1/2019 	568134	216.00	8.00	9.65	26.05	101569.71	1850	0	AnneMcLaren	
655	0:26:32	1/1/2019 	568657	119.00	8.00	7.12	26.05	101569.37	49820	0	AnneMcLaren	
656	0:26:34	1/1/2019 	570365	139.00	7.00	7.70	26.05	101568.67	51781	0	AnneMcLaren	
657	0:26:34	1/1/2019 	570896	77.00	7.00	6.08	26.05	101568.67	50759	0	AnneMcLaren	
658	0:26:36	1/1/2019 	572695	119.00	8.00	7.12	26.05	101568.37	97795	0	AnneMcLaren	
659	0:26:38	1/1/2019 	575090	888.00	91.00	28.29	26.05	101567.84	97794	0	AnneMcLaren	
660	0:26:39	1/1/2019 	575707	85.00	8.00	6.24	26.06	101568.23	49822	0	AnneMcLaren	
661	0:26:41	1/1/2019 	577829	83.00	8.00	6.19	26.06	101568.41	97792	0	AnneMcLaren	
662	0:26:41	1/1/2019 	577986	179.00	8.00	8.80	26.06	101568.41	3946	0	AnneMcLaren	
663	0:26:41	1/1/2019 	578050	216.00	8.00	9.65	26.06	101568.41	1847	0	AnneMcLaren	
664	0:26:44	1/1/2019 	580334	150.00	8.00	8.02	26.06	101568.62	97797	0	AnneMcLaren	
665	0:26:44	1/1/2019 	580956	197.00	8.00	9.23	26.06	101568.45	50764	0	AnneMcLaren	
666	0:26:45	1/1/2019 	581609	249.00	8.00	10.28	26.06	101568.28	49819	0	AnneMcLaren	
667	0:26:45	1/1/2019 	581715	870.00	78.00	26.06	26.06	101568.28	1847	0	AnneMcLaren	
668	0:26:45	1/1/2019 	581745	201.00	9.00	9.33	26.06	101568.28	3948	0	AnneMcLaren	
669	0:26:45	1/1/2019 	582079	675.00	10.00	14.93	26.06	101568.28	1848	0	AnneMcLaren	
670	0:26:46	1/1/2019 	582701	92.00	8.00	6.39	26.06	101567.76	49822	0	AnneMcLaren	
671	0:26:48	1/1/2019 	584703	571.00	8.00	13.50	26.06	101566.72	97793	0	AnneMcLaren	
672	0:26:48	1/1/2019 	584804	69.00	8.00	5.97	26.06	101566.55	1846	0	AnneMcLaren	
673	0:26:51	1/1/2019 	587619	850.00	55.00	23.09	26.06	101566.21	145767	1	AnneMcLaren	
674	0:26:51	1/1/2019 	587643	84.00	8.00	6.21	26.06	101566.21	3811	0	AnneMcLaren	
675	0:26:51	1/1/2019 	588122	152.00	8.00	8.07	26.06	101565.86	1846	0	AnneMcLaren	
676	0:26:52	1/1/2019 	588620	268.00	8.00	10.59	26.06	101565.86	49821	0	AnneMcLaren	
677	0:26:53	1/1/2019 	589739	368.00	9.00	11.89	26.06	101565.69	49822	1	AnneMcLaren	
678	0:26:53	1/1/2019 	590124	904.00	88.00	27.80	26.06	101565.91	2786	0	AnneMcLaren	
679	0:26:54	1/1/2019 	590649	609.00	9.00	14.14	26.06	101565.91	49824	0	AnneMcLaren	
680	0:26:54	1/1/2019 	591228	177.00	8.00	8.75	26.06	101565.91	3948	0	AnneMcLaren	
681	0:26:55	1/1/2019 	591578	165.00	8.00	8.43	26.06	101565.91	49819	0	AnneMcLaren	
682	0:26:58	1/1/2019 	594768	166.00	8.00	8.46	26.06	101565.39	145768	0	AnneMcLaren	
683	0:26:59	1/1/2019 	595742	118.00	8.00	7.09	26.06	101565.39	49822	0	AnneMcLaren	
684	0:27:01	1/1/2019 	597418	961.00	178.00	43.12	26.07	101565.77	49822	0	AnneMcLaren	
685	0:27:01	1/1/2019 	597462	618.00	9.00	14.24	26.07	101565.77	1851	0	AnneMcLaren	
686	0:27:01	1/1/2019 	597941	953.00	149.00	39.13	26.07	101565.60	51784	0	AnneMcLaren	
687	0:27:02	1/1/2019 	598630	189.00	8.00	9.04	26.07	101565.42	49824	0	AnneMcLaren	
688	0:27:03	1/1/2019 	599398	161.00	8.00	8.32	26.07	101565.25	1848	0	AnneMcLaren	
689	0:27:03	1/1/2019 	600192	72.00	7.00	6.00	26.07	101565.25	49822	0	AnneMcLaren	
690	0:27:04	1/1/2019 	600893	123.00	8.00	7.24	26.07	101565.25	50758	0	AnneMcLaren	
691	0:27:04	1/1/2019 	601712	380.00	8.00	11.95	26.07	101565.61	49821	0	AnneMcLaren	
692	0:27:06	1/1/2019 	603133	97.00	8.00	6.52	26.07	101565.27	51918	0	AnneMcLaren	
693	0:27:06	1/1/2019 	603220	143.00	8.00	7.82	26.07	101565.27	1848	0	AnneMcLaren	
694	0:27:12	1/1/2019 	609350	143.00	8.00	7.82	26.07	101566.88	289690	0	AnneMcLaren	
695	0:27:12	1/1/2019 	609655	248.00	8.00	10.26	26.07	101566.88	49829	0	AnneMcLaren	
696	0:27:12	1/1/2019 	609693	140.00	7.00	7.73	26.07	101566.88	2791	0	AnneMcLaren	
697	0:27:13	1/1/2019 	609961	969.00	396.00	73.72	26.07	101566.88	1856	0	AnneMcLaren	
698	0:27:13	1/1/2019 	610145	124.00	8.00	7.27	26.07	101566.88	1857	0	AnneMcLaren	
699	0:27:14	1/1/2019 	611048	540.00	9.00	13.29	26.07	101566.88	51978	0	AnneMcLaren	
700	0:27:14	1/1/2019 	611323	106.00	8.00	6.75	26.07	101566.88	1857	0	AnneMcLaren	
701	0:27:15	1/1/2019 	612207	88.00	7.00	6.30	26.07	101567.05	49823	0	AnneMcLaren	
702	0:27:15	1/1/2019 	612404	85.00	8.00	6.24	26.07	101567.05	1850	0	AnneMcLaren	
703	0:27:17	1/1/2019 	614182	64.00	8.00	5.92	26.07	101567.44	97790	0	AnneMcLaren	
704	0:27:17	1/1/2019 	614707	154.00	8.00	8.13	26.07	101567.61	49820	0	AnneMcLaren	
705	0:27:20	1/1/2019 	617832	168.00	8.00	8.51	26.07	101567.27	147728	0	AnneMcLaren	
706	0:27:21	1/1/2019 	618217	128.00	8.00	7.38	26.08	101567.48	1848	0	AnneMcLaren	
707	0:27:22	1/1/2019 	619816	114.00	8.00	6.98	26.08	101567.13	97795	0	AnneMcLaren	
708	0:27:23	1/1/2019 	619913	84.00	8.00	6.21	26.08	101567.13	2784	0	AnneMcLaren	
709	0:27:24	1/1/2019 	621251	719.00	14.00	16.35	26.08	101566.96	49823	0	AnneMcLaren	
710	0:27:25	1/1/2019 	621914	84.00	7.00	6.21	26.08	101566.78	49824	0	AnneMcLaren	
711	0:27:25	1/1/2019 	621973	201.00	8.00	9.32	26.08	101566.78	3948	1	AnneMcLaren	
712	0:27:26	1/1/2019 	623066	64.00	8.00	5.92	26.08	101566.78	49820	0	AnneMcLaren	
713	0:27:28	1/1/2019 	625044	886.00	91.00	28.28	26.08	101566.61	97792	0	AnneMcLaren	
714	0:27:29	1/1/2019 	625948	777.00	28.00	19.86	26.08	101566.61	49823	0	AnneMcLaren	
715	0:27:29	1/1/2019 	626229	436.00	8.00	12.39	26.08	101566.61	1850	1	AnneMcLaren	
716	0:27:30	1/1/2019 	627201	167.00	8.00	8.48	26.08	101566.78	49821	0	AnneMcLaren	
717	0:27:30	1/1/2019 	627476	660.00	10.00	14.87	26.08	101567.11	3810	0	AnneMcLaren	
718	0:27:30	1/1/2019 	627701	81.00	8.00	6.15	26.08	101567.11	49822	0	AnneMcLaren	
719	0:27:31	1/1/2019 	628887	337.00	8.00	11.52	26.08	101567.11	49822	0	AnneMcLaren	
720	0:27:33	1/1/2019 	630309	158.00	8.00	8.24	26.08	101567.28	49823	0	AnneMcLaren	
721	0:27:33	1/1/2019 	630382	889.00	84.00	27.08	26.08	101567.28	2786	0	AnneMcLaren	
722	0:27:35	1/1/2019 	632683	916.00	116.00	33.13	26.08	101567.85	145771	0	AnneMcLaren	
723	0:27:35	1/1/2019 	632837	528.00	9.00	13.17	26.08	101567.85	3950	0	AnneMcLaren	
724	0:27:38	1/1/2019 	634997	198.00	8.00	9.25	26.08	101568.02	97798	0	AnneMcLaren	
725	0:27:40	1/1/2019 	637463	113.00	8.00	6.95	26.08	101567.50	97795	0	AnneMcLaren	
726	0:27:41	1/1/2019 	637923	960.00	163.00	41.22	26.08	101567.67	49819	0	AnneMcLaren	
727	0:27:41	1/1/2019 	638091	99.00	8.00	6.57	26.08	101567.67	1851	0	AnneMcLaren	
728	0:27:42	1/1/2019 	639469	224.00	8.00	9.81	26.08	101568.24	49820	0	AnneMcLaren	
