###################################################################################################
### CosmicWatch: The Desktop Muon Detector
### Device ID: WillisLamb
### Launch time: 16:51:37 13/2/2023
### Questions? Email Spencer N. Axani (saxani@mit.edu)
### Event Time Date TimeStamp[ms] ADC1 ADC2 SiPM[mV] Temp[C] Pressure[Pa] DeadTime[us] Coincident ID
###################################################################################################
1	16:51:39	13/2/2023 	1845	441.00	7.00	12.34	30.67	100034.49	143914	0	WillisLamb	
2	16:51:39	13/2/2023 	1961	340.00	7.00	11.50	30.67	100034.49	5151	0	WillisLamb	
3	16:51:40	13/2/2023 	2241	777.00	48.00	22.22	30.67	100034.31	1850	0	WillisLamb	
4	16:51:40	13/2/2023 	2809	80.00	7.00	6.13	30.67	100034.15	49818	0	WillisLamb	
5	16:51:41	13/2/2023 	3176	176.00	7.00	8.71	30.67	100033.98	1849	0	WillisLamb	
6	16:51:41	13/2/2023 	3187	357.00	7.00	11.68	30.67	100033.98	1851	0	WillisLamb	
7	16:51:41	13/2/2023 	3404	133.00	7.00	7.52	30.67	100033.98	1849	0	WillisLamb	
8	16:51:45	13/2/2023 	7034	76.00	6.00	6.06	30.67	100033.78	196214	0	WillisLamb	
9	16:51:46	13/2/2023 	8695	160.00	7.00	8.29	30.67	100033.44	97789	0	WillisLamb	
10	16:51:46	13/2/2023 	8876	663.00	15.00	16.22	30.67	100033.44	1850	0	WillisLamb	
11	16:51:46	13/2/2023 	8960	547.00	8.00	13.24	30.67	100033.44	1849	0	WillisLamb	
12	16:51:47	13/2/2023 	9455	436.00	7.00	12.31	30.67	100033.27	1848	0	WillisLamb	
13	16:51:47	13/2/2023 	9733	576.00	8.00	13.56	30.67	100033.27	49821	0	WillisLamb	
14	16:51:49	13/2/2023 	11252	105.00	7.00	6.72	30.67	100033.17	50614	0	WillisLamb	
15	16:51:49	13/2/2023 	11322	686.00	14.00	16.22	30.67	100033.17	4354	0	WillisLamb	
16	16:51:49	13/2/2023 	11433	282.00	7.00	10.77	30.67	100033.17	1849	0	WillisLamb	
17	16:51:49	13/2/2023 	11440	64.00	6.00	5.91	30.67	100033.17	1850	0	WillisLamb	
18	16:51:49	13/2/2023 	11658	326.00	7.00	11.35	30.67	100033.17	49816	0	WillisLamb	
19	16:51:49	13/2/2023 	11733	859.00	98.00	29.45	30.67	100033.17	1849	0	WillisLamb	
20	16:51:49	13/2/2023 	11804	731.00	30.00	19.94	30.67	100033.17	1848	0	WillisLamb	
21	16:51:49	13/2/2023 	11959	147.00	7.00	7.93	30.67	100033.17	4416	0	WillisLamb	
22	16:51:50	13/2/2023 	12036	783.00	58.00	23.24	30.67	100033.17	1849	0	WillisLamb	
23	16:51:50	13/2/2023 	12731	166.00	8.00	8.46	30.67	100033.17	49820	0	WillisLamb	
24	16:51:51	13/2/2023 	13226	919.00	136.00	36.91	30.67	100033.17	1847	0	WillisLamb	
25	16:51:51	13/2/2023 	13287	208.00	7.00	9.46	30.67	100033.17	1851	0	WillisLamb	
26	16:51:52	13/2/2023 	14718	795.00	70.00	24.70	30.68	100033.59	97787	0	WillisLamb	
27	16:51:52	13/2/2023 	14779	825.00	80.00	26.24	30.68	100033.59	4333	0	WillisLamb	
28	16:51:52	13/2/2023 	14811	69.00	6.00	5.96	30.68	100033.59	1848	0	WillisLamb	
29	16:51:53	13/2/2023 	15417	343.00	7.00	11.54	30.68	100033.59	1848	0	WillisLamb	
30	16:51:54	13/2/2023 	16841	68.00	7.00	5.95	30.68	100033.83	97788	0	WillisLamb	
31	16:51:55	13/2/2023 	17576	229.00	7.00	9.89	30.68	100033.83	49817	0	WillisLamb	
32	16:51:55	13/2/2023 	17792	410.00	7.00	12.13	30.68	100033.66	1850	0	WillisLamb	
33	16:51:56	13/2/2023 	18396	963.00	281.00	54.16	30.68	100033.66	4334	1	WillisLamb	
34	16:51:56	13/2/2023 	18494	377.00	7.00	11.87	30.68	100033.66	1851	0	WillisLamb	
35	16:51:57	13/2/2023 	19043	83.00	7.00	6.19	30.68	100033.49	49821	0	WillisLamb	
36	16:51:59	13/2/2023 	21654	516.00	7.00	12.85	30.68	100033.39	145767	0	WillisLamb	
37	16:52:00	13/2/2023 	22362	438.00	8.00	12.40	30.68	100033.39	2646	0	WillisLamb	
38	16:52:00	13/2/2023 	22427	678.00	13.00	15.87	30.68	100033.39	1848	1	WillisLamb	
39	16:52:01	13/2/2023 	23315	77.00	7.00	6.08	30.68	100033.22	52327	0	WillisLamb	
40	16:52:01	13/2/2023 	23598	98.00	6.00	6.54	30.68	100033.22	49823	0	WillisLamb	
41	16:52:01	13/2/2023 	23982	110.00	7.00	6.86	30.68	100033.22	1849	0	WillisLamb	
42	16:52:03	13/2/2023 	25210	124.00	7.00	7.26	30.68	100033.05	49821	0	WillisLamb	
43	16:52:03	13/2/2023 	25291	616.00	9.00	14.22	30.68	100033.05	1850	0	WillisLamb	
44	16:52:03	13/2/2023 	25366	219.00	7.00	9.69	30.68	100033.47	1849	0	WillisLamb	
45	16:52:04	13/2/2023 	26209	830.00	88.00	27.55	30.68	100033.47	52329	1	WillisLamb	
46	16:52:04	13/2/2023 	26720	974.00	330.00	62.25	30.68	100033.30	49820	0	WillisLamb	
47	16:52:04	13/2/2023 	26740	816.00	77.00	25.75	30.68	100033.30	1849	0	WillisLamb	
48	16:52:05	13/2/2023 	27041	93.00	7.00	6.42	30.68	100033.12	1852	0	WillisLamb	
49	16:52:05	13/2/2023 	27047	79.00	6.00	6.11	30.68	100033.12	1857	0	WillisLamb	
50	16:52:05	13/2/2023 	27836	77.00	7.00	6.08	30.68	100033.30	49823	0	WillisLamb	
51	16:52:05	13/2/2023 	27858	649.00	10.00	14.80	30.68	100033.30	1850	0	WillisLamb	
52	16:52:05	13/2/2023 	27907	880.00	105.00	30.87	30.68	100033.30	4333	1	WillisLamb	
53	16:52:05	13/2/2023 	27995	762.00	37.00	21.03	30.68	100033.30	1850	0	WillisLamb	
54	16:52:06	13/2/2023 	28310	271.00	7.00	10.61	30.68	100033.12	1852	0	WillisLamb	
55	16:52:06	13/2/2023 	28781	208.00	7.00	9.46	30.68	100032.95	49826	0	WillisLamb	
56	16:52:07	13/2/2023 	29751	726.00	25.00	19.10	30.69	100033.38	49824	1	WillisLamb	
57	16:52:08	13/2/2023 	30036	69.00	7.00	5.96	30.69	100033.38	2655	0	WillisLamb	
58	16:52:09	13/2/2023 	31218	949.00	161.00	40.94	30.69	100033.03	52329	0	WillisLamb	
59	16:52:10	13/2/2023 	32856	412.00	8.00	12.21	30.69	100032.69	97791	0	WillisLamb	
60	16:52:11	13/2/2023 	33959	78.00	7.00	6.10	30.69	100033.10	49820	0	WillisLamb	
61	16:52:12	13/2/2023 	34269	102.00	6.00	6.64	30.69	100032.76	1849	0	WillisLamb	
62	16:52:13	13/2/2023 	35629	121.00	6.00	7.17	30.69	100032.93	97791	0	WillisLamb	
63	16:52:14	13/2/2023 	36293	886.00	111.00	32.06	30.69	100032.76	1850	0	WillisLamb	
64	16:52:14	13/2/2023 	36863	960.00	216.00	46.92	30.69	100032.76	52306	1	WillisLamb	
65	16:52:14	13/2/2023 	36991	87.00	7.00	6.28	30.69	100032.76	1850	0	WillisLamb	
66	16:52:15	13/2/2023 	37145	507.00	7.00	12.78	30.69	100032.76	1848	0	WillisLamb	
67	16:52:15	13/2/2023 	37770	151.00	6.00	8.03	30.69	100032.76	49821	0	WillisLamb	
68	16:52:16	13/2/2023 	38303	454.00	7.00	12.42	30.69	100032.76	1849	0	WillisLamb	
69	16:52:16	13/2/2023 	38401	443.00	7.00	12.35	30.69	100032.76	1851	0	WillisLamb	
70	16:52:16	13/2/2023 	38455	77.00	7.00	6.08	30.69	100032.76	4334	0	WillisLamb	
71	16:52:16	13/2/2023 	38656	574.00	8.00	13.54	30.69	100032.76	49821	0	WillisLamb	
72	16:52:18	13/2/2023 	40153	625.00	9.00	14.32	30.69	100032.83	49820	0	WillisLamb	
73	16:52:19	13/2/2023 	41389	193.00	10.00	9.16	30.69	100032.66	50616	0	WillisLamb	
74	16:52:19	13/2/2023 	41452	425.00	8.00	12.31	30.69	100032.66	1850	0	WillisLamb	
75	16:52:19	13/2/2023 	41687	161.00	7.00	8.32	30.69	100032.49	49818	0	WillisLamb	
76	16:52:19	13/2/2023 	41880	193.00	7.00	9.13	30.69	100032.49	4374	0	WillisLamb	
77	16:52:20	13/2/2023 	42897	262.00	7.00	10.47	30.70	100033.08	49819	0	WillisLamb	
78	16:52:23	13/2/2023 	45183	907.00	126.00	35.04	30.70	100032.91	97794	0	WillisLamb	
79	16:52:24	13/2/2023 	46027	195.00	7.00	9.17	30.70	100032.73	49824	0	WillisLamb	
80	16:52:24	13/2/2023 	46779	147.00	7.00	7.93	30.70	100033.15	49821	0	WillisLamb	
81	16:52:25	13/2/2023 	47270	137.00	7.00	7.64	30.70	100033.32	1848	0	WillisLamb	
82	16:52:26	13/2/2023 	48948	666.00	12.00	15.49	30.70	100033.49	100340	0	WillisLamb	
83	16:52:27	13/2/2023 	49422	808.00	75.00	25.43	30.70	100033.88	1852	0	WillisLamb	
84	16:52:27	13/2/2023 	49694	74.00	6.00	6.03	30.70	100033.88	49829	0	WillisLamb	
85	16:52:27	13/2/2023 	49729	61.00	7.00	5.89	30.70	100033.88	2652	0	WillisLamb	
86	16:52:27	13/2/2023 	49952	108.00	6.00	6.80	30.70	100034.05	1853	0	WillisLamb	
87	16:52:28	13/2/2023 	50026	633.00	10.00	14.64	30.70	100034.05	1849	1	WillisLamb	
88	16:52:29	13/2/2023 	51028	778.00	42.00	21.64	30.70	100033.70	52302	0	WillisLamb	
89	16:52:29	13/2/2023 	51054	110.00	7.00	6.86	30.70	100033.70	1851	0	WillisLamb	
90	16:52:29	13/2/2023 	51186	306.00	7.00	11.10	30.70	100033.70	1849	0	WillisLamb	
91	16:52:29	13/2/2023 	51697	685.00	14.00	16.21	30.70	100033.70	49819	0	WillisLamb	
92	16:52:30	13/2/2023 	52072	559.00	8.00	13.37	30.70	100033.53	1850	0	WillisLamb	
93	16:52:30	13/2/2023 	52472	148.00	7.00	7.96	30.70	100033.53	1848	0	WillisLamb	
94	16:52:31	13/2/2023 	53665	93.00	7.00	6.42	30.70	100033.02	97790	0	WillisLamb	
95	16:52:32	13/2/2023 	54015	236.00	7.00	10.02	30.70	100033.02	4333	0	WillisLamb	
96	16:52:32	13/2/2023 	54308	125.00	7.00	7.29	30.70	100033.02	1851	0	WillisLamb	
97	16:52:32	13/2/2023 	54993	156.00	7.00	8.18	30.70	100032.85	49820	0	WillisLamb	
98	16:52:33	13/2/2023 	55196	605.00	9.00	14.09	30.70	100032.85	1850	0	WillisLamb	
99	16:52:33	13/2/2023 	55655	76.00	7.00	6.06	30.70	100033.27	49821	0	WillisLamb	
100	16:52:34	13/2/2023 	56271	743.00	30.00	20.03	30.70	100033.27	1850	0	WillisLamb	
101	16:52:34	13/2/2023 	56313	794.00	50.00	22.47	30.70	100033.27	4311	0	WillisLamb	
102	16:52:34	13/2/2023 	56376	259.00	7.00	10.42	30.70	100033.09	1850	0	WillisLamb	
103	16:52:34	13/2/2023 	56398	84.00	6.00	6.21	30.70	100033.09	1849	0	WillisLamb	
104	16:52:34	13/2/2023 	56412	69.00	7.00	5.96	30.70	100033.09	1849	0	WillisLamb	
105	16:52:34	13/2/2023 	56414	578.00	7.00	13.42	30.70	100033.09	1850	0	WillisLamb	
106	16:52:34	13/2/2023 	56961	958.00	235.00	48.70	30.70	100032.92	49819	0	WillisLamb	
107	16:52:35	13/2/2023 	57672	134.00	6.00	7.55	30.70	100033.09	52280	0	WillisLamb	
108	16:52:35	13/2/2023 	57798	894.00	117.00	33.26	30.70	100033.09	1850	0	WillisLamb	
109	16:52:36	13/2/2023 	58194	243.00	7.00	10.15	30.70	100032.92	1850	0	WillisLamb	
110	16:52:36	13/2/2023 	58644	573.00	8.00	13.53	30.70	100032.92	49822	0	WillisLamb	
111	16:52:36	13/2/2023 	58833	903.00	120.00	33.88	30.70	100032.92	1847	0	WillisLamb	
112	16:52:37	13/2/2023 	59275	92.00	6.00	6.39	30.71	100033.51	1850	0	WillisLamb	
113	16:52:37	13/2/2023 	59280	146.00	7.00	7.90	30.71	100033.51	4309	0	WillisLamb	
114	16:52:37	13/2/2023 	59440	629.00	9.00	14.36	30.71	100033.51	1849	0	WillisLamb	
115	16:52:37	13/2/2023 	59681	125.00	6.00	7.29	30.70	100032.92	49821	0	WillisLamb	
116	16:52:37	13/2/2023 	59974	783.00	67.00	24.26	30.70	100032.92	2645	0	WillisLamb	
117	16:52:37	13/2/2023 	59983	680.00	13.00	15.89	30.70	100032.92	1851	0	WillisLamb	
118	16:52:38	13/2/2023 	60097	153.00	7.00	8.10	30.70	100032.92	1850	0	WillisLamb	
119	16:52:38	13/2/2023 	60596	584.00	8.00	13.65	30.70	100032.92	52301	0	WillisLamb	
120	16:52:39	13/2/2023 	61726	111.00	6.00	6.89	30.71	100033.17	49816	0	WillisLamb	
121	16:52:39	13/2/2023 	61779	119.00	7.00	7.12	30.71	100033.17	1849	0	WillisLamb	
122	16:52:40	13/2/2023 	62564	628.00	9.00	14.35	30.71	100033.34	49818	0	WillisLamb	
123	16:52:41	13/2/2023 	63289	358.00	7.00	11.69	30.71	100033.34	1851	0	WillisLamb	
124	16:52:41	13/2/2023 	63758	520.00	8.00	12.99	30.71	100033.51	49819	0	WillisLamb	
125	16:52:41	13/2/2023 	63929	375.00	7.00	11.85	30.71	100033.51	4307	0	WillisLamb	
126	16:52:41	13/2/2023 	63941	62.00	7.00	5.90	30.71	100033.75	1849	0	WillisLamb	
127	16:52:42	13/2/2023 	64363	83.00	7.00	6.19	30.71	100033.75	1850	0	WillisLamb	
128	16:52:43	13/2/2023 	65346	140.00	6.00	7.72	30.71	100033.92	49819	0	WillisLamb	
129	16:52:43	13/2/2023 	65905	957.00	187.00	44.12	30.71	100033.92	49819	0	WillisLamb	
130	16:52:44	13/2/2023 	66141	596.00	8.00	13.79	30.71	100033.75	1850	0	WillisLamb	
131	16:52:44	13/2/2023 	66735	430.00	7.00	12.27	30.71	100033.58	52275	0	WillisLamb	
132	16:52:44	13/2/2023 	66814	782.00	68.00	24.38	30.71	100033.58	1848	0	WillisLamb	
133	16:52:44	13/2/2023 	66886	440.00	8.00	12.41	30.71	100033.58	1850	0	WillisLamb	
134	16:52:45	13/2/2023 	67625	389.00	7.00	11.97	30.71	100033.58	49818	0	WillisLamb	
135	16:52:46	13/2/2023 	68238	301.00	7.00	11.04	30.71	100033.58	1851	0	WillisLamb	
136	16:52:46	13/2/2023 	68553	960.00	213.00	46.64	30.71	100033.58	49820	0	WillisLamb	
137	16:52:47	13/2/2023 	69604	318.00	7.00	11.25	30.71	100033.41	52282	0	WillisLamb	
138	16:52:48	13/2/2023 	70645	141.00	6.00	7.75	30.71	100033.41	50616	0	WillisLamb	
139	16:52:48	13/2/2023 	70785	367.00	7.00	11.78	30.71	100033.41	1849	0	WillisLamb	
140	16:52:48	13/2/2023 	70973	430.00	7.00	12.27	30.71	100033.41	1849	0	WillisLamb	
141	16:52:49	13/2/2023 	71031	99.00	6.00	6.56	30.71	100033.66	1849	0	WillisLamb	
142	16:52:50	13/2/2023 	72857	607.00	8.00	13.91	30.71	100032.97	97788	0	WillisLamb	
143	16:52:51	13/2/2023 	73595	978.00	654.00	117.22	30.71	100032.62	52322	0	WillisLamb	
144	16:52:55	13/2/2023 	77953	130.00	7.00	7.44	30.71	100032.70	193735	0	WillisLamb	
145	16:52:56	13/2/2023 	78318	78.00	7.00	6.10	30.71	100032.88	1852	0	WillisLamb	
146	16:52:56	13/2/2023 	78405	196.00	7.00	9.20	30.71	100032.88	1858	0	WillisLamb	
147	16:52:57	13/2/2023 	79032	64.00	6.00	5.91	30.71	100032.88	49827	0	WillisLamb	
148	16:52:57	13/2/2023 	79820	522.00	8.00	13.01	30.71	100032.88	49826	0	WillisLamb	
149	16:52:58	13/2/2023 	80473	839.00	91.00	28.10	30.71	100032.88	5155	1	WillisLamb	
150	16:52:58	13/2/2023 	80630	242.00	7.00	10.13	30.71	100032.88	49829	0	WillisLamb	
151	16:52:59	13/2/2023 	81026	927.00	145.00	38.47	30.71	100032.70	1855	0	WillisLamb	
152	16:53:00	13/2/2023 	82653	643.00	10.00	14.74	30.72	100032.95	97793	1	WillisLamb	
153	16:53:00	13/2/2023 	82714	962.00	270.00	52.65	30.72	100032.95	1851	1	WillisLamb	
154	16:53:04	13/2/2023 	86668	207.00	7.00	9.44	30.72	100032.78	193738	0	WillisLamb	
155	16:53:05	13/2/2023 	87034	93.00	7.00	6.42	30.72	100033.02	4333	0	WillisLamb	
156	16:53:05	13/2/2023 	87077	78.00	7.00	6.10	30.72	100033.02	1850	0	WillisLamb	
157	16:53:07	13/2/2023 	89934	756.00	36.00	20.89	30.72	100033.02	145762	1	WillisLamb	
158	16:53:08	13/2/2023 	90684	74.00	6.00	6.03	30.72	100032.85	50619	0	WillisLamb	
159	16:53:08	13/2/2023 	90714	973.00	435.00	79.14	30.72	100032.85	1849	1	WillisLamb	
160	16:53:09	13/2/2023 	91180	77.00	7.00	6.08	30.72	100032.85	1850	0	WillisLamb	
161	16:53:09	13/2/2023 	91353	486.00	7.00	12.63	30.72	100032.85	4330	0	WillisLamb	
162	16:53:09	13/2/2023 	91486	534.00	8.00	13.12	30.72	100032.85	1850	0	WillisLamb	
163	16:53:09	13/2/2023 	91699	124.00	7.00	7.26	30.72	100033.02	49819	0	WillisLamb	
164	16:53:10	13/2/2023 	92241	140.00	7.00	7.73	30.72	100032.85	1849	0	WillisLamb	
165	16:53:10	13/2/2023 	92627	86.00	7.00	6.26	30.72	100032.85	49821	0	WillisLamb	
166	16:53:10	13/2/2023 	92803	249.00	7.00	10.25	30.72	100032.85	1849	0	WillisLamb	
167	16:53:11	13/2/2023 	93611	227.00	7.00	9.85	30.72	100032.68	49822	0	WillisLamb	
168	16:53:11	13/2/2023 	93727	687.00	14.00	16.23	30.72	100032.68	4333	1	WillisLamb	
169	16:53:12	13/2/2023 	94043	128.00	6.00	7.37	30.72	100032.68	1850	0	WillisLamb	
170	16:53:12	13/2/2023 	94551	611.00	8.00	13.95	30.72	100032.68	49820	0	WillisLamb	
171	16:53:12	13/2/2023 	94634	958.00	213.00	46.64	30.72	100032.68	1848	1	WillisLamb	
172	16:53:13	13/2/2023 	95018	850.00	96.00	29.04	30.72	100033.09	1849	0	WillisLamb	
173	16:53:13	13/2/2023 	95408	242.00	7.00	10.13	30.72	100033.09	1851	0	WillisLamb	
174	16:53:14	13/2/2023 	96045	864.00	102.00	30.22	30.72	100032.92	52303	1	WillisLamb	
175	16:53:14	13/2/2023 	96673	60.00	7.00	5.89	30.72	100033.09	49823	0	WillisLamb	
176	16:53:15	13/2/2023 	97032	972.00	384.00	71.80	30.72	100033.09	1850	0	WillisLamb	
177	16:53:15	13/2/2023 	97181	75.00	6.00	6.05	30.72	100032.75	1850	0	WillisLamb	
178	16:53:15	13/2/2023 	97432	757.00	37.00	21.01	30.72	100032.75	1848	0	WillisLamb	
179	16:53:15	13/2/2023 	97610	68.00	6.00	5.95	30.72	100032.75	49821	0	WillisLamb	
180	16:53:15	13/2/2023 	97660	329.00	7.00	11.38	30.72	100032.58	4352	0	WillisLamb	
181	16:53:15	13/2/2023 	97823	68.00	6.00	5.95	30.72	100032.58	1849	0	WillisLamb	
182	16:53:16	13/2/2023 	98132	242.00	7.00	10.13	30.72	100032.58	1848	0	WillisLamb	
183	16:53:16	13/2/2023 	98175	160.00	7.00	8.29	30.72	100032.58	1850	0	WillisLamb	
184	16:53:17	13/2/2023 	99254	72.00	7.00	6.00	30.72	100032.58	49818	0	WillisLamb	
185	16:53:18	13/2/2023 	100410	64.00	7.00	5.91	30.72	100032.58	49822	0	WillisLamb	
186	16:53:18	13/2/2023 	100441	66.00	7.00	5.93	30.72	100032.58	9662	0	WillisLamb	
187	16:53:18	13/2/2023 	100690	82.00	6.00	6.17	30.72	100032.58	49821	0	WillisLamb	
188	16:53:19	13/2/2023 	101133	664.00	11.00	15.19	30.72	100032.66	1849	0	WillisLamb	
189	16:53:19	13/2/2023 	101641	98.00	6.00	6.54	30.72	100032.66	49823	0	WillisLamb	
190	16:53:20	13/2/2023 	102241	957.00	264.00	51.88	30.72	100032.66	1848	0	WillisLamb	
191	16:53:20	13/2/2023 	102345	788.00	54.00	22.85	30.72	100032.66	1851	0	WillisLamb	
192	16:53:20	13/2/2023 	102709	728.00	25.00	19.11	30.72	100032.66	52369	0	WillisLamb	
193	16:53:20	13/2/2023 	102768	690.00	15.00	16.53	30.72	100032.66	1850	0	WillisLamb	
194	16:53:20	13/2/2023 	102814	601.00	8.00	13.84	30.72	100032.66	1849	0	WillisLamb	
195	16:53:21	13/2/2023 	103121	323.00	7.00	11.31	30.72	100032.48	1847	0	WillisLamb	
196	16:53:21	13/2/2023 	103291	967.00	280.00	54.01	30.72	100032.48	1852	0	WillisLamb	
197	16:53:21	13/2/2023 	103430	785.00	57.00	23.14	30.72	100032.48	1849	0	WillisLamb	
198	16:53:21	13/2/2023 	103795	125.00	7.00	7.29	30.72	100032.48	52307	0	WillisLamb	
199	16:53:21	13/2/2023 	103834	74.00	7.00	6.03	30.72	100032.48	1849	0	WillisLamb	
200	16:53:21	13/2/2023 	103863	563.00	8.00	13.41	30.72	100032.48	1848	0	WillisLamb	
201	16:53:22	13/2/2023 	104269	544.00	8.00	13.21	30.72	100032.66	1847	0	WillisLamb	
202	16:53:22	13/2/2023 	104279	986.00	733.00	131.58	30.72	100032.66	1850	1	WillisLamb	
203	16:53:22	13/2/2023 	104577	623.00	9.00	14.30	30.72	100032.66	49824	0	WillisLamb	
204	16:53:22	13/2/2023 	104727	80.00	7.00	6.13	30.72	100032.66	4332	0	WillisLamb	
205	16:53:22	13/2/2023 	104743	974.00	434.00	79.02	30.72	100032.66	1849	0	WillisLamb	
206	16:53:23	13/2/2023 	105008	398.00	7.00	12.04	30.72	100032.66	1850	0	WillisLamb	
207	16:53:23	13/2/2023 	105418	636.00	10.00	14.67	30.72	100032.66	1851	0	WillisLamb	
208	16:53:23	13/2/2023 	105771	584.00	8.00	13.65	30.72	100032.66	49821	0	WillisLamb	
209	16:53:24	13/2/2023 	106278	123.00	7.00	7.23	30.72	100032.66	1848	0	WillisLamb	
210	16:53:24	13/2/2023 	106411	603.00	8.00	13.87	30.72	100032.66	4335	0	WillisLamb	
211	16:53:25	13/2/2023 	107188	138.00	7.00	7.67	30.72	100032.66	49820	0	WillisLamb	
212	16:53:25	13/2/2023 	107417	93.00	6.00	6.41	30.72	100032.48	1851	0	WillisLamb	
213	16:53:25	13/2/2023 	107468	107.00	7.00	6.78	30.72	100032.48	1848	0	WillisLamb	
214	16:53:25	13/2/2023 	107586	65.00	6.00	5.92	30.72	100032.48	49821	0	WillisLamb	
215	16:53:27	13/2/2023 	109121	665.00	12.00	15.48	30.72	100032.14	49821	0	WillisLamb	
216	16:53:27	13/2/2023 	109388	781.00	46.00	22.04	30.72	100032.14	4334	0	WillisLamb	
217	16:53:28	13/2/2023 	110428	801.00	71.00	24.85	30.72	100032.14	49825	0	WillisLamb	
218	16:53:28	13/2/2023 	110678	100.00	6.00	6.59	30.72	100031.97	50619	0	WillisLamb	
219	16:53:28	13/2/2023 	110753	711.00	18.00	17.48	30.72	100031.97	1848	0	WillisLamb	
220	16:53:30	13/2/2023 	112486	104.00	6.00	6.70	30.72	100031.63	49822	0	WillisLamb	
221	16:53:31	13/2/2023 	113822	262.00	7.00	10.47	30.72	100031.45	97797	0	WillisLamb	
222	16:53:33	13/2/2023 	115185	143.00	7.00	7.81	30.73	100031.53	52326	0	WillisLamb	
223	16:53:34	13/2/2023 	116060	65.00	7.00	5.92	30.73	100031.53	49823	0	WillisLamb	
224	16:53:34	13/2/2023 	116258	708.00	18.00	17.46	30.73	100031.53	1851	0	WillisLamb	
225	16:53:34	13/2/2023 	116615	61.00	7.00	5.89	30.73	100031.53	49822	0	WillisLamb	
226	16:53:34	13/2/2023 	116813	603.00	8.00	13.87	30.73	100031.36	1849	0	WillisLamb	
227	16:53:35	13/2/2023 	117223	147.00	7.00	7.93	30.73	100031.36	1847	0	WillisLamb	
228	16:53:35	13/2/2023 	117320	785.00	54.00	22.84	30.73	100031.36	4334	0	WillisLamb	
229	16:53:36	13/2/2023 	118239	179.00	7.00	8.79	30.73	100031.53	49823	0	WillisLamb	
230	16:53:36	13/2/2023 	118778	127.00	7.00	7.35	30.73	100031.36	49824	0	WillisLamb	
231	16:53:37	13/2/2023 	119084	95.00	6.00	6.46	30.73	100031.36	1850	0	WillisLamb	
232	16:53:38	13/2/2023 	120432	76.00	6.00	6.06	30.73	100031.36	49822	0	WillisLamb	
233	16:53:38	13/2/2023 	120630	100.00	6.00	6.59	30.73	100031.36	50619	0	WillisLamb	
234	16:53:39	13/2/2023 	121272	156.00	7.00	8.18	30.73	100031.95	4418	0	WillisLamb	
235	16:53:39	13/2/2023 	121819	68.00	7.00	5.95	30.73	100031.95	49823	0	WillisLamb	
236	16:53:39	13/2/2023 	121863	181.00	7.00	8.84	30.73	100031.95	1850	0	WillisLamb	
237	16:53:41	13/2/2023 	123568	801.00	69.00	24.59	30.73	100031.44	97795	0	WillisLamb	
238	16:53:42	13/2/2023 	124425	835.00	83.00	26.74	30.73	100031.27	1851	0	WillisLamb	
239	16:53:43	13/2/2023 	125383	116.00	7.00	7.03	30.73	100031.09	49823	0	WillisLamb	
240	16:53:44	13/2/2023 	126451	392.00	7.00	11.99	30.73	100031.65	52372	0	WillisLamb	
241	16:53:45	13/2/2023 	127117	665.00	12.00	15.48	30.73	100031.48	49826	0	WillisLamb	
242	16:53:46	13/2/2023 	128423	404.00	7.00	12.09	30.73	100031.48	49822	0	WillisLamb	
243	16:53:47	13/2/2023 	129629	575.00	8.00	13.55	30.73	100031.48	97797	0	WillisLamb	
244	16:53:48	13/2/2023 	130429	242.00	7.00	10.13	30.73	100031.48	2644	0	WillisLamb	
245	16:53:48	13/2/2023 	130483	85.00	7.00	6.23	30.73	100031.48	1851	0	WillisLamb	
246	16:53:48	13/2/2023 	130933	380.00	7.00	11.89	30.73	100031.48	52388	0	WillisLamb	
247	16:53:49	13/2/2023 	131302	928.00	146.00	38.64	30.73	100031.48	1850	0	WillisLamb	
248	16:53:49	13/2/2023 	131571	144.00	7.00	7.84	30.73	100031.48	49822	0	WillisLamb	
249	16:53:49	13/2/2023 	131760	180.00	7.00	8.81	30.73	100031.48	1849	0	WillisLamb	
250	16:53:50	13/2/2023 	132579	300.00	7.00	11.02	30.73	100030.97	49822	0	WillisLamb	
251	16:53:51	13/2/2023 	133332	182.00	7.00	8.86	30.73	100031.14	1852	0	WillisLamb	
252	16:53:51	13/2/2023 	133354	434.00	7.00	12.30	30.73	100031.14	4399	0	WillisLamb	
253	16:53:52	13/2/2023 	134351	70.00	6.00	5.97	30.73	100031.55	49821	0	WillisLamb	
254	16:53:53	13/2/2023 	135029	760.00	35.00	20.79	30.73	100031.72	49822	0	WillisLamb	
255	16:53:53	13/2/2023 	135226	160.00	7.00	8.29	30.73	100031.55	1851	0	WillisLamb	
256	16:53:53	13/2/2023 	135629	978.00	440.00	79.76	30.73	100031.55	49822	1	WillisLamb	
257	16:53:55	13/2/2023 	137399	842.00	88.00	27.60	30.73	100031.55	49822	0	WillisLamb	
258	16:53:55	13/2/2023 	137882	775.00	51.00	22.50	30.73	100031.72	52370	0	WillisLamb	
259	16:53:56	13/2/2023 	138195	647.00	9.00	14.50	30.73	100031.72	1850	0	WillisLamb	
260	16:53:56	13/2/2023 	138662	237.00	7.00	10.04	30.73	100031.72	49822	0	WillisLamb	
261	16:53:56	13/2/2023 	138738	66.00	7.00	5.93	30.73	100031.72	1850	0	WillisLamb	
262	16:53:57	13/2/2023 	139035	222.00	7.00	9.75	30.73	100031.72	1850	0	WillisLamb	
263	16:53:57	13/2/2023 	139352	102.00	6.00	6.64	30.73	100031.72	1851	0	WillisLamb	
264	16:53:57	13/2/2023 	139893	498.00	7.00	12.71	30.73	100031.55	52387	0	WillisLamb	
265	16:53:58	13/2/2023 	140622	157.00	7.00	8.21	30.73	100031.55	50617	0	WillisLamb	
266	16:53:58	13/2/2023 	140946	92.00	7.00	6.39	30.73	100031.55	1850	0	WillisLamb	
267	16:53:58	13/2/2023 	140976	109.00	7.00	6.83	30.73	100031.55	1849	0	WillisLamb	
268	16:53:59	13/2/2023 	141094	286.00	7.00	10.83	30.73	100031.55	1848	0	WillisLamb	
269	16:54:00	13/2/2023 	142754	426.00	7.00	12.24	30.74	100032.30	97792	0	WillisLamb	
270	16:54:00	13/2/2023 	142766	94.00	6.00	6.44	30.74	100032.30	4355	0	WillisLamb	
271	16:54:01	13/2/2023 	143246	417.00	7.00	12.18	30.74	100032.30	1848	0	WillisLamb	
272	16:54:02	13/2/2023 	144100	950.00	190.00	44.43	30.74	100032.48	49824	1	WillisLamb	
273	16:54:02	13/2/2023 	144276	370.00	7.00	11.80	30.74	100032.48	1852	0	WillisLamb	
274	16:54:02	13/2/2023 	144341	619.00	9.00	14.25	30.74	100032.48	1850	0	WillisLamb	
275	16:54:02	13/2/2023 	144480	420.00	8.00	12.27	30.74	100032.30	1849	0	WillisLamb	
276	16:54:02	13/2/2023 	144553	70.00	7.00	5.98	30.74	100032.30	52384	0	WillisLamb	
277	16:54:03	13/2/2023 	145839	99.00	6.00	6.56	30.74	100032.30	49822	0	WillisLamb	
278	16:54:04	13/2/2023 	146150	159.00	7.00	8.26	30.74	100032.30	1850	0	WillisLamb	
279	16:54:04	13/2/2023 	146814	916.00	134.00	36.54	30.74	100032.48	49824	1	WillisLamb	
280	16:54:04	13/2/2023 	146982	769.00	35.00	20.83	30.74	100032.48	1851	1	WillisLamb	
281	16:54:05	13/2/2023 	147852	76.00	7.00	6.06	30.74	100032.48	49824	0	WillisLamb	
282	16:54:07	13/2/2023 	149062	350.00	7.00	11.61	30.74	100032.65	52329	0	WillisLamb	
283	16:54:07	13/2/2023 	149693	461.00	8.00	12.56	30.74	100032.48	49823	0	WillisLamb	
284	16:54:08	13/2/2023 	150335	722.00	23.00	18.69	30.74	100032.30	2644	0	WillisLamb	
285	16:54:09	13/2/2023 	151258	123.00	6.00	7.23	30.74	100032.30	49824	0	WillisLamb	
286	16:54:09	13/2/2023 	151698	690.00	16.00	16.79	30.74	100032.48	49823	1	WillisLamb	
287	16:54:09	13/2/2023 	151743	575.00	8.00	13.55	30.74	100032.48	1848	0	WillisLamb	
288	16:54:10	13/2/2023 	152600	684.00	15.00	16.48	30.74	100032.48	52323	0	WillisLamb	
289	16:54:11	13/2/2023 	153650	827.00	87.00	27.37	30.74	100032.14	49824	0	WillisLamb	
290	16:54:11	13/2/2023 	153886	242.00	7.00	10.13	30.74	100032.14	1851	0	WillisLamb	
291	16:54:12	13/2/2023 	154685	770.00	42.00	21.60	30.74	100032.14	49820	0	WillisLamb	
292	16:54:12	13/2/2023 	154776	371.00	7.00	11.81	30.74	100032.14	1851	0	WillisLamb	
293	16:54:13	13/2/2023 	155076	414.00	7.00	12.16	30.74	100032.14	1849	0	WillisLamb	
294	16:54:13	13/2/2023 	155331	185.00	7.00	8.94	30.74	100032.14	8942	0	WillisLamb	
295	16:54:13	13/2/2023 	155561	110.00	7.00	6.86	30.74	100032.14	49821	0	WillisLamb	
296	16:54:13	13/2/2023 	155566	962.00	256.00	50.93	30.74	100032.14	1850	0	WillisLamb	
297	16:54:14	13/2/2023 	156124	645.00	10.00	14.76	30.74	100032.30	1847	0	WillisLamb	
298	16:54:14	13/2/2023 	156633	149.00	7.00	7.98	30.74	100032.30	49823	0	WillisLamb	
299	16:54:15	13/2/2023 	157363	939.00	153.00	39.76	30.74	100032.30	1850	0	WillisLamb	
300	16:54:15	13/2/2023 	157665	673.00	12.00	15.55	30.73	100031.89	52389	0	WillisLamb	
301	16:54:16	13/2/2023 	158335	738.00	29.00	19.85	30.73	100031.89	1849	1	WillisLamb	
302	16:54:17	13/2/2023 	158998	67.00	7.00	5.94	30.73	100031.72	49824	0	WillisLamb	
303	16:54:17	13/2/2023 	159072	780.00	45.00	21.94	30.73	100031.72	1851	0	WillisLamb	
304	16:54:18	13/2/2023 	160154	901.00	125.00	34.83	30.73	100031.38	49826	0	WillisLamb	
305	16:54:19	13/2/2023 	161074	805.00	76.00	25.57	30.73	100031.03	50625	0	WillisLamb	
306	16:54:19	13/2/2023 	161137	60.00	7.00	5.89	30.73	100031.03	4437	0	WillisLamb	
307	16:54:20	13/2/2023 	162064	950.00	197.00	45.14	30.73	100030.87	49822	1	WillisLamb	
308	16:54:20	13/2/2023 	162802	685.00	14.00	16.21	30.73	100030.70	49823	0	WillisLamb	
309	16:54:22	13/2/2023 	164034	918.00	137.00	37.08	30.73	100030.52	49821	0	WillisLamb	
310	16:54:22	13/2/2023 	164194	194.00	7.00	9.15	30.73	100030.52	1852	0	WillisLamb	
311	16:54:23	13/2/2023 	165118	221.00	7.00	9.73	30.73	100030.19	49821	0	WillisLamb	
312	16:54:23	13/2/2023 	165622	781.00	63.00	23.77	30.73	100030.36	52412	0	WillisLamb	
313	16:54:23	13/2/2023 	165627	530.00	8.00	13.08	30.73	100030.36	1849	0	WillisLamb	
314	16:54:23	13/2/2023 	165663	124.00	7.00	7.26	30.73	100030.36	1848	0	WillisLamb	
315	16:54:23	13/2/2023 	165843	70.00	6.00	5.97	30.73	100030.36	1849	0	WillisLamb	
316	16:54:24	13/2/2023 	166893	900.00	120.00	33.87	30.74	100030.60	49822	0	WillisLamb	
317	16:54:25	13/2/2023 	167339	298.00	7.00	11.00	30.74	100030.77	1851	0	WillisLamb	
318	16:54:26	13/2/2023 	168093	518.00	7.00	12.86	30.74	100030.60	52388	0	WillisLamb	
319	16:54:26	13/2/2023 	168122	740.00	28.00	19.71	30.74	100030.60	1851	0	WillisLamb	
320	16:54:26	13/2/2023 	168457	306.00	7.00	11.10	30.74	100030.60	1850	0	WillisLamb	
321	16:54:26	13/2/2023 	168597	222.00	7.00	9.75	30.74	100030.60	49823	0	WillisLamb	
322	16:54:27	13/2/2023 	169739	769.00	45.00	21.89	30.74	100030.77	49824	0	WillisLamb	
323	16:54:28	13/2/2023 	170301	592.00	8.00	13.74	30.74	100030.94	2647	0	WillisLamb	
324	16:54:29	13/2/2023 	171049	104.00	7.00	6.70	30.74	100031.11	52407	0	WillisLamb	
325	16:54:29	13/2/2023 	171209	117.00	6.00	7.06	30.74	100031.11	1851	0	WillisLamb	
326	16:54:30	13/2/2023 	172491	120.00	7.00	7.15	30.74	100030.94	49822	0	WillisLamb	
327	16:54:31	13/2/2023 	173772	689.00	15.00	16.52	30.74	100031.19	97798	0	WillisLamb	
328	16:54:32	13/2/2023 	174126	704.00	19.00	17.66	30.74	100031.19	1852	0	WillisLamb	
329	16:54:33	13/2/2023 	175658	153.00	7.00	8.10	30.74	100031.02	97797	0	WillisLamb	
330	16:54:34	13/2/2023 	176969	90.00	7.00	6.34	30.74	100031.19	52391	0	WillisLamb	
331	16:54:35	13/2/2023 	177096	893.00	113.00	32.48	30.74	100031.36	1851	0	WillisLamb	
332	16:54:35	13/2/2023 	177373	278.00	7.00	10.72	30.74	100031.36	1851	0	WillisLamb	
333	16:54:35	13/2/2023 	177400	100.00	6.00	6.59	30.74	100031.36	1849	0	WillisLamb	
334	16:54:35	13/2/2023 	177689	82.00	7.00	6.17	30.74	100031.36	49822	0	WillisLamb	
335	16:54:35	13/2/2023 	177930	557.00	8.00	13.35	30.74	100031.36	1849	0	WillisLamb	
336	16:54:36	13/2/2023 	178286	232.00	7.00	9.95	30.74	100031.19	4415	0	WillisLamb	
337	16:54:37	13/2/2023 	179195	582.00	7.00	13.46	30.74	100031.19	49824	0	WillisLamb	
338	16:54:38	13/2/2023 	180418	605.00	8.00	13.89	30.74	100031.77	49826	0	WillisLamb	
339	16:54:38	13/2/2023 	180966	406.00	7.00	12.10	30.74	100031.77	50617	0	WillisLamb	
340	16:54:38	13/2/2023 	180982	907.00	123.00	34.47	30.74	100031.77	1849	0	WillisLamb	
341	16:54:39	13/2/2023 	181002	268.00	7.00	10.56	30.74	100031.77	1849	0	WillisLamb	
342	16:54:40	13/2/2023 	182735	249.00	7.00	10.25	30.74	100031.77	104918	0	WillisLamb	
343	16:54:41	13/2/2023 	183604	183.00	6.00	8.88	30.74	100031.77	49824	0	WillisLamb	
344	16:54:41	13/2/2023 	183654	692.00	17.00	17.07	30.74	100031.77	1851	0	WillisLamb	
345	16:54:42	13/2/2023 	184314	367.00	7.00	11.78	30.74	100031.60	1850	0	WillisLamb	
346	16:54:42	13/2/2023 	184870	718.00	24.00	18.84	30.74	100031.60	49824	1	WillisLamb	
347	16:54:43	13/2/2023 	185815	957.00	253.00	50.58	30.74	100031.60	49823	0	WillisLamb	
348	16:54:44	13/2/2023 	186737	126.00	7.00	7.32	30.74	100031.77	52392	0	WillisLamb	
349	16:54:44	13/2/2023 	186896	866.00	101.00	30.04	30.74	100031.77	1850	0	WillisLamb	
350	16:54:45	13/2/2023 	187055	129.00	7.00	7.41	30.74	100031.77	1850	0	WillisLamb	
351	16:54:45	13/2/2023 	187582	566.00	8.00	13.45	30.74	100031.77	49823	0	WillisLamb	
352	16:54:45	13/2/2023 	187973	124.00	6.00	7.26	30.74	100031.60	1848	0	WillisLamb	
353	16:54:46	13/2/2023 	188564	788.00	53.00	22.75	30.74	100031.42	49821	1	WillisLamb	
354	16:54:49	13/2/2023 	191247	168.00	7.00	8.50	30.74	100031.26	100365	0	WillisLamb	
355	16:54:50	13/2/2023 	192687	68.00	8.00	5.95	30.74	100031.09	98591	0	WillisLamb	
356	16:54:51	13/2/2023 	193573	69.00	7.00	5.96	30.74	100030.91	49821	0	WillisLamb	
357	16:54:51	13/2/2023 	193617	703.00	17.00	17.16	30.74	100030.91	1850	0	WillisLamb	
358	16:54:51	13/2/2023 	193732	366.00	7.00	11.77	30.74	100030.91	1850	0	WillisLamb	
359	16:54:52	13/2/2023 	194761	64.00	7.00	5.91	30.74	100031.33	49822	0	WillisLamb	
360	16:54:54	13/2/2023 	196367	783.00	49.00	22.34	30.74	100030.98	52407	0	WillisLamb	
361	16:54:54	13/2/2023 	196386	93.00	7.00	6.42	30.74	100030.98	1851	0	WillisLamb	
362	16:54:54	13/2/2023 	196580	629.00	9.00	14.36	30.74	100030.98	49822	0	WillisLamb	
363	16:54:54	13/2/2023 	196599	963.00	254.00	50.70	30.74	100030.98	1849	1	WillisLamb	
364	16:54:54	13/2/2023 	196791	911.00	126.00	35.05	30.74	100030.98	1851	0	WillisLamb	
365	16:54:54	13/2/2023 	196889	298.00	7.00	11.00	30.74	100030.98	1849	0	WillisLamb	
366	16:54:55	13/2/2023 	197295	976.00	531.00	91.25	30.74	100030.98	4417	1	WillisLamb	
367	16:54:55	13/2/2023 	197436	180.00	7.00	8.81	30.74	100030.98	1851	0	WillisLamb	
368	16:54:55	13/2/2023 	197769	764.00	37.00	21.04	30.74	100030.98	49822	1	WillisLamb	
369	16:54:56	13/2/2023 	198078	389.00	7.00	11.97	30.74	100030.98	1849	0	WillisLamb	
370	16:54:56	13/2/2023 	198085	141.00	7.00	7.76	30.74	100030.98	1850	0	WillisLamb	
371	16:54:56	13/2/2023 	198393	411.00	7.00	12.14	30.74	100030.98	1850	0	WillisLamb	
372	16:54:56	13/2/2023 	198554	119.00	6.00	7.11	30.74	100030.98	52389	0	WillisLamb	
373	16:54:56	13/2/2023 	198798	917.00	132.00	36.18	30.74	100031.16	1848	0	WillisLamb	
374	16:54:57	13/2/2023 	199381	759.00	40.00	21.34	30.74	100031.33	1851	0	WillisLamb	
375	16:54:57	13/2/2023 	199410	277.00	7.00	10.70	30.74	100031.33	1851	0	WillisLamb	
376	16:54:58	13/2/2023 	200173	422.00	7.00	12.21	30.74	100031.16	49822	0	WillisLamb	
377	16:54:58	13/2/2023 	200493	580.00	8.00	13.61	30.74	100031.16	2647	0	WillisLamb	
378	16:54:59	13/2/2023 	201075	422.00	7.00	12.21	30.74	100030.98	52327	0	WillisLamb	
379	16:54:59	13/2/2023 	201347	781.00	45.00	21.94	30.74	100030.98	1850	0	WillisLamb	
380	16:54:59	13/2/2023 	201722	256.00	7.00	10.37	30.74	100030.81	49823	0	WillisLamb	
381	16:54:59	13/2/2023 	201854	99.00	7.00	6.57	30.74	100030.81	1848	0	WillisLamb	
382	16:55:00	13/2/2023 	202448	958.00	293.00	55.95	30.74	100030.65	1848	1	WillisLamb	
383	16:55:00	13/2/2023 	202566	65.00	6.00	5.92	30.74	100030.65	49824	0	WillisLamb	
384	16:55:00	13/2/2023 	202572	707.00	19.00	17.69	30.74	100030.65	4293	0	WillisLamb	
385	16:55:00	13/2/2023 	202808	350.00	7.00	11.61	30.74	100030.65	1850	0	WillisLamb	
386	16:55:01	13/2/2023 	203312	950.00	220.00	47.28	30.74	100030.65	1851	0	WillisLamb	
387	16:55:01	13/2/2023 	203675	78.00	6.00	6.10	30.74	100030.65	49827	0	WillisLamb	
388	16:55:02	13/2/2023 	204059	106.00	7.00	6.75	30.74	100030.65	1849	0	WillisLamb	
389	16:55:02	13/2/2023 	204386	168.00	7.00	8.50	30.74	100030.65	1850	0	WillisLamb	
390	16:55:03	13/2/2023 	205356	844.00	89.00	27.77	30.74	100030.65	52364	0	WillisLamb	
391	16:55:04	13/2/2023 	206679	172.00	7.00	8.61	30.75	100031.06	97798	0	WillisLamb	
392	16:55:04	13/2/2023 	206923	268.00	7.00	10.56	30.75	100030.89	1851	0	WillisLamb	
393	16:55:05	13/2/2023 	207091	281.00	6.00	10.73	30.75	100030.89	1850	0	WillisLamb	
394	16:55:06	13/2/2023 	208174	818.00	82.00	26.52	30.75	100030.72	49822	0	WillisLamb	
395	16:55:06	13/2/2023 	208455	306.00	7.00	11.10	30.75	100030.72	1852	0	WillisLamb	
396	16:55:07	13/2/2023 	209619	827.00	82.00	26.56	30.74	100029.81	100346	0	WillisLamb	
397	16:55:08	13/2/2023 	210981	195.00	7.00	9.17	30.74	100030.23	50551	0	WillisLamb	
398	16:55:09	13/2/2023 	211043	650.00	12.00	15.33	30.74	100030.23	1850	0	WillisLamb	
399	16:55:10	13/2/2023 	212055	723.00	22.00	18.49	30.74	100030.23	49825	0	WillisLamb	
400	16:55:10	13/2/2023 	212249	948.00	167.00	41.76	30.74	100030.23	1851	1	WillisLamb	
401	16:55:11	13/2/2023 	213097	586.00	8.00	13.67	30.74	100030.06	49825	0	WillisLamb	
402	16:55:11	13/2/2023 	213717	778.00	46.00	22.03	30.74	100030.30	52681	0	WillisLamb	
403	16:55:12	13/2/2023 	214586	143.00	7.00	7.81	30.74	100030.14	49823	0	WillisLamb	
404	16:55:13	13/2/2023 	215050	792.00	74.00	25.22	30.74	100030.14	1852	0	WillisLamb	
405	16:55:14	13/2/2023 	216102	962.00	295.00	56.26	30.74	100029.97	49825	0	WillisLamb	
406	16:55:15	13/2/2023 	217051	635.00	9.00	14.41	30.75	100029.87	49826	0	WillisLamb	
407	16:55:16	13/2/2023 	218045	938.00	150.00	39.29	30.75	100029.87	49826	0	WillisLamb	
408	16:55:16	13/2/2023 	218275	862.00	103.00	30.40	30.75	100029.87	4424	0	WillisLamb	
409	16:55:16	13/2/2023 	218282	132.00	7.00	7.49	30.75	100029.87	1850	0	WillisLamb	
410	16:55:16	13/2/2023 	218927	122.00	7.00	7.20	30.75	100029.87	49824	0	WillisLamb	
411	16:55:17	13/2/2023 	219152	872.00	98.00	29.51	30.75	100029.87	1850	0	WillisLamb	
412	16:55:17	13/2/2023 	219748	709.00	18.00	17.46	30.75	100029.87	49827	0	WillisLamb	
413	16:55:18	13/2/2023 	220550	92.00	5.00	6.39	30.75	100029.70	50549	0	WillisLamb	
414	16:55:19	13/2/2023 	221232	105.00	7.00	6.72	30.75	100029.87	4584	1	WillisLamb	
415	16:55:19	13/2/2023 	221358	964.00	232.00	48.41	30.75	100029.87	1852	0	WillisLamb	
416	16:55:19	13/2/2023 	221377	677.00	14.00	16.14	30.75	100029.87	1851	0	WillisLamb	
417	16:55:20	13/2/2023 	222061	522.00	8.00	13.01	30.75	100029.70	49823	0	WillisLamb	
418	16:55:21	13/2/2023 	223186	111.00	7.00	6.89	30.75	100029.77	49821	0	WillisLamb	
419	16:55:21	13/2/2023 	223974	116.00	6.00	7.03	30.75	100029.77	49824	0	WillisLamb	
420	16:55:22	13/2/2023 	224246	878.00	107.00	31.24	30.75	100029.77	4421	0	WillisLamb	
421	16:55:22	13/2/2023 	224765	964.00	267.00	52.26	30.75	100029.77	49826	0	WillisLamb	
422	16:55:22	13/2/2023 	224810	430.00	7.00	12.27	30.75	100029.77	1850	0	WillisLamb	
423	16:55:24	13/2/2023 	226118	214.00	7.00	9.59	30.75	100029.77	49823	0	WillisLamb	
424	16:55:24	13/2/2023 	226245	92.00	6.00	6.39	30.75	100029.77	1851	0	WillisLamb	
425	16:55:24	13/2/2023 	226255	885.00	108.00	31.47	30.75	100029.77	1849	1	WillisLamb	
426	16:55:24	13/2/2023 	226347	604.00	8.00	13.88	30.75	100029.77	4415	0	WillisLamb	
427	16:55:26	13/2/2023 	228223	144.00	7.00	7.84	30.75	100029.60	97797	0	WillisLamb	
428	16:55:26	13/2/2023 	228246	118.00	7.00	7.09	30.75	100029.60	1850	0	WillisLamb	
429	16:55:27	13/2/2023 	229855	745.00	31.00	20.19	30.75	100029.84	97798	1	WillisLamb	
430	16:55:28	13/2/2023 	230187	92.00	7.00	6.39	30.75	100029.84	2577	0	WillisLamb	
431	16:55:28	13/2/2023 	230231	976.00	530.00	91.08	30.75	100029.84	1851	1	WillisLamb	
432	16:55:30	13/2/2023 	232333	642.00	10.00	14.73	30.75	100029.50	100403	0	WillisLamb	
433	16:55:30	13/2/2023 	232849	126.00	7.00	7.32	30.75	100029.33	49825	0	WillisLamb	
434	16:55:31	13/2/2023 	233357	878.00	109.00	31.63	30.75	100029.33	1850	0	WillisLamb	
435	16:55:31	13/2/2023 	233397	127.00	7.00	7.35	30.75	100029.33	1852	0	WillisLamb	
436	16:55:32	13/2/2023 	234036	188.00	6.00	9.00	30.75	100028.98	49824	0	WillisLamb	
437	16:55:32	13/2/2023 	234962	790.00	66.00	24.17	30.75	100028.65	52387	0	WillisLamb	
438	16:55:33	13/2/2023 	235146	106.00	6.00	6.75	30.75	100028.65	1850	0	WillisLamb	
439	16:55:33	13/2/2023 	235264	95.00	6.00	6.46	30.75	100028.65	1851	0	WillisLamb	
440	16:55:34	13/2/2023 	236182	663.00	12.00	15.47	30.75	100028.48	49824	1	WillisLamb	
441	16:55:34	13/2/2023 	236193	188.00	7.00	9.01	30.75	100028.48	1850	0	WillisLamb	
442	16:55:34	13/2/2023 	236204	65.00	7.00	5.92	30.75	100028.48	1849	0	WillisLamb	
443	16:55:35	13/2/2023 	237710	884.00	107.00	31.27	30.75	100028.14	97800	1	WillisLamb	
444	16:55:35	13/2/2023 	237760	75.00	6.00	6.05	30.75	100028.14	4414	0	WillisLamb	
445	16:55:38	13/2/2023 	240109	373.00	7.00	11.83	30.75	100028.72	97800	0	WillisLamb	
446	16:55:38	13/2/2023 	240186	524.00	8.00	13.03	30.75	100028.72	2581	0	WillisLamb	
447	16:55:39	13/2/2023 	241197	959.00	297.00	56.58	30.75	100028.89	49823	1	WillisLamb	
448	16:55:39	13/2/2023 	241280	115.00	7.00	7.00	30.75	100028.89	1852	0	WillisLamb	
449	16:55:39	13/2/2023 	241604	88.00	6.00	6.30	30.75	100028.89	52413	0	WillisLamb	
450	16:55:39	13/2/2023 	241847	521.00	8.00	13.00	30.75	100029.06	1849	0	WillisLamb	
451	16:55:40	13/2/2023 	242500	258.00	7.00	10.40	30.75	100028.89	1848	0	WillisLamb	
452	16:55:40	13/2/2023 	242609	101.00	6.00	6.62	30.75	100028.89	49842	0	WillisLamb	
453	16:55:40	13/2/2023 	242679	718.00	21.00	18.24	30.75	100028.89	1849	0	WillisLamb	
454	16:55:40	13/2/2023 	242874	172.00	7.00	8.61	30.75	100029.06	1851	0	WillisLamb	
455	16:55:41	13/2/2023 	243415	162.00	7.00	8.34	30.75	100028.89	1849	0	WillisLamb	
456	16:55:43	13/2/2023 	245012	161.00	7.00	8.32	30.75	100028.55	100363	0	WillisLamb	
457	16:55:43	13/2/2023 	245131	405.00	7.00	12.09	30.75	100028.55	1851	0	WillisLamb	
458	16:55:43	13/2/2023 	245323	127.00	7.00	7.35	30.75	100028.55	1849	0	WillisLamb	
459	16:55:43	13/2/2023 	245755	66.00	6.00	5.93	30.75	100028.55	49823	0	WillisLamb	
460	16:55:44	13/2/2023 	246362	609.00	9.00	14.14	30.75	100028.55	1849	0	WillisLamb	
461	16:55:46	13/2/2023 	248417	354.00	7.00	11.65	30.75	100028.55	97798	0	WillisLamb	
462	16:55:46	13/2/2023 	248553	634.00	10.00	14.65	30.75	100028.55	52537	0	WillisLamb	
463	16:55:47	13/2/2023 	249380	92.00	7.00	6.39	30.75	100028.55	1849	0	WillisLamb	
464	16:55:47	13/2/2023 	249554	716.00	22.00	18.43	30.75	100028.55	49825	0	WillisLamb	
465	16:55:48	13/2/2023 	250168	625.00	9.00	14.32	30.75	100028.55	2576	0	WillisLamb	
466	16:55:49	13/2/2023 	251312	461.00	7.00	12.47	30.75	100028.72	49825	0	WillisLamb	
467	16:55:49	13/2/2023 	251451	60.00	7.00	5.89	30.75	100028.72	1850	0	WillisLamb	
468	16:55:49	13/2/2023 	251834	68.00	7.00	5.95	30.75	100028.72	52405	0	WillisLamb	
469	16:55:50	13/2/2023 	252892	120.00	7.00	7.15	30.75	100028.89	49824	0	WillisLamb	
470	16:55:51	13/2/2023 	253389	94.00	6.00	6.44	30.76	100029.30	1850	0	WillisLamb	
471	16:55:51	13/2/2023 	253604	545.00	8.00	13.22	30.76	100029.30	49825	0	WillisLamb	
472	16:55:52	13/2/2023 	254625	946.00	170.00	42.14	30.76	100028.97	49822	0	WillisLamb	
473	16:55:52	13/2/2023 	254975	561.00	7.00	13.25	30.76	100028.80	1852	0	WillisLamb	
474	16:55:53	13/2/2023 	255704	776.00	46.00	22.02	30.76	100028.80	52537	0	WillisLamb	
475	16:55:54	13/2/2023 	256554	182.00	7.00	8.86	30.76	100028.62	49827	0	WillisLamb	
476	16:55:55	13/2/2023 	257237	400.00	7.00	12.05	30.76	100028.45	1856	0	WillisLamb	
477	16:55:56	13/2/2023 	258741	445.00	7.00	12.37	30.76	100028.28	97798	0	WillisLamb	
478	16:55:57	13/2/2023 	259731	234.00	7.00	9.98	30.76	100028.28	49827	0	WillisLamb	
479	16:55:58	13/2/2023 	260100	87.00	7.00	6.28	30.76	100028.28	2575	0	WillisLamb	
480	16:55:58	13/2/2023 	260153	210.00	7.00	9.51	30.76	100028.28	4434	0	WillisLamb	
481	16:55:58	13/2/2023 	260260	157.00	6.00	8.20	30.75	100027.87	1849	0	WillisLamb	
482	16:55:58	13/2/2023 	260679	309.00	7.00	11.14	30.75	100027.87	49824	0	WillisLamb	
483	16:55:59	13/2/2023 	261186	116.00	6.00	7.03	30.76	100028.28	1849	0	WillisLamb	
484	16:55:59	13/2/2023 	261190	449.00	7.00	12.39	30.76	100028.28	1850	0	WillisLamb	
485	16:55:59	13/2/2023 	261945	101.00	7.00	6.62	30.76	100028.11	49823	0	WillisLamb	
486	16:56:00	13/2/2023 	262031	209.00	6.00	9.47	30.76	100028.11	4562	0	WillisLamb	
487	16:56:00	13/2/2023 	262263	86.00	7.00	6.26	30.76	100028.11	1850	0	WillisLamb	
488	16:56:00	13/2/2023 	262980	217.00	7.00	9.65	30.76	100028.11	49824	0	WillisLamb	
489	16:56:01	13/2/2023 	263896	844.00	92.00	28.30	30.76	100028.11	49824	0	WillisLamb	
490	16:56:02	13/2/2023 	264861	159.00	7.00	8.26	30.76	100027.94	49825	0	WillisLamb	
491	16:56:03	13/2/2023 	265128	169.00	7.00	8.53	30.76	100027.94	1850	0	WillisLamb	
492	16:56:03	13/2/2023 	265369	96.00	6.00	6.49	30.76	100027.94	4421	0	WillisLamb	
493	16:56:03	13/2/2023 	265467	79.00	7.00	6.12	30.76	100027.94	1847	0	WillisLamb	
494	16:56:03	13/2/2023 	265594	724.00	22.00	18.50	30.76	100027.94	49823	0	WillisLamb	
495	16:56:04	13/2/2023 	266389	294.00	7.00	10.94	30.76	100028.11	1851	0	WillisLamb	
496	16:56:05	13/2/2023 	267094	364.00	7.00	11.75	30.76	100028.11	49824	0	WillisLamb	
497	16:56:05	13/2/2023 	267571	72.00	7.00	6.00	30.76	100028.28	49823	0	WillisLamb	
498	16:56:05	13/2/2023 	267693	499.00	6.00	12.61	30.76	100028.28	4413	0	WillisLamb	
499	16:56:05	13/2/2023 	267752	86.00	7.00	6.26	30.76	100028.28	1848	0	WillisLamb	
500	16:56:05	13/2/2023 	267810	576.00	8.00	13.56	30.76	100028.11	1849	0	WillisLamb	
501	16:56:07	13/2/2023 	269203	225.00	7.00	9.81	30.76	100028.52	49823	0	WillisLamb	
502	16:56:08	13/2/2023 	270631	109.00	9.00	6.84	30.76	100028.52	97802	0	WillisLamb	
503	16:56:09	13/2/2023 	271057	71.00	6.00	5.99	30.76	100028.52	2576	0	WillisLamb	
504	16:56:09	13/2/2023 	271564	104.00	7.00	6.70	30.76	100028.52	52406	0	WillisLamb	
505	16:56:09	13/2/2023 	271629	230.00	7.00	9.91	30.76	100028.11	1850	0	WillisLamb	
506	16:56:09	13/2/2023 	271754	175.00	7.00	8.69	30.76	100028.11	1849	0	WillisLamb	
507	16:56:09	13/2/2023 	271976	228.00	7.00	9.87	30.76	100028.11	1850	0	WillisLamb	
508	16:56:11	13/2/2023 	273077	916.00	138.00	37.26	30.76	100028.11	49824	1	WillisLamb	
509	16:56:11	13/2/2023 	273602	318.00	7.00	11.25	30.76	100028.28	49824	0	WillisLamb	
510	16:56:11	13/2/2023 	273727	369.00	7.00	11.79	30.76	100028.28	4413	0	WillisLamb	
511	16:56:11	13/2/2023 	273814	86.00	7.00	6.26	30.76	100028.45	1849	0	WillisLamb	
512	16:56:12	13/2/2023 	274066	956.00	254.00	50.70	30.76	100028.45	1848	0	WillisLamb	
513	16:56:12	13/2/2023 	274450	192.00	7.00	9.10	30.76	100028.62	1854	0	WillisLamb	
514	16:56:13	13/2/2023 	275367	115.00	6.00	7.00	30.76	100028.62	49831	0	WillisLamb	
515	16:56:14	13/2/2023 	276578	144.00	7.00	7.84	30.76	100028.45	97804	0	WillisLamb	
516	16:56:14	13/2/2023 	276772	653.00	11.00	15.10	30.76	100028.45	4415	0	WillisLamb	
517	16:56:14	13/2/2023 	276963	339.00	8.00	11.54	30.76	100028.45	1850	0	WillisLamb	
518	16:56:15	13/2/2023 	277058	987.00	955.00	271.11	30.76	100028.62	1850	0	WillisLamb	
519	16:56:15	13/2/2023 	277805	900.00	113.00	32.51	30.76	100028.62	49833	0	WillisLamb	
520	16:56:15	13/2/2023 	277987	673.00	13.00	15.83	30.76	100028.62	1858	1	WillisLamb	
521	16:56:16	13/2/2023 	278389	320.00	7.00	11.28	30.76	100028.62	1858	0	WillisLamb	
522	16:56:16	13/2/2023 	278861	77.00	7.00	6.08	30.76	100028.45	52542	0	WillisLamb	
523	16:56:16	13/2/2023 	278907	73.00	7.00	6.02	30.76	100028.45	1849	0	WillisLamb	
524	16:56:16	13/2/2023 	278936	595.00	8.00	13.78	30.76	100028.45	1849	0	WillisLamb	
525	16:56:19	13/2/2023 	281111	127.00	7.00	7.35	30.76	100028.45	97795	0	WillisLamb	
526	16:56:19	13/2/2023 	281119	88.00	7.00	6.30	30.76	100028.45	2576	0	WillisLamb	
527	16:56:19	13/2/2023 	281454	697.00	16.00	16.85	30.76	100028.45	1850	0	WillisLamb	
528	16:56:19	13/2/2023 	281665	613.00	9.00	14.18	30.76	100028.45	52406	0	WillisLamb	
529	16:56:20	13/2/2023 	282443	107.00	7.00	6.78	30.76	100028.28	1849	0	WillisLamb	
530	16:56:20	13/2/2023 	282496	620.00	9.00	14.26	30.76	100028.11	1850	0	WillisLamb	
531	16:56:20	13/2/2023 	282607	880.00	107.00	31.25	30.76	100028.11	49825	1	WillisLamb	
532	16:56:21	13/2/2023 	283237	377.00	7.00	11.87	30.76	100027.94	1850	0	WillisLamb	
533	16:56:21	13/2/2023 	283566	142.00	7.00	7.78	30.76	100027.94	49826	0	WillisLamb	
534	16:56:21	13/2/2023 	283786	107.00	6.00	6.78	30.76	100027.94	4583	0	WillisLamb	
535	16:56:22	13/2/2023 	284437	391.00	7.00	11.98	30.76	100027.94	1849	0	WillisLamb	
536	16:56:22	13/2/2023 	284460	168.00	7.00	8.50	30.76	100027.94	1850	0	WillisLamb	
537	16:56:22	13/2/2023 	284564	556.00	8.00	13.34	30.76	100027.94	49824	0	WillisLamb	
538	16:56:22	13/2/2023 	284634	353.00	7.00	11.64	30.76	100027.77	1847	0	WillisLamb	
539	16:56:23	13/2/2023 	285308	398.00	7.00	12.04	30.76	100027.59	1850	0	WillisLamb	
540	16:56:23	13/2/2023 	285443	957.00	227.00	47.93	30.76	100027.59	4423	0	WillisLamb	
541	16:56:24	13/2/2023 	286110	109.00	7.00	6.83	30.76	100027.42	49826	0	WillisLamb	
542	16:56:24	13/2/2023 	286463	453.00	8.00	12.50	30.76	100027.26	1851	0	WillisLamb	
543	16:56:24	13/2/2023 	286494	145.00	6.00	7.87	30.76	100027.26	1847	0	WillisLamb	
544	16:56:24	13/2/2023 	286908	87.00	6.00	6.28	30.76	100027.26	49824	0	WillisLamb	
545	16:56:24	13/2/2023 	286988	567.00	8.00	13.46	30.76	100027.26	1848	0	WillisLamb	
546	16:56:25	13/2/2023 	287276	734.00	29.00	19.82	30.76	100027.26	4412	0	WillisLamb	
547	16:56:25	13/2/2023 	287490	150.00	7.00	8.01	30.76	100027.09	1851	0	WillisLamb	
548	16:56:26	13/2/2023 	288357	630.00	9.00	14.37	30.76	100027.26	49824	0	WillisLamb	
549	16:56:27	13/2/2023 	289687	597.00	8.00	13.80	30.76	100027.09	97804	0	WillisLamb	
550	16:56:27	13/2/2023 	289751	161.00	7.00	8.32	30.76	100027.09	2573	0	WillisLamb	
551	16:56:28	13/2/2023 	290190	62.00	7.00	5.90	30.76	100026.91	1849	0	WillisLamb	
552	16:56:28	13/2/2023 	290284	951.00	169.00	42.02	30.76	100026.91	4432	1	WillisLamb	
553	16:56:28	13/2/2023 	290313	140.00	7.00	7.73	30.76	100026.91	1851	0	WillisLamb	
554	16:56:29	13/2/2023 	291093	141.00	7.00	7.76	30.76	100026.75	49826	0	WillisLamb	
555	16:56:29	13/2/2023 	291648	144.00	6.00	7.84	30.76	100026.75	49826	0	WillisLamb	
556	16:56:29	13/2/2023 	291983	127.00	6.00	7.35	30.76	100026.58	1849	0	WillisLamb	
557	16:56:30	13/2/2023 	292080	72.00	6.00	6.00	30.76	100026.58	1849	0	WillisLamb	
558	16:56:30	13/2/2023 	292740	123.00	7.00	7.23	30.76	100026.41	52387	0	WillisLamb	
559	16:56:30	13/2/2023 	292911	752.00	32.00	20.37	30.76	100026.58	1850	0	WillisLamb	
560	16:56:31	13/2/2023 	293271	254.00	6.00	10.31	30.76	100026.58	1848	0	WillisLamb	
561	16:56:32	13/2/2023 	294032	260.00	7.00	10.44	30.76	100026.75	49822	0	WillisLamb	
562	16:56:32	13/2/2023 	294066	718.00	22.00	18.45	30.76	100026.75	1852	1	WillisLamb	
563	16:56:32	13/2/2023 	294091	137.00	7.00	7.64	30.76	100026.75	1851	0	WillisLamb	
564	16:56:34	13/2/2023 	296120	994.00	972.00	367.72	30.76	100026.75	100363	0	WillisLamb	
565	16:56:34	13/2/2023 	296256	162.00	7.00	8.34	30.76	100026.75	1853	0	WillisLamb	
566	16:56:35	13/2/2023 	297282	786.00	47.00	22.16	30.76	100026.75	49825	0	WillisLamb	
567	16:56:35	13/2/2023 	297291	320.00	7.00	11.28	30.76	100026.75	1852	0	WillisLamb	
568	16:56:37	13/2/2023 	298304	882.00	110.00	31.84	30.76	100026.75	49823	0	WillisLamb	
569	16:56:37	13/2/2023 	299131	124.00	7.00	7.26	30.76	100026.58	49828	0	WillisLamb	
570	16:56:37	13/2/2023 	299285	171.00	7.00	8.58	30.76	100026.58	4562	0	WillisLamb	
571	16:56:38	13/2/2023 	299422	444.00	7.00	12.36	30.76	100026.75	1849	0	WillisLamb	
572	16:56:38	13/2/2023 	299709	824.00	78.00	25.93	30.76	100026.75	49828	1	WillisLamb	
573	16:56:38	13/2/2023 	300139	121.00	7.00	7.18	30.76	100026.75	2575	1	WillisLamb	
574	16:56:38	13/2/2023 	300173	457.00	7.00	12.44	30.76	100026.75	1850	0	WillisLamb	
575	16:56:39	13/2/2023 	300974	394.00	7.00	12.01	30.76	100026.75	49826	0	WillisLamb	
576	16:56:39	13/2/2023 	301200	92.00	6.00	6.39	30.76	100026.75	4435	0	WillisLamb	
577	16:56:40	13/2/2023 	301465	739.00	29.00	19.86	30.76	100026.75	1849	0	WillisLamb	
578	16:56:40	13/2/2023 	302209	114.00	6.00	6.97	30.76	100026.75	49825	0	WillisLamb	
579	16:56:41	13/2/2023 	302926	602.00	8.00	13.85	30.76	100026.75	49824	0	WillisLamb	
580	16:56:42	13/2/2023 	303579	781.00	68.00	24.37	30.76	100026.75	49823	1	WillisLamb	
581	16:56:42	13/2/2023 	303621	246.00	7.00	10.20	30.76	100026.75	1851	0	WillisLamb	
582	16:56:42	13/2/2023 	303890	590.00	8.00	13.72	30.76	100026.75	4563	0	WillisLamb	
583	16:56:42	13/2/2023 	303979	802.00	75.00	25.41	30.76	100026.75	1847	0	WillisLamb	
584	16:56:42	13/2/2023 	304053	122.00	7.00	7.20	30.76	100026.75	1849	0	WillisLamb	
585	16:56:43	13/2/2023 	305047	159.00	7.00	8.26	30.76	100026.75	49825	0	WillisLamb	
586	16:56:43	13/2/2023 	305063	435.00	7.00	12.30	30.76	100026.75	1851	0	WillisLamb	
587	16:56:43	13/2/2023 	305066	552.00	7.00	13.16	30.76	100026.75	1850	0	WillisLamb	
588	16:56:45	13/2/2023 	306965	784.00	41.00	21.55	30.76	100026.91	100372	0	WillisLamb	
589	16:56:46	13/2/2023 	307482	60.00	7.00	5.89	30.76	100026.75	1851	0	WillisLamb	
590	16:56:46	13/2/2023 	307613	966.00	298.00	56.74	30.76	100026.75	49826	0	WillisLamb	
591	16:56:46	13/2/2023 	307691	79.00	7.00	6.12	30.76	100026.75	1850	0	WillisLamb	
592	16:56:47	13/2/2023 	308497	576.00	8.00	13.56	30.76	100026.75	1850	0	WillisLamb	
593	16:56:48	13/2/2023 	309352	62.00	7.00	5.90	30.76	100026.41	49824	0	WillisLamb	
594	16:56:48	13/2/2023 	309903	198.00	7.00	9.24	30.76	100026.41	52389	0	WillisLamb	
595	16:56:48	13/2/2023 	310280	790.00	65.00	24.05	30.76	100026.58	2575	0	WillisLamb	
596	16:56:49	13/2/2023 	310846	919.00	142.00	37.96	30.76	100026.75	49827	0	WillisLamb	
597	16:56:51	13/2/2023 	312308	98.00	7.00	6.54	30.76	100026.91	49827	0	WillisLamb	
598	16:56:52	13/2/2023 	314261	102.00	7.00	6.64	30.76	100026.58	97802	0	WillisLamb	
599	16:56:53	13/2/2023 	314795	119.00	7.00	7.12	30.76	100026.75	49826	0	WillisLamb	
600	16:56:53	13/2/2023 	314851	163.00	7.00	8.37	30.76	100026.75	4433	0	WillisLamb	
601	16:56:53	13/2/2023 	314873	272.00	7.00	10.63	30.76	100026.75	1849	0	WillisLamb	
602	16:56:53	13/2/2023 	315262	592.00	9.00	13.92	30.75	100026.16	1851	0	WillisLamb	
603	16:56:54	13/2/2023 	315360	178.00	7.00	8.76	30.75	100026.16	1849	0	WillisLamb	
604	16:56:55	13/2/2023 	316674	198.00	7.00	9.24	30.75	100026.33	97802	0	WillisLamb	
605	16:56:56	13/2/2023 	317751	971.00	495.00	86.24	30.75	100026.50	49827	1	WillisLamb	
606	16:56:56	13/2/2023 	318162	965.00	252.00	50.47	30.75	100026.50	4437	0	WillisLamb	
607	16:56:57	13/2/2023 	318357	311.00	8.00	11.20	30.75	100026.50	1850	0	WillisLamb	
608	16:56:57	13/2/2023 	319027	693.00	14.00	16.27	30.75	100026.33	49825	0	WillisLamb	
609	16:56:57	13/2/2023 	319175	201.00	7.00	9.31	30.75	100026.33	1849	0	WillisLamb	
610	16:56:58	13/2/2023 	319911	126.00	7.00	7.32	30.75	100026.16	49826	0	WillisLamb	
611	16:56:58	13/2/2023 	320155	135.00	6.00	7.58	30.75	100026.16	2577	0	WillisLamb	
612	16:56:59	13/2/2023 	321194	832.00	86.00	27.22	30.75	100025.98	52388	0	WillisLamb	
613	16:57:00	13/2/2023 	321677	132.00	6.00	7.49	30.75	100025.98	49826	0	WillisLamb	
614	16:57:00	13/2/2023 	321769	445.00	7.00	12.37	30.75	100025.98	1850	0	WillisLamb	
615	16:57:00	13/2/2023 	321919	78.00	7.00	6.10	30.75	100025.98	1850	0	WillisLamb	
616	16:57:00	13/2/2023 	321951	627.00	9.00	14.34	30.75	100025.98	1850	1	WillisLamb	
617	16:57:00	13/2/2023 	322041	749.00	33.00	20.48	30.75	100025.98	1850	1	WillisLamb	
618	16:57:00	13/2/2023 	322157	381.00	7.00	11.90	30.75	100025.98	4395	0	WillisLamb	
619	16:57:00	13/2/2023 	322166	158.00	7.00	8.23	30.75	100025.98	1851	0	WillisLamb	
620	16:57:01	13/2/2023 	322638	107.00	7.00	6.78	30.75	100025.98	49826	0	WillisLamb	
621	16:57:03	13/2/2023 	324401	780.00	51.00	22.52	30.75	100026.50	49827	0	WillisLamb	
622	16:57:04	13/2/2023 	325832	285.00	7.00	10.82	30.75	100026.67	97802	0	WillisLamb	
623	16:57:05	13/2/2023 	326776	387.00	7.00	11.95	30.75	100026.50	49826	0	WillisLamb	
624	16:57:06	13/2/2023 	327554	609.00	9.00	14.14	30.75	100026.50	52392	0	WillisLamb	
625	16:57:06	13/2/2023 	327962	128.00	7.00	7.38	30.75	100026.50	1850	0	WillisLamb	
626	16:57:06	13/2/2023 	327985	594.00	8.00	13.77	30.75	100026.50	1848	1	WillisLamb	
627	16:57:06	13/2/2023 	328295	960.00	254.00	50.70	30.75	100026.33	1849	1	WillisLamb	
628	16:57:07	13/2/2023 	328343	661.00	11.00	15.17	30.75	100026.33	1851	0	WillisLamb	
629	16:57:07	13/2/2023 	328853	167.00	7.00	8.48	30.75	100026.33	49826	0	WillisLamb	
630	16:57:07	13/2/2023 	329099	291.00	7.00	10.90	30.75	100026.33	4561	0	WillisLamb	
631	16:57:07	13/2/2023 	329171	983.00	640.00	114.07	30.75	100026.33	1851	0	WillisLamb	
632	16:57:08	13/2/2023 	329492	197.00	7.00	9.22	30.75	100026.33	1850	0	WillisLamb	
633	16:57:08	13/2/2023 	329770	358.00	7.00	11.69	30.75	100026.16	49827	0	WillisLamb	
634	16:57:08	13/2/2023 	329892	615.00	9.00	14.21	30.75	100026.16	2576	0	WillisLamb	
635	16:57:09	13/2/2023 	331048	306.00	7.00	11.10	30.75	100026.33	49826	0	WillisLamb	
636	16:57:09	13/2/2023 	331179	760.00	36.00	20.91	30.75	100026.33	4456	0	WillisLamb	
637	16:57:10	13/2/2023 	331844	186.00	7.00	8.96	30.75	100026.33	49827	0	WillisLamb	
638	16:57:11	13/2/2023 	332437	777.00	42.00	21.63	30.75	100026.33	1851	0	WillisLamb	
639	16:57:11	13/2/2023 	332825	174.00	7.00	8.66	30.76	100026.91	49828	0	WillisLamb	
640	16:57:12	13/2/2023 	333471	671.00	13.00	15.81	30.76	100027.26	1849	0	WillisLamb	
641	16:57:12	13/2/2023 	333599	218.00	7.00	9.67	30.76	100027.26	49829	0	WillisLamb	
642	16:57:12	13/2/2023 	333928	703.00	17.00	17.16	30.76	100027.26	4562	1	WillisLamb	
643	16:57:13	13/2/2023 	334494	108.00	6.00	6.80	30.76	100027.59	1851	0	WillisLamb	
644	16:57:13	13/2/2023 	335091	742.00	27.00	19.56	30.76	100027.59	49825	1	WillisLamb	
645	16:57:14	13/2/2023 	335330	625.00	9.00	14.32	30.76	100027.77	1849	0	WillisLamb	
646	16:57:14	13/2/2023 	335353	517.00	7.00	12.85	30.76	100027.77	1851	0	WillisLamb	
647	16:57:14	13/2/2023 	335429	677.00	13.00	15.87	30.76	100027.77	1849	0	WillisLamb	
648	16:57:14	13/2/2023 	336051	117.00	7.00	7.06	30.76	100027.59	52380	0	WillisLamb	
649	16:57:15	13/2/2023 	336607	70.00	7.00	5.98	30.76	100027.59	49826	0	WillisLamb	
650	16:57:17	13/2/2023 	338415	364.00	7.00	11.75	30.75	100027.02	49826	0	WillisLamb	
651	16:57:18	13/2/2023 	339747	197.00	7.00	9.22	30.75	100026.84	97803	0	WillisLamb	
652	16:57:19	13/2/2023 	341234	923.00	143.00	38.13	30.75	100026.67	50552	0	WillisLamb	
653	16:57:20	13/2/2023 	341844	298.00	7.00	11.00	30.75	100026.67	49826	0	WillisLamb	
654	16:57:21	13/2/2023 	342928	970.00	398.00	74.03	30.76	100027.26	52561	0	WillisLamb	
655	16:57:22	13/2/2023 	343752	146.00	6.00	7.89	30.76	100027.09	49827	0	WillisLamb	
656	16:57:22	13/2/2023 	344098	723.00	22.00	18.49	30.76	100026.91	1850	0	WillisLamb	
657	16:57:22	13/2/2023 	344127	102.00	7.00	6.64	30.76	100026.91	1850	0	WillisLamb	
658	16:57:22	13/2/2023 	344294	83.00	6.00	6.19	30.76	100026.91	1849	0	WillisLamb	
659	16:57:23	13/2/2023 	344569	157.00	7.00	8.21	30.76	100026.75	49824	0	WillisLamb	
660	16:57:23	13/2/2023 	344719	897.00	118.00	33.47	30.76	100026.75	4404	0	WillisLamb	
661	16:57:23	13/2/2023 	344763	789.00	65.00	24.05	30.76	100026.75	1851	1	WillisLamb	
662	16:57:24	13/2/2023 	345571	100.00	7.00	6.59	30.76	100026.58	49825	0	WillisLamb	
663	16:57:24	13/2/2023 	345740	207.00	7.00	9.44	30.76	100026.58	1850	0	WillisLamb	
664	16:57:24	13/2/2023 	345913	402.00	7.00	12.07	30.76	100026.58	1849	0	WillisLamb	
665	16:57:25	13/2/2023 	346441	115.00	7.00	7.00	30.76	100026.58	1849	0	WillisLamb	
666	16:57:26	13/2/2023 	347771	405.00	7.00	12.09	30.76	100026.58	100344	0	WillisLamb	
667	16:57:28	13/2/2023 	349658	197.00	7.00	9.22	30.76	100026.41	97801	0	WillisLamb	
668	16:57:30	13/2/2023 	351678	788.00	55.00	22.95	30.75	100025.82	98529	0	WillisLamb	
669	16:57:30	13/2/2023 	352035	978.00	469.00	83.15	30.75	100025.82	1852	0	WillisLamb	
670	16:57:31	13/2/2023 	352991	941.00	154.00	39.91	30.75	100025.98	49827	0	WillisLamb	
671	16:57:31	13/2/2023 	353067	732.00	25.00	19.14	30.75	100025.98	1852	0	WillisLamb	
672	16:57:31	13/2/2023 	353107	92.00	7.00	6.39	30.75	100025.98	4350	0	WillisLamb	
673	16:57:32	13/2/2023 	354245	510.00	7.00	12.80	30.75	100026.16	49826	0	WillisLamb	
674	16:57:33	13/2/2023 	354994	368.00	7.00	11.78	30.75	100026.16	49827	0	WillisLamb	
675	16:57:34	13/2/2023 	355738	888.00	112.00	32.26	30.75	100026.16	49825	0	WillisLamb	
676	16:57:35	13/2/2023 	356695	65.00	6.00	5.92	30.75	100026.33	49826	0	WillisLamb	
677	16:57:35	13/2/2023 	357099	106.00	6.00	6.75	30.75	100025.98	1849	0	WillisLamb	
678	16:57:36	13/2/2023 	357357	573.00	8.00	13.53	30.75	100025.98	4329	0	WillisLamb	
679	16:57:36	13/2/2023 	357449	953.00	176.00	42.88	30.75	100025.98	1850	0	WillisLamb	
680	16:57:36	13/2/2023 	357480	60.00	7.00	5.89	30.75	100026.16	1849	0	WillisLamb	
681	16:57:36	13/2/2023 	357849	123.00	7.00	7.23	30.75	100026.16	49823	0	WillisLamb	
682	16:57:37	13/2/2023 	358936	212.00	7.00	9.55	30.75	100026.16	49826	0	WillisLamb	
683	16:57:37	13/2/2023 	359281	669.00	12.00	15.52	30.75	100026.16	1850	0	WillisLamb	
684	16:57:39	13/2/2023 	360655	781.00	58.00	23.23	30.75	100026.16	100346	1	WillisLamb	
685	16:57:39	13/2/2023 	360674	179.00	6.00	8.78	30.75	100026.16	2580	0	WillisLamb	
686	16:57:39	13/2/2023 	361037	154.00	7.00	8.12	30.75	100026.33	1848	0	WillisLamb	
687	16:57:39	13/2/2023 	361282	914.00	128.00	35.43	30.75	100026.16	1850	0	WillisLamb	
688	16:57:40	13/2/2023 	361650	86.00	7.00	6.26	30.75	100026.16	49822	0	WillisLamb	
689	16:57:41	13/2/2023 	362763	981.00	671.00	120.85	30.75	100026.16	49826	0	WillisLamb	
690	16:57:41	13/2/2023 	362844	140.00	7.00	7.73	30.75	100026.16	4361	0	WillisLamb	
691	16:57:41	13/2/2023 	363254	545.00	8.00	13.22	30.75	100026.16	1849	0	WillisLamb	
692	16:57:45	13/2/2023 	366682	60.00	6.00	5.89	30.75	100026.16	193746	0	WillisLamb	
693	16:57:45	13/2/2023 	366905	355.00	8.00	11.71	30.75	100026.33	1849	0	WillisLamb	
694	16:57:45	13/2/2023 	366953	133.00	7.00	7.52	30.75	100026.33	1847	0	WillisLamb	
695	16:57:45	13/2/2023 	367090	273.00	7.00	10.64	30.75	100026.33	1849	0	WillisLamb	
696	16:57:45	13/2/2023 	367201	804.00	69.00	24.60	30.75	100026.33	4394	1	WillisLamb	
697	16:57:46	13/2/2023 	367823	66.00	6.00	5.93	30.75	100026.50	49824	0	WillisLamb	
698	16:57:47	13/2/2023 	368478	355.00	7.00	11.66	30.75	100026.67	1850	0	WillisLamb	
699	16:57:47	13/2/2023 	368498	756.00	32.00	20.39	30.75	100026.67	1851	0	WillisLamb	
700	16:57:48	13/2/2023 	369679	248.00	7.00	10.24	30.75	100026.67	97798	0	WillisLamb	
701	16:57:48	13/2/2023 	369749	95.00	7.00	6.46	30.75	100026.67	2580	0	WillisLamb	
702	16:57:48	13/2/2023 	369931	63.00	7.00	5.91	30.75	100026.67	4357	0	WillisLamb	
703	16:57:50	13/2/2023 	371827	520.00	8.00	12.99	30.75	100026.84	97797	0	WillisLamb	
704	16:57:51	13/2/2023 	372607	461.00	7.00	12.47	30.75	100026.84	49822	0	WillisLamb	
705	16:57:51	13/2/2023 	373013	437.00	6.00	12.23	30.75	100026.67	1852	0	WillisLamb	
706	16:57:52	13/2/2023 	373848	816.00	74.00	25.32	30.75	100026.67	49822	0	WillisLamb	
707	16:57:52	13/2/2023 	374154	577.00	8.00	13.57	30.75	100026.67	1850	0	WillisLamb	
708	16:57:52	13/2/2023 	374224	150.00	7.00	8.01	30.75	100026.67	4328	0	WillisLamb	
709	16:57:53	13/2/2023 	374392	553.00	8.00	13.31	30.75	100026.50	1850	0	WillisLamb	
710	16:57:53	13/2/2023 	374592	339.00	7.00	11.49	30.75	100026.50	49821	0	WillisLamb	
711	16:57:53	13/2/2023 	374982	86.00	7.00	6.26	30.75	100026.67	1850	0	WillisLamb	
712	16:57:54	13/2/2023 	375657	265.00	7.00	10.52	30.75	100026.84	49824	0	WillisLamb	
713	16:57:54	13/2/2023 	375856	546.00	8.00	13.23	30.75	100026.84	1851	0	WillisLamb	
714	16:57:54	13/2/2023 	376095	761.00	37.00	21.03	30.75	100027.02	4537	0	WillisLamb	
715	16:57:54	13/2/2023 	376263	282.00	7.00	10.77	30.75	100027.02	1850	0	WillisLamb	
716	16:57:56	13/2/2023 	377346	65.00	6.00	5.92	30.75	100027.02	49824	0	WillisLamb	
717	16:57:56	13/2/2023 	377824	700.00	16.00	16.88	30.75	100027.02	49825	0	WillisLamb	
718	16:57:57	13/2/2023 	378909	744.00	30.00	20.04	30.75	100027.02	49824	0	WillisLamb	
719	16:57:57	13/2/2023 	379127	114.00	7.00	6.97	30.75	100027.02	1851	0	WillisLamb	
