$SPEC_ID:
This is sample 008.
$SPEC_REM:
DET# 3
DETDESC# JLAB-20 MCB 131
AP# Maestro Version 7.01
$DATE_MEA:
03/01/2023 16:44:00
$MEAS_TIM:
88 88
$DATA:
0 2047
       0
       0
       0
       0
       0
       0
       0
       0
       0
       0
       0
       0
       0
       0
       0
       0
       0
       0
       0
       0
       0
       0
       0
       0
       0
       0
       0
       0
       0
       0
       0
       0
       0
       0
       0
       0
       0
       0
       0
       0
       0
       0
       0
       0
       0
       0
       5
     106
     129
     141
     118
     128
     134
     143
     146
     146
     149
     159
     133
     140
     136
     136
     124
     125
     119
     119
     122
     139
     132
     131
     148
     134
     128
     142
     133
     134
     170
     251
     286
     335
     475
     609
     489
     221
     131
     132
     124
     159
     195
     141
     168
     196
     242
     191
     145
     150
     130
     108
     121
     103
     119
     102
     123
     113
     111
     132
     103
     100
     112
     119
     109
      87
     100
     115
     103
     118
      95
     105
     107
     117
     111
     102
     108
      92
     110
     100
      93
      98
      90
      95
      76
      97
     108
      89
      88
     111
     105
     106
     100
     120
     109
     117
     100
      94
     100
     113
     115
     120
     116
      93
     109
     113
     101
     102
     104
     106
     111
     108
      94
     115
     101
     115
     109
      94
      98
     115
      91
     104
     102
     117
     188
     281
     194
     116
     122
     240
     425
     302
     134
      98
      96
      87
      90
      89
      91
      81
      86
      87
      85
     112
      81
      74
      77
      89
      88
      81
      93
     102
     158
     184
     174
     124
      95
      82
     109
     122
     102
      92
      85
      71
      88
      72
      79
      83
      75
      73
      68
      64
      60
      80
      77
      62
      71
      78
      70
      79
      77
      83
      60
      87
      61
      62
      75
      82
      61
      69
      70
      76
      74
      63
      75
      75
      72
      50
      66
      61
      65
      43
      72
      75
      60
      66
      86
      54
      58
      63
      87
      62
      71
      61
      67
      78
      72
      64
      51
      67
      65
      67
      72
      53
      72
      60
      63
      53
      62
      76
      66
      50
      63
      51
      46
      62
      57
      85
      59
      60
      50
      57
      52
      64
      64
      65
      58
      63
      66
      66
      58
      58
      61
      55
      70
      55
      54
      51
      54
      54
      53
      77
      50
      56
      55
      52
      62
      58
      56
      46
      59
      58
      55
      69
      52
      52
      67
      70
      55
      59
      48
      50
      64
      56
      62
      48
      53
      60
      61
      57
      58
      51
      51
      45
      61
      58
      63
      53
      63
      64
      66
      55
      68
      56
      62
      54
      63
      55
      51
      51
      61
      58
      38
      56
      59
      53
      68
      48
      60
      59
      79
      53
      50
      55
      59
      59
      56
      46
      49
      48
      55
      55
      58
      64
      53
      55
      47
      56
      42
      48
      55
      34
      41
      61
      45
      38
      60
      51
      46
      58
      45
      54
      53
      50
      42
      44
      47
      46
      48
      57
      43
      49
      44
      46
      42
      51
      53
      47
      45
      45
      59
      34
      48
      41
      46
      39
      42
      53
      46
      55
      34
      43
      38
      44
      42
      44
      39
      51
      37
      50
      39
      48
      34
      36
      49
      41
      39
      45
      51
      40
      34
      41
      53
      43
      51
      47
      46
      48
      42
      44
      39
      37
      43
      36
      47
      38
      46
      38
      37
      43
      33
      39
      39
      29
      42
      37
      42
      45
      44
      33
      34
      31
      33
      40
      41
      42
      52
      40
      35
      34
      35
      49
      43
      33
      45
      39
      36
      44
      30
      46
      30
      37
      51
      54
      43
      43
      35
      34
      41
      34
      38
      42
      38
      34
      40
      29
      43
      35
      38
      40
      39
      32
      37
      42
      34
      39
      42
      37
      37
      42
      29
      32
      31
      36
      27
      49
      35
      41
      34
      35
      30
      48
      31
      43
      35
      43
      38
      34
      29
      36
      30
      41
      29
      39
      31
      44
      31
      34
      40
      37
      29
      26
      30
      38
      41
      32
      37
      40
      27
      44
      30
      39
      36
      41
      24
      35
      29
      33
      33
      27
      33
      42
      35
      34
      38
      28
      39
      33
      30
      33
      29
      31
      34
      36
      34
      30
      34
      40
      36
      21
      40
      43
      26
      14
      28
      22
      27
      33
      32
      42
      32
      36
      26
      48
      39
      24
      41
      34
      24
      37
      32
      29
      31
      34
      36
      32
      40
      23
      29
      36
      36
      34
      32
      37
      22
      27
      32
      40
      36
      32
      29
      37
      31
      28
      37
      30
      24
      26
      39
      36
      37
      20
      25
      38
      40
      42
      34
      21
      29
      31
      28
      29
      30
      35
      28
      39
      24
      22
      23
      34
      29
      30
      28
      34
      27
      27
      31
      23
      35
      10
      27
      26
      26
      29
      39
      42
      23
      26
      37
      23
      34
      24
      43
      24
      32
      32
      29
      27
      36
      35
      42
      33
      37
      33
      32
      28
      29
      24
      28
      41
      31
      23
      41
      27
      31
      26
      26
      29
      21
      28
      23
      16
      33
      28
      23
      26
      26
      26
      22
      29
      19
      18
      21
      28
      25
      30
      38
      34
      33
      22
      24
      29
      26
      19
      36
      23
      29
      32
      28
      24
      24
      22
      27
      26
      19
      30
      29
      28
      31
      23
      27
      32
      25
      30
      27
      26
      24
      26
      26
      32
      26
      28
      30
      29
      28
      29
      24
      27
      33
      32
      31
      36
      21
      24
      35
      23
      23
      23
      23
      22
      24
      22
      25
      19
      25
      27
      25
      26
      21
      26
      20
      23
      32
      23
      28
      29
      25
      25
      23
      26
      14
      28
      24
      21
      24
      29
      31
      27
      22
      21
      23
      26
      28
      26
      16
      13
      23
      27
      27
      26
      32
      28
      31
      31
      25
      20
      19
      27
      18
      22
      24
      21
      30
      24
      23
      27
      30
      23
      20
      20
      22
      20
      24
      21
      24
      30
      20
      14
      26
      26
      24
      28
      22
      23
      20
      15
      29
      20
      26
      18
      20
      30
      16
      28
      21
      17
      33
      25
      24
      22
      26
      20
      19
      20
      24
      24
      25
      25
      23
      22
      23
      20
      19
      30
      17
      18
      22
      27
      20
      23
      28
      18
      24
      24
      18
      25
      11
      20
      26
      25
      20
      21
      14
      22
      14
      19
      18
      29
      24
      18
      25
      24
      19
      21
      18
      23
      20
      19
      27
      22
      21
      20
      25
      20
      19
      17
      23
      25
      22
      17
      21
      24
      24
      28
      21
      30
      19
      31
      24
      26
      19
      14
      18
      22
      18
      24
      25
      23
      25
      17
      12
      26
      21
      23
      17
      19
      19
      22
      16
      25
      14
      20
      18
      22
      18
      22
      24
      20
      13
      15
      26
      20
      22
      17
      17
      22
      10
      24
      18
      23
      26
      13
      22
      18
      22
      24
      19
      14
      17
      19
      34
      15
      32
      23
      18
      27
      20
      22
      22
      22
      20
      24
      17
      19
      16
      13
      13
      17
      20
      25
      19
      24
      21
      22
      19
      14
      18
      10
      23
      19
      16
      16
      24
      17
      14
      11
      16
      15
      18
      12
      18
      18
      13
      15
      10
      12
      17
      15
      21
      14
      16
      14
      20
      17
      22
      23
      19
      17
      19
      16
      14
      27
      17
      19
      27
      16
      14
      15
      23
      18
      11
      16
      16
      17
      12
      18
      19
      26
      12
      14
      26
      15
      16
      13
      12
      13
      14
      21
      23
      20
      18
      21
      21
      19
      19
      16
      17
      11
      17
      16
      20
      19
      13
      17
      14
      14
      10
      12
      19
      13
      14
      11
       9
      20
      18
      13
      10
      13
      18
      12
       6
      20
      15
      17
      15
      14
      16
      13
      11
      15
      14
      15
      17
      17
      14
      15
      16
      12
      17
      12
      17
      17
      20
       8
      14
      15
      15
      12
      18
      17
      18
      13
      20
      19
      18
      20
       8
      16
      13
      27
      19
      16
      19
       6
       5
      24
      19
      14
      16
      13
      15
      12
      11
       7
      18
      17
      13
       9
       9
      12
      11
      15
      12
      13
      13
      10
      15
      12
      19
      13
      17
      12
      11
      12
      11
      20
       8
      18
      16
      14
      13
      19
      17
      18
       9
      20
      25
      14
      30
       8
       8
      14
      18
      13
      16
      20
      13
      10
      12
      16
      12
      21
      19
      15
      11
      21
      23
      14
       9
      13
      18
       9
      12
      13
      12
      12
       9
       9
      13
      15
      11
      21
      15
      13
      14
      14
      11
       9
      21
       1
      13
      15
       8
       7
       8
      17
       9
      15
      12
      11
      14
      12
      10
      10
      14
       8
      13
      11
      13
      10
       9
      16
      10
       9
      12
      13
      13
      13
       9
      15
       9
      11
      10
      10
      14
       7
       7
      15
      11
      18
      11
       7
      16
       4
      14
       6
       6
       9
      12
      11
       9
       6
      15
      10
      10
      14
      12
      12
       9
      13
       8
      13
      13
       6
      14
      11
       9
      14
      13
       7
       6
      14
      14
      10
      13
      13
      17
      16
       8
      11
       8
      11
      12
       8
      13
       4
       9
      11
      16
      11
      14
      15
      16
      10
      12
       8
       9
       8
      10
      14
       9
       9
       8
      10
      12
      11
      11
      12
       8
      10
      10
      17
       5
       8
       7
      10
       7
      12
       5
      11
       9
       6
      10
       8
      13
      13
      11
       9
       8
      11
      10
       8
       9
       6
      11
       8
      10
      11
      11
       6
       7
      10
      12
      12
      12
       6
       7
      13
       9
       4
      12
       8
       7
      12
      13
       7
      10
      10
      14
       4
       8
      12
      10
       5
      10
      11
       6
      14
       7
      13
       4
       7
       8
       8
       7
       8
       8
       9
       8
      15
       7
       5
       3
       9
       7
      15
      13
      16
      19
      12
       7
      11
      11
       6
      12
      11
      10
      10
      13
       8
       5
       9
       9
      22
       5
       1
       9
       7
      11
       9
      10
       7
      11
       8
       9
      13
       7
       5
       5
      11
       7
       8
       6
       7
       6
       7
       9
      12
       6
       7
       6
       7
      11
      15
       8
      11
      16
       5
       9
      12
      10
      12
      10
      12
       5
       9
      13
      14
       9
      10
       9
       7
      11
      14
      15
       9
       7
       5
      14
       6
       9
       2
       8
       7
      11
       7
      11
       4
       5
       7
       8
       7
       7
       6
      12
      10
       5
      10
       4
       9
       5
       6
       7
       9
       9
       7
       4
       7
       7
       6
       5
       3
       5
       7
       9
       8
       8
       3
      13
       7
       9
      13
       9
      11
       7
      12
       7
      10
       7
       9
      10
       7
      16
      10
       6
       5
       6
       7
      11
       4
       9
       9
       7
       2
       5
       9
      11
       7
       7
      13
       7
       8
       8
      11
       3
       4
       8
       7
       8
       6
       6
       6
       8
       2
       9
       9
       4
       7
       6
       7
       7
       7
       6
       7
      10
       6
      11
       3
       4
       9
      11
       7
       4
       9
       6
       8
       5
       6
      10
      13
       5
       8
       8
       8
       5
       5
       6
       5
       4
       5
       5
       7
       3
       4
       4
       9
       5
       7
       9
       5
       7
       6
       5
       7
       4
       4
       7
      10
       7
       4
       4
       4
       5
       4
       4
       9
       6
       5
       2
       4
       7
       9
       4
       5
       5
       9
       5
       3
       9
       5
       8
       5
       7
       6
      11
       1
       4
       4
       4
       4
       9
       4
       8
       3
       6
       5
       3
       4
       5
       8
       2
       7
       3
       2
       6
       3
       5
       5
       9
       7
       4
       6
       7
       3
       4
       5
       7
       6
       3
       1
      10
       6
       3
       5
       7
       4
       7
       5
       6
       6
       4
       5
       6
       1
       4
       2
       5
       4
       6
       3
       7
       7
       7
       5
       8
       1
       5
       5
       5
       3
       4
       6
       7
       6
       4
       3
       6
       2
       2
       5
       6
       8
       5
       4
       5
       6
       4
      11
       2
       5
       3
       2
       4
       4
      13
       2
       5
       3
       6
       3
       5
       7
       7
      11
       8
       2
       3
       5
       4
       5
       3
       4
       5
       5
       7
       5
       5
       8
       6
       1
       5
       7
       3
       2
       4
      11
       4
       1
       7
       3
       9
       5
       3
       8
       2
       2
       3
       4
       3
       2
       3
       4
       6
       7
       5
       7
       2
       1
       4
       3
       7
       4
       7
       2
       1
       7
       4
       5
       8
       3
       7
       3
       4
       5
       2
       4
       5
       0
      12
       4
       6
       8
       6
       3
       6
       2
       4
       5
       5
       4
       6
       6
       6
       3
       5
       6
       6
       6
      10
       3
       6
       5
       4
       7
       0
       6
       8
       8
       2
       7
       2
       4
       5
       5
       6
       3
       5
       6
       6
       3
       4
       3
       1
       5
       2
       1
       7
       4
       3
       1
       1
       4
       4
       4
       6
       7
       3
       3
       4
       2
       6
       2
       5
       4
       4
       6
       2
       6
       5
       2
       3
       4
       3
       6
       1
       3
       2
       1
       4
       2
       3
       2
       3
       6
       2
       1
       2
       5
       3
       3
       5
       7
       2
       1
       4
       4
       7
       3
       2
       2
       2
       5
       5
       4
       4
       3
       4
       6
       0
       2
       3
       3
       2
       8
       2
       0
       1
       5
       4
       4
       4
       6
       3
       1
       3
       2
       0
       3
       3
       4
       1
       1
       1
       5
       4
       1
       5
       0
       2
       1
       2
       3
       6
       5
       0
       1
       1
       0
       0
       0
       0
       0
       0
       0
       0
       0
       0
       0
       0
       0
       0
       0
       0
       0
       0
       0
       0
       0
       0
       0
       0
       0
       0
       0
       0
       0
       0
       0
       0
       0
       0
       0
       0
       0
       0
       0
       0
       0
       0
       0
       0
       0
       0
       0
       0
       0
       0
       0
       0
       0
       0
       0
       0
       0
       0
       0
       0
       0
       0
       0
       0
       0
$ROI:
0
$PRESETS:
None
0
0
$ENER_FIT:
0.000000 0.375000
$MCA_CAL:
3
0.000000E+000 3.750000E-001 0.000000E+000 keV
$SHAPE_CAL:
3
0.000000E+000 0.000000E+000 0.000000E+000
