$SPEC_ID:
This is sample 008.
$SPEC_REM:
DET# 3
DETDESC# JLAB-20 MCB 131
AP# Maestro Version 7.01
$DATE_MEA:
03/13/2023 14:34:55
$MEAS_TIM:
46 96
$DATA:
0 2047
       0
       0
       2
     127
   21872
 1017048
 1238867
  912598
  812528
  716908
  622145
  531336
  446685
  369547
  300390
  241059
  189558
  146881
  112911
   84505
   61917
   45127
   32204
   22672
   15510
   10436
    6970
    4607
    2921
    1964
    1290
     907
     597
     422
     289
     229
     191
     136
     175
     140
     126
     124
     115
     115
     111
     110
      81
      87
     109
      87
     100
      73
      95
      98
     110
     102
      87
      85
      88
      71
      80
      69
      76
      78
      69
      66
      65
      57
      55
      63
      46
      66
      57
      62
      59
      59
      60
      54
      58
      49
      46
      47
      47
      51
      49
      42
      47
      45
      50
      57
      38
      40
      48
      34
      40
      55
      28
      45
      45
      31
      37
      41
      44
      43
      44
      46
      44
      29
      38
      40
      34
      37
      42
      35
      35
      29
      35
      30
      36
      33
      25
      38
      24
      31
      23
      25
      32
      19
      37
      24
      27
      34
      27
      25
      31
      26
      26
      34
      25
      40
      22
      26
      35
      25
      26
      28
      24
      29
      20
      30
      27
      22
      21
      26
      21
      26
      22
      19
      20
      27
      26
      26
      26
      24
      25
      26
      29
      20
      30
      25
      26
      21
      21
      23
      31
      29
      28
      34
      15
      23
      23
      21
      20
      19
      27
      25
      20
      23
      21
      28
      20
      22
      19
      19
      17
      20
      16
      27
      29
      20
      24
      19
      23
      19
      28
      31
      34
      36
      17
      26
      32
      29
      29
      33
      23
      28
      31
      36
      30
      45
      32
      41
      39
      47
      29
      37
      49
      42
      48
      37
      63
      46
      70
      79
      64
      69
     103
     112
     110
     127
     115
     126
     145
     155
     134
     155
     158
     170
     175
     168
     174
     202
     164
     202
     226
     247
     218
     281
     314
     341
     391
     439
     415
     529
     529
     554
     604
     596
     662
     642
     612
     620
     626
     653
     554
     588
     531
     489
     385
     356
     307
     294
     254
     219
     173
     155
     147
     120
      88
      68
      63
      51
      40
      46
      36
      37
      31
      40
      34
      33
      30
      47
      48
      41
      50
      49
      52
      50
      36
      38
      48
      40
      33
      40
      53
      52
      73
      54
      60
      67
      67
      69
      93
      72
      87
      94
     100
     125
     120
     119
     139
     170
     150
     139
     143
     153
     135
     122
     126
     124
     100
     111
      87
      81
      71
      65
      58
      59
      64
      44
      31
      39
      25
      29
      29
      27
      25
      25
      20
      17
      20
      24
      20
      28
      15
      14
      18
      27
      22
      22
      18
      26
      32
      17
      17
      23
      20
      15
      22
      17
      16
      17
      20
      16
      16
      15
      27
      20
      20
      21
      14
      18
      16
      21
      19
      20
      19
      16
      21
      20
      28
      18
      22
      15
      17
      15
      22
      16
      25
      20
      17
      22
      26
      25
      24
      16
      15
      15
      26
      26
      22
      39
      22
      39
      23
      26
      26
      22
      37
      40
      38
      31
      35
      40
      34
      40
      51
      33
      43
      37
      44
      51
      49
      52
      48
      54
      64
      61
      59
      62
      79
      72
      93
      69
      83
     109
      88
      95
      99
     132
     152
     171
     203
     236
     302
     334
     458
     564
     695
     930
    1065
    1408
    1713
    2090
    2592
    3117
    3675
    4367
    4958
    5753
    6496
    7015
    7794
    8496
    9165
    9293
    9838
    9871
    9988
   10023
    9740
    9708
    9331
    8759
    8157
    7634
    6983
    6032
    5233
    4636
    4060
    3396
    2899
    2346
    1865
    1542
    1199
     905
     761
     540
     467
     355
     249
     194
     179
     118
     119
      83
      84
      78
      74
      68
      60
      76
      88
      85
      88
      97
     125
     161
     169
     208
     251
     293
     340
     424
     543
     635
     817
     916
    1089
    1218
    1433
    1622
    1791
    1952
    2160
    2279
    2339
    2456
    2480
    2593
    2538
    2446
    2470
    2426
    2279
    2232
    2000
    1803
    1808
    1571
    1384
    1277
    1093
     949
     868
     773
     669
     523
     421
     366
     316
     244
     231
     180
     131
     108
      86
      94
      56
      33
      27
      30
      23
      14
      10
      17
      11
       9
      11
       9
       7
       6
       3
       4
       4
       7
       2
       4
       5
       3
      11
       8
       2
       3
       4
       3
       3
       6
       5
       2
      10
       3
       3
       2
       2
       4
       4
       2
       3
       4
       2
       4
       6
       3
       5
       3
       5
       7
       2
       4
       2
       5
       4
       5
       8
       9
       6
       3
       3
       8
       5
       7
       6
       8
       9
       6
       5
       4
       6
      10
      10
       6
       8
       9
      11
       6
      11
       8
      10
       7
       7
       6
       5
       7
       9
      10
       7
       9
       6
       8
       7
      18
       7
       7
       8
      15
       9
       7
       9
       7
       5
      11
       7
      12
      13
      12
       5
      10
       5
       9
       8
      11
      10
       8
       9
       8
      11
       7
       9
      10
      12
       7
       6
       9
       8
      11
       8
       7
       8
       8
       6
       7
       9
       8
       7
      11
       6
       9
       9
      10
       6
       7
       9
       5
       7
      11
      10
      10
       5
      15
      11
      11
      11
       6
      12
      14
       5
      14
      11
       9
       9
       6
       7
      11
       6
      11
      12
       6
       8
       6
       8
       8
      13
      10
      10
      10
      10
       6
      10
      15
       9
      12
       7
      11
      10
       8
       6
       8
       7
       6
      10
       9
       6
       5
      11
       8
      12
       4
       8
       4
       2
       8
       9
      11
      12
      12
       7
       5
      13
       4
      10
       5
       9
       9
       9
       8
       5
       9
       6
       7
       1
       5
       7
       9
       7
       6
       8
      14
      10
       8
      10
      10
       9
       7
      11
      11
       8
       9
       8
       8
      10
      15
      12
       9
      12
      12
      15
      13
       7
      11
       5
       8
       6
      15
       8
      17
       9
      11
      18
      10
      13
      13
      11
       8
      17
      11
      14
      10
      13
      14
      10
      13
       9
       8
       6
      14
      11
      10
      13
      10
       8
       5
      10
      10
       8
      16
       7
      16
       8
      14
      12
       8
      14
      13
       8
      11
       8
      12
      16
       8
       9
      13
      22
      10
      11
       8
       7
      13
      15
      11
      11
      14
       9
       9
       6
      18
      11
      21
      14
       6
      10
       9
      10
      18
      19
      10
      11
      10
      19
      16
      11
      16
      10
      12
       9
       8
      21
       6
      13
      16
      11
      14
      15
      13
      18
      12
      14
      17
      21
      12
      13
      16
      17
      16
      16
      14
      15
      20
      16
      20
      23
      27
      14
      18
      24
      13
      20
      20
      17
      21
      16
      14
      25
      15
      20
      23
      23
      19
      22
      30
      19
      26
      17
      23
      29
      20
      23
      29
      23
      25
      28
      25
      33
      27
      23
      18
      28
      20
      23
      27
      26
      33
      21
      34
      27
      21
      27
      33
      27
      27
      23
      31
      25
      27
      27
      25
      29
      28
      25
      41
      22
      37
      23
      41
      35
      39
      37
      35
      39
      27
      40
      37
      41
      35
      42
      37
      48
      44
      33
      49
      42
      46
      42
      44
      56
      47
      43
      36
      48
      41
      59
      54
      59
      59
      60
      57
      61
      47
      64
      72
      55
      63
      66
      71
      74
      67
      63
      90
      65
      73
      89
      92
      73
      91
      87
      84
      89
      98
      98
     107
      92
     129
     108
     101
     116
     116
     133
     136
     141
     148
     128
     163
     149
     183
     147
     130
     154
     149
     174
     176
     166
     192
     190
     181
     194
     197
     199
     183
     203
     173
     183
     177
     196
     176
     174
     167
     191
     180
     181
     177
     179
     153
     168
     178
     155
     138
     126
     152
     138
     121
     143
     116
     147
     104
     112
     106
     114
     107
     113
      92
     105
      74
      94
      81
      79
      97
      63
      73
      83
      70
      77
      65
      67
      69
      58
      76
      63
      74
      80
      72
      71
      57
      69
      59
      68
      54
      55
      48
      58
      58
      55
      59
      54
      57
      52
      44
      43
      41
      53
      55
      49
      61
      49
      52
      46
      47
      46
      64
      55
      37
      47
      36
      45
      53
      43
      55
      38
      50
      45
      43
      52
      47
      52
      55
      48
      42
      29
      47
      42
      37
      40
      48
      46
      39
      46
      30
      44
      39
      39
      40
      46
      35
      55
      43
      37
      39
      45
      36
      43
      46
      37
      39
      47
      40
      38
      58
      46
      47
      36
      35
      37
      28
      37
      39
      37
      34
      40
      32
      42
      44
      45
      27
      37
      31
      46
      32
      33
      46
      47
      35
      38
      30
      21
      34
      33
      28
      27
      25
      33
      28
      37
      32
      33
      31
      34
      25
      26
      29
      21
      29
      34
      18
      29
      29
      19
      20
      18
      28
      33
      36
      27
      25
      20
      38
      19
      25
      25
      23
      21
      18
      24
      29
      26
      21
      27
      15
      25
      19
      26
      29
      28
      34
      41
      46
      44
      58
      62
      68
     105
      95
     142
     199
     199
     257
     254
     319
     335
     348
     414
     408
     429
     428
     419
     500
     476
     448
     463
     405
     378
     380
     321
     310
     282
     237
     225
     192
     159
     149
     113
      83
      74
      48
      52
      27
      32
      22
      15
       9
       6
       5
       6
       3
       6
       6
       3
       2
       2
       0
       4
       5
       2
       3
       3
       5
       4
       2
       3
       1
       3
       2
       3
       4
       2
       2
       1
       1
       3
       4
       2
       2
       2
       4
       4
       3
       1
       1
       3
       3
       3
       4
       4
       2
       3
       1
       3
       3
       0
       1
       2
       3
       3
       2
       2
       1
       0
       2
       1
       3
       2
       1
       1
       2
       4
       1
       3
       3
       2
       2
       3
       3
       1
       2
       4
       1
       2
       4
       3
       3
       2
       2
       2
       1
       3
       2
       3
       3
       1
       4
       6
       4
       3
       3
       2
       3
       3
       3
       5
       7
       4
       3
       6
       0
       4
       4
       2
       4
       7
       3
       5
       3
       5
       1
       3
       3
       6
       6
       3
       4
       1
       2
       1
       4
       4
       1
       7
       3
       1
       1
       7
       3
       3
       6
       5
       4
       5
       8
       3
       8
       3
       2
       5
       3
       3
       3
       5
       3
       2
       4
       0
       4
       4
       9
       2
       4
       4
       5
       1
       1
       1
       2
       3
       3
       2
       1
       5
       4
       2
       1
       4
       4
       3
       0
       2
       2
       6
       4
       6
       3
       1
       3
       3
       3
       2
       4
       2
       4
       2
       3
       3
       3
       5
       4
       5
       2
       3
       4
       2
       3
       2
       3
       4
       3
       5
       1
       1
       3
       3
       5
       6
       1
       0
       4
       5
       2
       3
       5
       2
       7
       2
       2
       0
       3
       3
       4
       2
       1
       3
       5
       1
       1
       4
       5
       1
       4
       3
       3
       3
       3
       3
       4
       2
       6
       1
       2
       1
       5
       7
       8
       3
       2
       6
       6
       1
       2
       7
       3
       4
       3
       2
       3
       1
       1
       6
       8
      10
       2
       7
       3
       6
       3
       9
       5
       5
       4
       8
       5
       7
       3
       9
       9
       4
       3
       6
       7
       3
       1
       4
       1
       2
       2
       5
       5
       1
       1
       1
       3
       4
       5
       2
       8
       4
       5
       5
       7
       8
      10
      11
       1
       4
       5
       2
       5
       4
       7
       6
       7
       7
       5
       7
       3
       3
       6
       2
       2
       3
       3
       2
       3
       1
       7
       3
       3
       4
       2
       3
       2
       4
       3
       4
       5
       4
       1
       6
       0
       1
       3
       4
       2
       3
       3
       3
       1
       2
       3
       2
       0
       1
       1
       3
       1
       3
       1
       7
       3
       3
       5
       0
       1
       0
       1
       4
       0
       7
       3
       1
       3
       2
       4
       2
       3
       1
       3
       3
       1
       2
       3
       1
       3
       4
       3
       6
       4
       1
       2
       4
       2
       3
       1
       3
       3
       2
       2
       0
       2
       0
       3
       3
       1
       1
       2
       4
       2
       2
       6
       1
       0
       1
       5
       2
       5
       2
       3
       4
       0
       4
       2
       4
       4
       1
       0
       7
       4
       1
       2
       3
       5
       8
       1
       1
       4
       4
       2
       1
       1
       2
       0
       3
       5
       2
       2
       3
       4
       3
       4
       2
       2
       2
       4
       5
       1
       3
       3
       1
       6
       2
       1
       4
       1
       3
       4
       1
       3
       4
       0
       3
       2
       6
       4
       3
       4
       6
       4
       1
       2
       2
       2
       1
       1
       4
       5
       1
       3
       2
       3
       2
       1
       6
       4
       0
       1
       4
       3
       0
       2
       3
       2
       3
      12
       2
       2
       5
       4
       2
       1
       3
       4
       2
       3
       2
       3
       1
       3
       5
       3
       3
       1
       8
       7
       2
       4
       7
       5
       5
       4
       3
       2
       3
       4
       1
       4
       2
       2
       0
       4
       4
       3
       0
       3
       5
       3
       1
       3
       1
       1
       3
       4
       3
       3
       3
       1
       1
       1
       3
       3
       4
       5
       1
       0
       3
       1
       2
       2
       0
       3
       4
       0
       3
       1
       1
       0
       4
       3
       5
       1
       1
       1
       2
       4
       3
       0
       3
       2
       2
       0
       3
       2
       5
       5
       2
       2
       1
       3
       1
       1
       1
       2
       2
       6
       3
       0
       3
       1
       2
       3
       3
       2
       5
       1
       3
       3
       0
       1
       2
       2
       2
       2
       3
       0
       1
       1
       4
       2
       1
       4
       2
       2
       0
       2
       1
       1
       2
       0
       0
       0
       0
       0
       1
       0
       0
       0
       0
       0
       0
       0
       0
       0
       0
       0
       0
       0
       0
       0
       1
       0
       0
       0
       0
       0
       0
       0
       0
       0
       0
       0
       0
       0
       0
       0
       0
       0
       0
       0
       0
       0
       0
       0
       0
       0
       0
       0
       0
       0
       0
       0
       0
       0
       0
       0
       0
       0
       0
       0
       0
       0
       0
       0
$ROI:
1
763 797
$PRESETS:
Real Time
1200
0
$ENER_FIT:
0.000000 0.045181
$MCA_CAL:
3
0.000000E+000 4.518135E-002 0.000000E+000 keV
$SHAPE_CAL:
3
0.000000E+000 0.000000E+000 0.000000E+000
