$SPEC_ID:
This is sample 008.
$SPEC_REM:
DET# 3
DETDESC# JLAB-20 MCB 131
AP# Maestro Version 7.01
$DATE_MEA:
03/06/2023 15:06:56
$MEAS_TIM:
70 72
$DATA:
0 2047
       0
       0
       0
       0
       0
       0
       0
       0
       0
       0
       0
       0
       0
       0
       0
       0
       0
       0
       0
       0
       0
       0
       0
       0
       0
       0
       0
       0
       0
       0
       0
       0
       0
       0
       0
       0
       0
       0
       0
       0
       0
       0
       0
       0
       0
       0
       0
       0
       0
       0
       0
       0
       0
       0
       0
       0
       0
       0
       0
       0
       0
       0
       0
       0
       0
       0
       0
       0
       0
       0
       0
       0
       0
       0
       0
       0
       0
       0
       0
       0
       0
       0
       0
       0
       0
       1
      42
      67
      70
      75
      64
      59
      66
      57
      71
      55
      73
      69
      64
      57
      54
      65
      69
      56
      63
      61
      65
      52
      62
      58
      47
      53
      50
      47
      59
      58
      55
      54
      42
      59
      56
      54
      44
      34
      44
      49
      50
      50
      50
      37
      43
      48
      45
      51
      47
      35
      53
      39
      35
      48
      33
      35
      37
      44
      35
      47
      39
      44
      43
      29
      50
      44
      49
      38
      40
      37
      34
      41
      51
      27
      38
      39
      33
      35
      31
      40
      43
      49
      43
      37
      30
      28
      28
      33
      31
      29
      38
      37
      32
      25
      24
      23
      30
      37
      27
      34
      35
      26
      26
      24
      35
      26
      27
      32
      28
      41
      32
      19
      27
      24
      34
      34
      34
      28
      50
      36
      28
      21
      22
      43
      37
      31
      30
      25
      36
      35
      27
      34
      28
      45
      25
      38
      24
      32
      30
      39
      19
      27
      23
      23
      29
      25
      31
      21
      23
      17
      28
      25
      30
      35
      21
      31
      28
      21
      31
      24
      29
      30
      28
      27
      23
      26
      30
      15
      34
      23
      26
      26
      27
      28
      22
      32
      27
      29
      26
      21
      29
      23
      25
      33
      24
      21
      33
      27
      31
      32
      19
      28
      24
      24
      24
      20
      28
      23
      20
      26
      17
      23
      41
      24
      25
      30
      28
      32
      38
      31
      31
      44
      42
      32
      35
      43
      33
      40
      50
      43
      30
      47
      39
      37
      30
      30
      33
      21
      27
      25
      22
      31
      23
      20
      17
      14
      25
      28
      19
      23
      24
      11
      23
      22
      31
      31
      25
      40
      32
      20
      22
      27
      18
      21
      29
      35
      23
      23
      24
      22
      26
      32
      19
      22
      21
      23
      27
      21
      26
      20
      18
      18
      21
      14
      21
      17
      24
      21
      16
      14
      16
      12
      20
      28
      18
      22
      18
      16
      21
      16
      19
      20
      15
      21
      21
      16
      26
      21
      20
      19
      18
      19
      21
      16
      17
      18
      19
      23
      19
      29
      26
      19
      23
      14
      16
      16
      17
      15
      19
      25
      24
      12
      11
      25
      14
      22
      19
      19
      28
      21
      19
      15
      13
      24
      18
      14
      23
      25
      25
      27
      23
      25
      25
      27
      19
      27
      37
      46
      32
      37
      39
      32
      49
      45
      53
      57
      53
      67
      71
      66
      69
      75
      63
      63
      89
      82
      84
      82
     112
      98
      93
      94
     119
     108
     115
     141
     152
     178
     198
     196
     197
     214
     208
     250
     231
     263
     279
     290
     294
     298
     290
     270
     269
     245
     242
     243
     200
     160
     156
     152
     126
     103
      98
      89
      68
      70
      49
      34
      35
      26
      29
      32
      26
      27
      35
      24
      11
      19
      20
      14
      22
      17
      20
      19
      19
      24
      15
      27
      25
      23
      15
      10
      17
      17
      19
      28
      16
      20
      21
      22
      24
      22
      27
      12
      28
      19
      22
      28
      30
      36
      27
      23
      38
      30
      23
      35
      38
      20
      22
      30
      26
      38
      31
      36
      29
      27
      43
      46
      43
      55
      43
      60
      59
      61
      69
      50
      69
      91
      83
      80
      82
      91
      81
      81
      54
      73
      58
      49
      56
      48
      62
      51
      43
      59
      36
      48
      38
      53
      39
      44
      42
      40
      45
      44
      42
      42
      41
      35
      42
      55
      44
      54
      34
      42
      38
      45
      51
      44
      52
      59
      60
      54
      60
      64
      55
      65
      62
      79
      68
      95
      87
      65
      73
      86
      72
      95
      86
      86
      96
      84
      99
      98
      95
      84
     108
      84
     112
     121
      95
     138
     111
     124
     125
     125
     120
     114
     138
     145
     162
     151
     154
     178
     174
     169
     209
     175
     211
     178
     205
     208
     261
     267
     280
     270
     384
     458
     505
     631
     721
     878
    1107
    1424
    1720
    1988
    2497
    2949
    3461
    3992
    4555
    5305
    5953
    6626
    7186
    7787
    8436
    8718
    9455
    9503
    9834
    9957
   10010
    9576
    9205
    8936
    8396
    7802
    7199
    6452
    5824
    5123
    4455
    3827
    3149
    2734
    2335
    1957
    1519
    1269
    1096
     828
     699
     569
     464
     405
     344
     276
     250
     213
     162
     164
     137
     119
     107
      87
      95
      88
      93
      93
      72
      80
     103
      86
      87
      77
      71
      76
      58
      69
      69
      69
      58
      56
      74
      67
      66
      77
      87
      62
      60
      70
      77
      85
      67
      72
      86
      87
      74
      98
     103
     134
     131
     162
     190
     238
     298
     357
     432
     577
     743
     858
    1018
    1151
    1357
    1643
    1767
    1879
    2094
    2227
    2336
    2413
    2372
    2304
    2364
    2292
    2178
    2068
    1893
    1788
    1708
    1454
    1378
    1364
    1167
    1154
    1009
     945
     919
     881
     885
     829
     777
     712
     684
     648
     561
     562
     476
     423
     394
     332
     311
     221
     220
     192
     142
     118
     112
      96
      69
      58
      50
      34
      37
      29
      23
      27
      22
      12
      12
      16
      16
      16
      14
       7
       9
       5
      14
      11
      16
       5
       8
       8
      11
      10
       7
      14
      10
      10
      11
      10
       6
      13
      10
       7
      11
       7
      11
       5
      14
       8
       4
       5
       6
       5
       9
      10
       8
       7
       9
       9
      13
       6
       9
      10
      11
       5
       7
       7
       6
      13
       5
       6
       2
      13
       2
       7
       7
       8
       6
       5
      11
      10
      13
      13
      10
      10
      16
      10
      12
      12
       9
       8
      12
      14
      11
      17
       8
       8
      14
       7
       8
      14
      15
       8
      13
      15
      12
      10
      10
      16
       9
       6
      18
      10
      17
      11
      12
      14
      17
      17
      11
      14
      11
      19
      19
      16
      22
      15
      16
      22
      20
      16
      18
      11
      14
      14
      23
      15
      22
      22
      22
      20
      24
      23
      13
      17
      23
      19
      30
      24
      25
      29
      24
      22
      25
      22
      26
      34
      24
      23
      26
      27
      29
      34
      27
      46
      34
      33
      33
      28
      36
      31
      31
      39
      42
      32
      42
      34
      40
      34
      43
      41
      38
      49
      45
      43
      27
      46
      48
      48
      47
      63
      49
      55
      54
      53
      65
      47
      66
      51
      73
      70
      77
      61
      83
      73
      79
      97
      87
      85
     104
     105
     102
     141
     119
     117
     121
     131
     126
     142
     148
     148
     136
     179
     190
     207
     220
     214
     201
     222
     242
     227
     239
     243
     269
     251
     264
     262
     276
     279
     272
     304
     292
     307
     293
     319
     294
     315
     306
     274
     289
     287
     288
     280
     275
     235
     233
     261
     229
     214
     241
     203
     198
     186
     215
     194
     182
     166
     149
     139
     132
     124
     141
     131
     118
     122
     117
     113
      95
     117
     102
      98
     115
      86
      83
      75
      85
     104
      84
      65
      70
      76
      62
      77
      60
      62
      61
      65
      56
      62
      55
      67
      50
      54
      41
      46
      40
      53
      61
      42
      44
      41
      41
      40
      51
      49
      50
      54
      40
      45
      36
      35
      36
      34
      37
      45
      44
      38
      35
      27
      36
      38
      37
      35
      35
      42
      42
      42
      30
      40
      33
      17
      34
      25
      40
      39
      35
      38
      41
      44
      27
      28
      22
      26
      30
      35
      30
      32
      39
      34
      25
      29
      26
      30
      27
      18
      35
      26
      41
      26
      31
      27
      32
      30
      23
      20
      32
      13
      18
      21
      26
      29
      26
      41
      29
      30
      22
      26
      36
      35
      22
      21
      32
      26
      26
      24
      29
      18
      27
      31
      44
      16
      29
      20
      25
      22
      19
      18
      32
      26
      12
      22
      24
      26
      34
      19
      17
      26
      25
      27
      21
      28
      23
      19
      16
      22
      27
      32
      24
      24
      16
      21
      21
      21
      21
      24
      16
      15
      25
      13
      20
      24
      15
      20
      26
      23
      34
      39
      33
      39
      63
      83
      81
     102
     119
     145
     157
     176
     224
     265
     236
     262
     300
     351
     300
     338
     346
     312
     298
     250
     282
     224
     195
     198
     181
     143
     130
     109
      91
      89
      52
      38
      44
      35
      28
      18
      19
      14
      24
      15
      10
      10
      20
       8
       6
       7
       8
       9
       8
       9
       3
       5
       6
       3
       3
       7
       8
       8
       9
       6
       4
      10
       7
      12
       6
       4
       5
      11
      14
       4
       6
       5
       5
       4
       5
       6
       8
       3
       6
       7
      11
       8
       8
      11
       6
       7
       9
       4
       8
       3
       7
       8
      13
       8
      14
       6
       7
      12
       6
      10
      14
      16
      22
       9
       8
       8
       7
      10
      12
      10
       8
       9
      13
      14
       7
       8
       1
       8
       7
       7
       4
       4
       6
       7
       6
       5
       9
       6
       5
       6
       3
       2
       4
       4
       4
       4
       0
       3
       5
       1
       3
       3
       4
       4
       3
       3
       1
       3
       3
       2
       7
       6
       7
       3
       3
       2
       5
       3
       1
       2
       5
       1
       5
       4
       4
       2
       3
       4
       6
       7
       5
       6
       6
       2
       6
       5
       7
       3
       3
       6
       6
      10
       2
       1
       6
       7
       5
       4
       6
       2
      10
       8
       8
      13
       7
       8
       6
       5
       6
       4
       4
       8
       8
       4
       3
      10
       3
       8
       1
       4
       2
       7
       5
       3
       6
       3
       3
       2
       4
       2
       3
       1
       5
       5
       4
       4
       3
       2
       4
       2
       4
       1
       2
       0
       2
       4
       6
       4
       8
       0
       2
       1
       2
       2
       1
       8
       2
       3
       2
       4
       1
       2
       3
       2
       3
       5
       5
       4
       2
       3
       1
       6
       5
       4
       4
       3
       2
       4
       3
       4
       1
       0
       4
       6
       2
       1
       2
       3
       3
       2
       2
       4
       3
       2
       3
       4
       2
       9
       3
       6
       2
       5
       6
       3
       6
       6
       3
       3
       3
       4
       6
       8
       3
       9
       5
       4
       5
       4
       6
       5
       8
       4
       3
       6
       3
       2
       3
       0
       9
       7
       5
       3
       4
       3
       3
       2
       3
       4
      10
       7
       5
       7
       6
      10
       6
       5
       7
       4
       7
       6
       7
      11
      13
       6
       8
      10
      12
      10
       8
       5
       5
      12
       3
      10
       2
       8
       8
       6
       2
       4
       4
       3
       2
       7
       3
       5
       0
       4
       5
       2
       3
       1
       2
       5
       3
       1
       1
       5
       4
       3
       3
       2
       5
       1
       2
       2
       2
       2
       1
       0
       1
       6
       0
       4
       5
       3
       4
       5
       1
       2
       2
       5
       2
       2
       3
       5
       4
       3
       4
       3
       2
       5
       2
       1
       1
       1
       1
       1
       7
       3
       0
       3
       3
       3
       5
       4
       3
       4
       1
       3
       2
       1
       3
       2
       1
       3
       2
       2
       5
       2
       2
       2
       4
       4
       1
       3
       1
       3
       4
       6
       5
       2
       3
       1
       2
       2
       4
       2
       4
       2
       1
       3
       3
       1
       2
       1
       1
       2
       3
       1
       3
       3
       2
       0
       2
       6
       1
       2
       7
       0
       6
       3
       1
       4
       2
       3
       2
       2
       1
       6
       3
       0
       2
       3
       2
       3
       1
       0
       1
       3
       2
       0
       2
       4
       2
       4
       3
       2
       3
       1
       1
       2
       3
       2
       4
       2
       1
       2
       5
       2
       3
       1
       3
       1
       2
       3
       1
       2
       1
       0
       0
       1
       2
       2
       4
       1
       4
       5
       3
       1
       1
       7
       1
       1
       3
       5
       3
       4
       1
       2
       2
       2
       6
       4
       4
       6
       4
       4
       2
       5
       2
       3
       3
       1
       6
       1
       3
       0
       5
       0
       2
       3
       2
       0
       3
       3
       4
       3
       1
       2
       1
       1
       2
       2
       3
       3
       0
       3
       1
       1
       2
       5
       2
       3
       2
       2
       1
       4
       1
       5
       0
       5
       3
       0
       3
       5
       3
       6
       0
       5
       3
       1
       2
       1
       5
       3
       2
       1
       2
       3
       4
       4
       1
       3
       2
       2
       4
       5
       2
       2
       3
       2
       2
       1
       0
       5
       1
       2
       1
       2
       2
       3
       0
       1
       4
       1
       2
       1
       1
       3
       0
       2
       3
       4
       0
       0
       2
       2
       4
       3
       3
       2
       2
       1
       1
       2
       4
       2
       1
       2
       0
       0
       4
       2
       2
       0
       1
       1
       0
       1
       1
       4
       0
       2
       3
       2
       4
       3
       2
       1
       3
       0
       1
       1
       1
       2
       2
       3
       5
       3
       4
       2
       1
       1
       1
       2
       0
       1
       1
       3
       1
       2
       0
       0
       3
       2
       1
       2
       0
       2
       1
       1
       1
       0
       0
       1
       1
       0
       1
       0
       0
       1
       0
       0
       1
       0
       2
       0
       0
       0
       0
       0
       0
       0
       0
       0
       0
       0
       0
       0
       1
       0
       0
       0
       0
       0
       0
       0
       0
       0
       0
       0
       0
       0
       0
       0
       0
       0
       0
       0
       0
       0
       0
       0
       0
       0
       0
       0
       0
       0
       0
       0
       0
       0
       0
       0
       0
       0
       0
       0
       0
       0
$ROI:
0
$PRESETS:
Real Time
1200
0
$ENER_FIT:
0.000000 0.046442
$MCA_CAL:
3
0.000000E+000 4.644218E-002 0.000000E+000 keV
$SHAPE_CAL:
3
0.000000E+000 0.000000E+000 0.000000E+000
