$SPEC_ID:
No sample description was entered.
$SPEC_REM:
DET# 3
DETDESC# JLAB-20 MCB 129
AP# Maestro Version 7.01
$DATE_MEA:
10/27/2016 16:26:03
$MEAS_TIM:
35 51
$DATA:
0 2047
       0
       0
       0
       0
       0
       0
       0
       0
       0
       0
   39480
  102953
   26198
   22517
   13629
    7419
    4027
    2070
    1162
     596
     342
     263
     208
     190
     171
     180
     172
     166
     146
     174
     160
     144
     147
     149
     152
     146
     150
     131
     161
     151
     141
     146
     114
     131
     112
     121
     131
     137
     148
     130
     108
     137
     146
     127
     110
     111
     111
     123
     106
     110
     108
     110
     123
     112
     134
      96
     122
      99
      95
     110
     115
     116
      92
     121
     112
     116
     119
     100
     115
     107
      93
     120
     120
     125
     116
     123
     115
      83
      97
      93
     118
     123
     121
     107
      96
     102
     116
     114
     135
     136
     113
     111
     127
     108
     119
     116
      88
     111
     113
     117
     122
     120
     107
     120
     134
     110
     131
     135
     117
     104
     116
     120
     106
     120
     125
     128
     126
     138
     105
     105
     134
     105
     134
     125
     119
     117
     107
     120
     130
     124
     114
     118
     140
     136
     121
     149
     142
     149
     141
     149
     159
     159
     161
     157
     174
     149
     166
     163
     145
     172
     168
     176
     182
     177
     188
     221
     205
     205
     192
     235
     203
     239
     232
     252
     261
     251
     245
     291
     273
     291
     314
     349
     355
     360
     400
     391
     427
     412
     473
     544
     602
     629
     683
     689
     692
     647
     587
     570
     513
     439
     378
     345
     272
     247
     194
     198
     168
     158
     176
     130
     135
     150
     158
     143
     152
     139
     183
     199
     180
     200
     202
     194
     218
     261
     263
     251
     263
     269
     331
     359
     392
     425
     412
     448
     451
     480
     472
     497
     507
     561
     561
     597
     666
     697
     721
     766
     839
     885
     898
     956
    1096
    1256
    1374
    1447
    1550
    1647
    1802
    1987
    1985
    2073
    2255
    2305
    2464
    2437
    2579
    2683
    2696
    2896
    2932
    3173
    3191
    3466
    3588
    3994
    4288
    4552
    5112
    5936
    7003
    8253
    9616
   11475
   13057
   14650
   15334
   15741
   15457
   14532
   13093
   11396
    9757
    8024
    6475
    5012
    3850
    2869
    2192
    1602
    1238
     976
     869
     724
     676
     719
     679
     748
     730
     759
     797
     816
     910
     939
     993
    1005
    1166
    1311
    1494
    1814
    2099
    2492
    2940
    3177
    3456
    3555
    3472
    3473
    3118
    2880
    2500
    2249
    1967
    1686
    1498
    1261
    1072
     818
     670
     549
     417
     342
     276
     228
     182
     142
     149
     115
      96
     118
     112
     104
     132
      99
      99
     116
     103
     107
     122
     120
     111
      92
     101
     106
     103
     109
      87
      97
      93
     115
     101
     109
     124
     104
     120
     106
     101
     133
     108
     126
     109
     110
     100
     101
     116
     123
     117
     118
     118
     112
     122
     127
     127
     133
     142
     112
     119
     117
     107
     140
     113
     148
     146
     141
     134
     136
     142
     162
     143
     140
     149
     165
     140
     144
     157
     147
     146
     154
     177
     131
     152
     167
     167
     140
     165
     156
     161
     170
     169
     147
     175
     171
     158
     142
     162
     156
     161
     160
     150
     182
     153
     143
     154
     155
     179
     174
     187
     161
     190
     195
     162
     169
     187
     188
     206
     158
     178
     160
     195
     173
     201
     178
     202
     192
     185
     194
     187
     191
     207
     200
     216
     227
     216
     226
     231
     235
     265
     278
     270
     281
     260
     288
     308
     312
     316
     353
     308
     354
     384
     412
     459
     551
     570
     581
     502
     476
     460
     420
     386
     300
     302
     257
     254
     242
     207
     189
     194
     190
     179
     211
     203
     207
     211
     205
     227
     216
     229
     210
     201
     200
     236
     229
     234
     215
     211
     242
     230
     286
     257
     226
     251
     256
     257
     277
     263
     263
     297
     285
     301
     281
     329
     322
     349
     359
     367
     341
     390
     413
     368
     415
     412
     404
     432
     389
     440
     444
     440
     450
     477
     459
     508
     544
     583
     618
     637
     716
     779
     885
     897
     955
    1011
    1056
    1034
     981
     979
     890
     860
     770
     730
     662
     546
     522
     482
     436
     435
     394
     364
     349
     388
     366
     356
     367
     372
     343
     383
     362
     356
     378
     382
     358
     364
     421
     388
     438
     454
     466
     479
     541
     536
     551
     565
     509
     516
     506
     465
     421
     375
     362
     364
     335
     301
     280
     281
     257
     248
     218
     200
     204
     176
     207
     200
     196
     173
     191
     203
     194
     214
     196
     196
     196
     209
     206
     215
     196
     204
     211
     203
     237
     217
     211
     218
     216
     231
     201
     222
     185
     211
     216
     190
     194
     193
     174
     204
     180
     175
     189
     188
     158
     173
     186
     181
     177
     176
     170
     181
     147
     178
     167
     191
     180
     188
     160
     192
     200
     194
     199
     183
     180
     194
     180
     204
     197
     213
     188
     210
     192
     193
     204
     205
     211
     240
     196
     233
     200
     220
     213
     241
     260
     261
     264
     264
     242
     297
     283
     261
     316
     329
     380
     379
     383
     422
     422
     430
     482
     547
     541
     647
     708
     732
     784
     878
    1004
    1122
    1141
    1238
    1399
    1484
    1483
    1618
    1788
    1844
    2035
    2233
    2760
    3327
    4098
    4753
    5404
    5938
    6247
    6351
    5930
    5590
    4843
    4126
    3342
    2590
    2085
    1554
    1160
     793
     559
     377
     313
     219
     186
     148
     130
     139
     140
     133
     135
     152
     138
     172
     171
     168
     162
     144
     157
     149
     157
     139
     142
     128
     110
     130
     119
      99
     118
     131
     112
     126
     120
     104
     127
     104
     112
     135
      95
     103
     117
      81
      97
      93
     105
     117
     110
     112
     104
     125
     116
     145
     136
     109
     145
     117
     124
     133
     118
     120
     134
     125
     133
     118
     115
     105
     102
     122
     114
     105
     132
     127
     120
     106
     124
     110
     128
     122
     146
     134
     130
     133
     135
     146
     135
     128
     133
     144
     128
     139
     151
     130
     139
     161
     130
     149
     135
     151
     166
     128
     143
     157
     145
     134
     146
     134
     131
     124
     144
     132
     138
     145
     118
     149
     142
     136
     142
     139
     145
     136
     110
     124
     134
     117
     132
     146
     116
     134
     122
     160
     139
     138
     145
     152
     142
     120
     133
     149
     136
     124
     129
     141
     129
     140
     130
     150
     145
     125
     135
     128
     123
     125
     155
     126
     131
     133
     126
     116
     150
     127
     135
     140
     139
     109
     148
     117
     131
     124
     141
     145
     141
     162
     136
     147
     150
     141
     134
     141
     136
     137
     148
     154
     128
     141
     136
     143
     158
     137
     133
     124
     122
     154
     113
     123
     140
     129
     115
     121
     134
     121
     114
     135
     111
     119
     140
     133
     130
     105
     120
     119
     135
     148
     134
     122
     139
     111
     128
     130
     160
     128
     135
     146
     147
     127
     167
     139
     142
     134
     166
     143
     148
     149
     166
     177
     154
     152
     195
     207
     192
     202
     181
     210
     193
     204
     250
     244
     243
     208
     245
     234
     252
     266
     268
     299
     283
     308
     288
     316
     316
     352
     341
     353
     378
     379
     417
     409
     457
     514
     560
     629
     679
     701
     707
     713
     744
     626
     553
     546
     505
     385
     361
     286
     230
     219
     182
     180
     152
     136
     158
     119
     148
     123
     127
     126
     136
     127
     145
     143
     154
     159
     168
     143
     153
     171
     173
     165
     200
     190
     200
     214
     208
     219
     221
     220
     183
     191
     175
     185
     149
     172
     135
     137
     128
     121
     113
     106
      86
     112
     102
      96
      81
     104
      92
      92
     105
      99
      97
      78
      94
      86
      90
      99
      83
      90
      76
      91
      81
      80
     105
      86
      92
      90
      99
      92
      91
      90
      77
      88
      81
      81
      74
      97
      91
     108
      89
      87
      80
      91
      83
      90
      81
      94
      78
      95
      88
      80
      84
      99
      86
      77
      86
      81
     102
      93
      86
      90
     100
      83
      81
      88
      73
     107
      78
     107
      90
      91
      94
      89
     103
     100
      93
     101
      82
     107
      76
      74
     102
      88
     101
      90
      89
      88
      95
     103
      75
      88
      87
      86
     108
      84
     110
      96
      86
      88
     120
      81
      86
      96
      99
     105
      96
      90
     101
      82
     102
      84
      78
     105
     100
      92
      89
      89
      77
      97
     100
      87
      85
      98
      89
      95
      81
      83
     108
     114
      87
     118
      95
      87
      91
     120
      89
      92
      88
     108
     110
     103
      97
      93
      98
      91
     110
     108
      89
     122
      98
     113
     105
     105
     116
     115
     127
     119
     105
     101
      92
      89
     110
     116
     108
     104
     102
      86
     101
     103
      80
      95
     103
      89
      82
     105
      97
     114
     110
     103
      90
     108
      83
     116
     109
     105
      86
     105
      87
     105
      92
     115
     109
      95
     113
     106
     110
     107
     108
      95
      95
     106
     110
     125
     113
      91
     107
     117
     115
     100
     122
     111
     108
     111
     118
     109
     118
     111
     116
     122
     112
     118
     109
     118
     116
     118
     121
     108
     105
     131
     116
     133
     129
     131
     128
      94
     123
     121
     117
     121
     100
     102
     108
     113
     112
     119
     108
      99
     103
     105
     104
     108
     118
     106
     111
     100
     108
     102
     114
     108
     111
     109
     107
      94
     107
     111
     123
     101
     114
     101
     116
      98
     115
     117
     124
      95
     125
     108
     119
     115
     117
     127
     100
     104
     120
     121
     108
     122
     110
     104
     112
     143
     112
     149
     140
     114
     124
     129
     107
     107
     106
     141
     122
     109
     114
     121
     116
     159
     130
     124
     122
     116
     114
     136
     129
     123
     128
     150
     129
     131
     140
     127
     134
     126
     120
     126
     127
     132
     117
     132
     120
     131
     131
     112
     112
     126
     108
     131
     124
     127
     121
     120
     118
     105
     114
     123
     125
     109
     125
     133
     113
     129
     126
     119
     124
     119
      92
     124
     105
     113
     117
     128
     134
     126
     107
     115
     132
     136
     125
     128
     116
     126
     114
     118
     125
     131
     128
     145
     107
     139
     112
     130
     152
     133
     145
     139
     141
     115
     128
     146
     159
     170
     165
     209
     199
     186
     191
     212
     217
     227
     235
     219
     182
     167
     173
     141
     146
     120
     117
     130
     136
     144
     125
     153
     115
     108
     109
     102
     101
     110
     103
     105
     116
     105
     109
      92
     100
      93
     116
      98
     119
     119
     104
     109
      84
     104
     103
      96
     104
     116
     103
     103
      97
     108
      96
     111
     121
      98
     107
     102
      92
     103
      89
      98
      93
      87
      91
     108
      99
      95
     105
     108
     101
      98
      96
     108
     109
      94
     113
     118
      95
     107
      98
     100
     106
      82
      99
      91
     114
      91
     107
     115
      95
      98
      88
     107
     103
     110
     110
     102
     107
      88
      95
      97
     110
      90
      95
     100
     101
      97
      98
      93
      95
      97
      89
      95
     111
     113
     118
     110
     104
      84
      91
      92
     107
     101
      92
      79
      89
     100
      98
     109
     102
     102
     100
      97
     102
      94
     102
      89
     111
      96
     119
     111
      79
     107
     102
      89
     112
      90
     112
      81
      87
      86
      91
      95
      96
     109
     100
     107
     101
     129
      99
     110
      96
      91
      97
      96
      86
      98
      99
     105
      87
     101
      99
      77
      95
      94
      68
      92
      99
      97
      95
      95
      95
      95
      85
      95
      88
      92
      85
      96
      77
      91
      83
      87
      84
     125
      80
     100
     106
     101
      86
      71
     100
     106
     101
     120
     100
     106
      95
     104
     118
     105
      94
     100
     112
     111
      84
     102
      95
      80
     119
     106
      94
      96
      93
     102
      98
      82
     126
     113
      90
      91
      98
      90
      98
     103
     105
     109
      90
     100
      79
     115
      87
     101
      94
     105
      84
     104
      94
      95
      97
     101
     115
      99
     109
      97
      80
     101
     110
      82
      90
      92
      94
      96
      91
     100
      89
      97
      90
      87
      86
      98
     108
      85
     101
      97
     100
      94
      86
      87
     117
      96
     118
     107
      80
      99
      86
      90
     109
      90
     103
     106
      89
     108
      94
      92
      89
      90
     109
      96
      92
      96
      88
     109
     108
     108
      86
      72
      95
     101
      74
      94
      95
      86
      99
      79
      96
      85
      85
      84
     108
      91
      84
     102
      92
      75
      82
     105
      91
     105
     107
     100
      82
      89
      98
      89
      98
      98
      92
      88
     117
     114
      80
      92
     104
      74
      86
      89
     105
      85
      75
      94
      88
      95
      91
     115
      99
      93
     102
      99
      83
      81
      98
      88
      86
      86
      88
      82
      74
      99
      81
      93
      77
      93
      98
      68
      97
      68
     100
      94
      86
      86
      95
      85
     110
      79
      83
      76
      99
      98
      82
      85
      82
      99
      91
      91
      87
      94
      88
      80
      85
      81
      93
      89
     105
      81
     100
      93
      85
      90
      90
      90
      88
      76
      79
      77
      91
      91
     102
      92
      85
      89
      90
      85
      73
      88
      72
      68
      91
      75
      86
      66
      79
      79
      86
      80
      67
      83
      73
      75
      77
      80
      86
      70
      82
      81
      81
      70
      72
      64
      88
      72
      79
      94
      93
      88
      57
      70
      73
      73
      71
      80
      62
      71
      78
      62
      79
      78
      83
      76
      74
      69
      75
      70
      61
      79
      77
      63
      64
      52
      70
      62
      70
      67
      63
      70
      76
      68
      64
      65
      55
      60
      62
      77
      66
      63
      56
      63
      78
      69
      78
      64
      69
      65
      60
      62
      57
      61
      66
      65
      56
      63
      60
      61
      73
      79
      85
      64
      64
      68
      60
      61
      58
      76
      61
      73
      58
      75
      57
      74
      55
      74
      63
      68
      88
      52
      55
      58
      70
      62
      68
       0
       0
       0
       0
       0
       0
       0
       0
       0
       0
       0
       0
       0
       0
       0
       0
       0
       0
       0
       0
       0
       0
       0
       0
       0
       0
       0
       0
       0
       0
       0
       0
$ROI:
1
728 776
$PRESETS:
Live Time
539
0
$ENER_FIT:
0.000000 0.108339
$MCA_CAL:
3
0.000000E+000 1.083395E-001 0.000000E+000 keV
$SHAPE_CAL:
3
1.062920E+001 0.000000E+000 0.000000E+000
