$SPEC_ID:
This is sample 008.
$SPEC_REM:
DET# 3
DETDESC# JLAB-20 MCB 131
AP# Maestro Version 7.01
$DATE_MEA:
03/01/2023 16:38:38
$MEAS_TIM:
54 55
$DATA:
0 2047
       0
       0
       0
       0
       0
       0
       0
       0
       0
       0
       0
       0
       0
       0
       0
       0
       0
       0
       0
       0
       0
       0
       0
       0
       0
       0
       0
       0
       0
       0
       0
       0
       0
       0
       0
       0
       0
       0
       0
       0
       0
       0
       0
       0
       0
       0
       1
      56
      62
      54
      46
      66
      54
      70
      60
      56
      53
      65
      58
      65
      68
      56
      61
      64
      57
      57
      52
      63
      57
      63
      63
      45
      55
      54
      61
      57
      61
      65
      58
      51
      60
      56
      52
      57
      54
      62
      64
      53
      53
      45
      60
      42
      50
      53
      54
      67
      51
      50
      57
      55
      50
      47
      63
      71
      54
      56
      55
      56
      43
      62
      56
      59
      52
      48
      53
      56
      48
      42
      58
      48
      56
      53
      57
      54
      63
      58
      57
      59
      60
      49
      49
      53
      57
      54
      48
      47
      51
      55
      54
      53
      58
      52
      58
      67
      51
      57
      47
      51
      62
      55
      71
      51
      54
      54
      51
      55
      54
      52
      46
      61
      48
      63
      55
      50
      46
      55
      57
      49
      67
      48
     105
     184
     117
      89
      61
     138
     260
     182
      80
      58
      52
      52
      54
      47
      46
      57
      63
      29
      44
      41
      35
      42
      44
      47
      44
      42
      50
      39
      90
     108
     101
      61
      51
      49
      56
      54
      54
      46
      35
      34
      40
      38
      37
      31
      38
      40
      40
      32
      42
      31
      48
      37
      37
      52
      37
      38
      35
      36
      34
      29
      33
      37
      39
      23
      39
      39
      30
      36
      39
      46
      40
      26
      44
      34
      33
      39
      39
      36
      35
      30
      42
      30
      34
      34
      43
      30
      26
      36
      38
      32
      26
      34
      40
      21
      33
      41
      36
      34
      40
      27
      30
      39
      27
      31
      36
      45
      43
      24
      29
      37
      34
      34
      33
      35
      34
      35
      41
      34
      45
      38
      35
      45
      24
      35
      32
      40
      25
      37
      25
      28
      38
      27
      21
      38
      30
      32
      26
      25
      30
      23
      40
      22
      45
      34
      32
      39
      37
      28
      29
      30
      33
      27
      37
      27
      30
      27
      36
      20
      33
      29
      26
      36
      28
      26
      21
      30
      36
      32
      38
      31
      24
      36
      39
      26
      23
      27
      35
      28
      30
      34
      41
      33
      24
      22
      31
      18
      41
      35
      27
      23
      40
      29
      32
      22
      38
      35
      24
      24
      25
      38
      32
      28
      26
      27
      31
      31
      31
      30
      33
      34
      31
      25
      33
      41
      19
      26
      25
      31
      30
      31
      35
      34
      27
      22
      19
      42
      26
      37
      36
      26
      26
      31
      32
      37
      30
      28
      28
      18
      30
      22
      30
      29
      27
      25
      24
      28
      22
      34
      28
      32
      24
      32
      23
      35
      29
      24
      21
      22
      35
      26
      34
      21
      31
      25
      24
      30
      35
      30
      21
      31
      26
      26
      26
      26
      30
      20
      18
      35
      26
      17
      30
      22
      25
      23
      32
      22
      23
      20
      31
      19
      28
      31
      24
      26
      24
      21
      22
      26
      22
      24
      19
      15
      14
      29
      26
      23
      14
      21
      26
      30
      30
      24
      25
      21
      21
      20
      26
      21
      25
      26
      19
      24
      28
      14
      16
      20
      32
      24
      28
      24
      19
      16
      27
      18
      26
      25
      20
      21
      27
      15
      17
      16
      15
      27
      16
      26
      15
      29
      26
      25
      19
      21
      25
      20
      18
      16
      23
      26
      15
      18
      20
      28
      16
      25
      19
      18
      20
      25
      21
      26
      19
      21
      25
      12
      23
      21
      23
      24
      32
      16
      16
      26
      24
      25
      20
      14
      16
      22
      20
      17
      31
      14
      16
      27
      26
      17
      21
      27
      20
      16
      24
      17
      12
      18
      19
      16
      18
      14
      25
      16
      17
      22
      15
      20
      18
      16
      20
      20
      16
      13
      24
      21
      13
      22
      12
      24
      15
      19
      23
      20
      21
      15
      28
      16
      15
      22
      28
      23
      16
      23
      18
      19
      16
      12
      19
      22
      17
      22
      23
      20
      13
      21
      26
      25
      16
      18
      13
      13
      12
      14
      23
      14
      12
      11
      21
      19
      19
      21
      22
      21
      12
      18
      13
      13
      15
      20
      19
      20
      17
      15
      20
      16
      23
      13
      18
      18
      18
      20
      25
      19
       8
      29
      12
      17
      20
      22
      14
      16
      18
      18
      17
      10
      15
      14
       8
      19
       9
       7
      14
      23
      23
       9
      12
      20
      28
      19
      17
       9
      17
      20
      22
      14
      20
      15
      20
      22
      15
       9
      18
      12
      17
      11
      15
      19
      18
      25
      23
      18
      26
      15
      18
      18
      14
      18
      13
      11
      20
       8
      16
      12
      19
      17
      13
      15
      24
      19
      19
      19
      16
      13
      11
      13
      17
      11
       7
      17
      18
      20
      13
      21
      15
      13
      11
      17
       8
      26
      16
      19
      22
      14
      13
      21
      16
      12
      13
      18
      17
      13
      13
      17
      22
      22
      10
      14
      20
      20
      24
      17
      10
      13
      13
      15
      21
      10
      23
      16
      19
      12
      14
      16
      17
      21
      13
      20
      14
      15
      13
      17
      12
      18
      16
      15
      16
      16
      14
      18
      19
      13
      20
      19
       9
      15
      16
      14
      19
       9
      20
      21
      14
      14
      12
      13
      19
      19
      11
      19
      20
      11
      14
      14
       9
      14
      18
      13
      25
      18
      14
      23
      19
       9
      11
      11
      23
      20
      12
      13
      14
      17
      16
      13
      13
      24
      13
      20
      11
      16
      12
      10
      16
      12
      14
      11
      25
      12
      10
      12
      15
      12
      11
      19
      15
      22
      11
      15
      13
       9
      10
      15
      16
      14
       8
      17
      15
      14
      10
       9
       8
      14
      14
      20
      15
      13
      15
      15
      13
      10
      17
       9
      13
      17
      16
      13
      11
      17
      10
      21
       9
      12
       6
      19
      12
      11
      17
      14
       8
      15
       8
      14
       9
      16
      15
      14
      15
      15
      13
      17
      11
       9
      16
      13
      17
      14
       7
      12
      20
      13
       9
       9
       4
      10
       9
      18
      10
      13
      10
      12
      10
      10
       8
       9
      16
      16
      12
      14
      13
      12
      11
       6
      13
      12
      15
      13
      14
       5
      11
      13
      17
      16
      22
      10
      11
      16
       9
       6
      10
      11
      17
      15
      13
      11
      15
      12
      11
      10
      11
      11
      12
      15
      15
      14
      14
       9
      13
      13
      10
      12
      11
       8
      14
      10
       8
      14
       9
      13
       8
       7
       9
      11
      11
      10
      11
       9
       7
       9
      19
       6
       6
      10
      13
      16
       7
      11
      11
       8
       4
       8
       9
       5
      18
      15
      15
       8
       5
      14
      18
      10
      14
       9
      12
      15
       9
      17
      10
      15
      11
      11
      15
       7
      16
      13
       9
      15
       8
      14
      11
       8
       9
       9
       8
       6
      13
       5
       9
      11
       6
       9
       6
      11
      12
      17
       8
      12
      11
      13
      12
      11
      10
       9
       6
      15
      13
      11
       9
       6
       6
       9
      18
       9
       6
      12
      15
      10
      10
       9
      13
       8
       9
       8
      13
      11
      10
      10
      11
      11
       9
       9
      14
      13
       7
       6
       9
      12
       9
      10
      12
       6
      12
      13
       8
      12
       6
      13
      10
      11
       8
      12
      13
      11
      10
      11
      13
       6
      12
       7
      11
       9
       9
       8
       9
       7
       9
      10
      10
      12
      14
      12
       4
      11
       9
      14
       8
      12
       9
       7
       4
       7
       9
       4
       7
      10
       8
       6
      11
      10
       8
       5
      13
      13
      11
       7
       6
      10
       9
       5
      10
      10
       7
       7
      12
       9
       8
      10
       6
       8
       9
       0
       7
       7
      10
       6
       4
      13
      12
       6
      12
       3
       7
      15
       8
       6
       4
       7
       6
       5
       5
       5
       8
       5
       9
       9
      17
      18
      11
       6
       9
       8
      10
      14
      11
       4
      12
      11
      15
       2
       6
       8
      11
       7
       8
       4
       5
      12
      13
       8
      10
       3
       6
       6
       6
       8
      10
       5
       8
      10
       8
      12
       7
       9
       7
       8
       7
       1
       9
       9
       7
       4
       3
      11
       4
      10
      10
       4
       7
      10
      10
       5
       7
       3
       4
      11
       6
      10
       6
       4
       5
      11
       6
       8
       5
       7
       2
       8
       9
       8
       5
      10
       6
       9
       7
       7
      11
       4
       3
      11
       6
      10
       2
       4
       7
       4
       7
       9
       7
       8
       9
       7
       2
       9
       9
       9
       7
      12
       6
      10
       7
       6
       6
       6
       7
       3
       8
       7
       7
       6
       6
       3
       9
       9
       9
       2
       4
       2
       2
       6
       7
       6
       6
      11
       6
       5
       7
       6
       3
       6
       6
       4
       5
       4
       7
       6
       2
       4
       9
       6
       9
      11
       7
       9
       6
       6
       1
       9
       5
       4
       7
       6
       9
       5
       6
       5
       5
       6
       9
       9
       3
      10
       5
       9
       5
       2
       3
       6
       6
       5
       4
       8
       3
       7
       7
       6
       4
       8
       6
      10
       6
       3
       3
       1
       5
       6
       6
       5
       5
       4
       9
       7
      10
       7
       3
       7
       6
       5
       6
       4
       4
       8
       3
       9
       7
       1
       8
       7
       4
       7
       1
       3
      11
       2
       6
       4
       7
       6
       6
       6
       2
       1
       6
       3
       6
       6
       1
       7
       8
       3
       8
       2
       6
       4
       3
       6
       5
       5
       9
       1
       4
       6
      13
       7
       3
       6
       2
       4
       4
       7
       7
       5
       4
       1
       6
       1
       1
       2
       4
       7
       5
       2
       4
       5
       1
       5
       5
       2
       3
       7
       4
       4
       5
       5
       5
       1
       3
       3
       3
       2
       4
       8
       5
       3
       5
      10
       7
       3
       1
      12
       5
       8
       8
       3
       5
       3
       4
       2
       4
       3
       4
       5
       4
       8
       1
       5
       4
       5
       3
       2
       5
       4
       5
       3
       1
       7
       1
       7
       5
       1
       5
       5
       2
       4
       3
       6
       3
       3
       3
       3
       3
       6
       7
       2
       1
       5
       2
       6
       3
       0
       4
       3
       2
       4
       6
       1
       6
       5
       6
       1
       5
       8
       9
       8
       6
       1
       3
       1
       5
       2
       3
       1
       2
       7
       4
       2
       3
       0
       1
       5
       4
       0
       5
       4
       0
       1
       5
       3
       2
       2
       5
       1
       8
       4
       4
       3
       1
       2
       3
       5
       5
       2
       4
       3
       2
       5
       5
       3
       1
       3
       2
       3
       5
       5
       5
       2
       5
       4
       7
       3
       2
       7
       4
       4
       4
       4
       5
       2
       1
       4
       4
       5
       6
       1
       5
       3
       2
       3
       2
       2
       4
       4
       6
       5
       7
       5
       3
       6
       5
       2
       2
       6
       5
       6
       2
       5
       2
       6
       4
       4
       2
       3
       1
       6
       3
       0
       4
       5
       3
       2
       5
       3
       2
       4
       1
       4
       3
       3
       2
       1
       4
       3
       3
       2
       3
       1
       2
       4
       4
       4
       2
       3
       3
       3
       2
       2
       4
       4
       3
       5
       5
       4
       3
       4
       1
       1
       4
       3
       4
       5
       3
       2
       3
       3
       2
       3
       0
       6
       2
       3
       2
       2
       3
       1
       5
       3
       2
       2
       2
       1
       0
       2
       5
       3
       2
       7
       3
       3
       1
       0
       6
       2
       4
       4
       1
       5
       3
       1
       4
       0
       1
       3
       2
       4
       4
       1
       2
       4
       5
       3
       4
       2
       6
       2
       3
       2
       1
       2
       2
       3
       4
       2
       4
       2
       1
       4
       1
       3
       3
       5
       0
       1
       3
       5
       3
       4
       3
       5
       4
       3
       4
       5
       3
       1
       1
       3
       1
       2
       3
       1
       3
       3
       2
       2
       1
       1
       2
       0
       2
       2
       4
       5
       3
       0
       6
       3
       7
       1
       1
       3
       2
       3
       2
       1
       0
       2
       2
       4
       1
       4
       3
       2
       4
       0
       6
       4
       3
       2
       4
       3
       3
       2
       3
       5
       0
       5
       8
       2
       4
       1
       3
       3
       0
       1
       1
       3
       1
       3
       1
       2
       1
       3
       3
       3
       1
       2
       4
       1
       1
       1
       1
       1
       4
       1
       2
       5
       3
       4
       1
       0
       0
       4
       5
       3
       2
       3
       0
       4
       1
       1
       0
       1
       5
       3
       1
       4
       2
       2
       4
       1
       4
       6
       1
       3
       2
       3
       2
       0
       1
       3
       2
       3
       2
       2
       2
       5
       1
       4
       0
       0
       3
       0
       5
       4
       1
       0
       2
       1
       2
       1
       3
       2
       4
       1
       0
       1
       3
       0
       3
       1
       2
       3
       3
       4
       1
       2
       3
       1
       1
       3
       2
       2
       2
       4
       1
       2
       3
       3
       3
       0
       4
       1
       1
       2
       2
       1
       0
       1
       3
       4
       0
       1
       1
       3
       0
       4
       1
       2
       3
       1
       5
       1
       1
       1
       2
       2
       1
       0
       0
       0
       0
       0
       0
       0
       0
       0
       0
       0
       0
       0
       0
       0
       0
       0
       0
       0
       0
       0
       0
       0
       0
       0
       0
       0
       0
       0
       0
       0
       0
       0
       0
       0
       0
       0
       0
       0
       0
       0
       0
       0
       0
       0
       0
       0
       0
       0
       0
       0
       0
       0
       0
       0
       0
       0
       0
       0
       0
       0
       0
       0
       0
       0
       0
       0
$ROI:
0
$PRESETS:
None
0
0
$ENER_FIT:
0.000000 0.375000
$MCA_CAL:
3
0.000000E+000 3.750000E-001 0.000000E+000 keV
$SHAPE_CAL:
3
0.000000E+000 0.000000E+000 0.000000E+000
