$SPEC_ID:
This is sample 008.
$SPEC_REM:
DET# 3
DETDESC# JLAB-20 MCB 131
AP# Maestro Version 7.01
$DATE_MEA:
03/06/2023 15:48:06
$MEAS_TIM:
1178 1200
$DATA:
0 2047
       0
       0
       0
       0
       0
       0
       0
       0
       0
       0
       0
       0
       0
       0
       0
       0
       0
       0
       0
       0
       0
       0
       0
       0
       0
       0
       0
       0
       0
       0
       0
       0
       0
       0
       0
       0
       0
       0
       0
       0
       0
       0
       0
       0
       0
       0
       0
       0
       0
       0
       0
       0
       0
       0
       0
       0
       0
       0
       0
       0
       0
       0
       0
       0
       0
       0
       0
       0
       0
       0
       0
       0
       0
       0
       0
       0
       0
       0
       0
       0
       0
       0
       0
       0
       0
      14
     148
     267
     323
     279
     282
     304
     275
     285
     279
     274
     247
     282
     302
     277
     274
     281
     272
     280
     282
     276
     293
     275
     292
     288
     281
     243
     264
     270
     298
     292
     260
     283
     281
     261
     302
     265
     282
     290
     270
     284
     277
     247
     260
     299
     280
     298
     301
     271
     292
     249
     282
     290
     288
     306
     279
     305
     330
     268
     259
     262
     278
     275
     277
     267
     255
     288
     272
     294
     289
     293
     316
     358
     381
     407
     495
     523
     679
     803
     918
    1149
    1237
    1529
    1697
    1821
    2129
    2233
    2441
    2486
    2640
    2711
    2759
    2738
    2559
    2572
    2365
    2186
    2143
    1968
    1820
    1569
    1576
    1422
    1311
    1251
    1254
    1171
    1241
    1119
    1132
    1114
    1000
    1010
     950
     914
     822
     702
     693
     645
     491
     471
     425
     436
     341
     315
     299
     255
     255
     218
     233
     221
     243
     218
     225
     231
     219
     213
     193
     191
     181
     174
     223
     187
     215
     196
     188
     196
     159
     185
     165
     171
     169
     186
     227
     176
     170
     186
     169
     196
     189
     148
     177
     181
     154
     169
     160
     130
     145
     150
     166
     167
     160
     133
     157
     134
     182
     143
     179
     133
     171
     168
     164
     171
     180
     158
     157
     162
     152
     150
     177
     171
     172
     186
     166
     175
     145
     157
     171
     152
     157
     159
     133
     148
     152
     138
     135
     139
     128
     130
     142
     147
     128
     122
     142
     129
     114
     149
     146
     142
     136
     149
     118
     126
     143
     141
     127
     136
     136
     143
     138
     146
     122
     134
     131
     121
     142
     127
     140
     135
     145
     147
     148
     133
     116
     141
     125
     136
     117
     121
     135
     121
     136
     145
     121
     118
     134
     140
     154
     122
     124
      96
     120
     129
     133
     124
     123
     138
     129
     135
     139
     141
     124
     124
     156
     132
     141
     140
     135
     125
     115
     129
     124
     119
     127
     124
     111
     130
     116
     108
     110
     130
     117
     125
     143
     129
     127
     124
     126
     119
     122
     117
     113
     131
     118
     135
     110
     113
     116
     118
     125
     113
     116
      97
     127
     125
     121
     129
     135
      93
     134
     110
     113
     116
     108
     118
      99
      94
     109
     106
      92
     109
     108
     116
     119
     102
     113
     111
      91
     108
     112
     114
     130
     108
     110
     107
     106
     106
     110
     118
     110
     112
     123
     101
     108
     117
     104
     110
     119
     109
     117
     111
     133
      97
     100
      99
     104
     104
      88
     103
     114
     109
      95
     103
     101
      98
     111
     105
     131
     107
     104
     108
     112
     121
     128
     113
     124
     124
     125
      97
     102
     125
     113
     120
     105
     112
     124
     108
     126
     124
     130
     106
     102
     129
     128
      99
     127
     104
     122
     120
     107
      94
     106
     119
     105
     119
     111
     108
     117
      99
      99
      97
     103
     111
     101
     103
     111
      98
     126
     100
     122
     117
      97
     119
      82
     125
      99
     116
     111
      99
     130
     118
     103
     113
     129
     122
     115
     115
     123
     116
     112
     120
     109
     106
     115
     123
     107
     113
     114
      97
     119
     116
     108
     100
     112
      95
      94
      90
      96
     107
      96
     123
     113
     136
      97
     121
     102
     122
     108
     138
     129
     117
     135
     159
     139
     149
     123
     149
     154
     120
     125
     133
     144
     131
     150
     138
     128
     117
     125
     125
      88
     109
     106
     113
      87
     102
      96
      93
     117
      89
     105
     106
      99
     112
      92
     107
      94
     114
      80
     109
      94
      99
      84
      92
     111
      95
      97
      74
     103
      88
     114
     114
     106
      90
      98
     105
     100
      79
     100
      95
      77
      84
      99
     110
      87
      95
      87
     107
     111
      90
      89
      99
      98
      98
     130
     100
      94
      89
     100
     100
     117
     104
     114
     100
     101
     126
     100
      95
     109
      89
     120
     109
     110
     110
     120
      96
     107
      92
      83
     103
     101
     100
      96
      97
     105
     106
      80
      85
      93
     105
     122
      94
      96
     106
      97
      93
     108
      98
      99
      94
     105
     107
      98
      98
     103
      86
     110
     132
     113
     117
     116
     121
     116
     115
     120
     130
     129
     115
     109
     102
     121
     132
     128
     114
     127
     106
     121
     115
     116
     116
     114
     130
     117
     111
     106
     107
     128
     122
     118
     127
     119
     109
     105
     123
     113
     127
     119
     120
      94
     127
     134
     123
     131
     124
     119
     133
     113
     107
     130
     115
     136
     132
     132
     119
     123
     123
     138
     140
     120
     110
     108
     144
     130
     111
     159
     121
     159
     125
     114
     148
     140
     148
     165
     136
     147
     171
     142
     138
     152
     150
     148
     152
     153
     159
     175
     170
     155
     161
     163
     181
     173
     198
     188
     179
     207
     192
     196
     191
     199
     207
     214
     199
     213
     213
     205
     216
     172
     230
     207
     200
     213
     220
     220
     241
     211
     214
     230
     241
     246
     226
     210
     249
     248
     263
     267
     278
     312
     306
     273
     287
     286
     294
     308
     296
     303
     294
     321
     309
     311
     332
     338
     311
     311
     333
     349
     340
     367
     349
     390
     389
     374
     360
     353
     373
     384
     390
     370
     397
     402
     388
     410
     394
     394
     432
     364
     386
     405
     381
     392
     383
     409
     396
     394
     373
     384
     395
     428
     369
     355
     361
     396
     378
     385
     417
     425
     397
     378
     375
     423
     391
     385
     412
     392
     353
     369
     408
     419
     396
     412
     397
     410
     411
     388
     439
     423
     435
     431
     442
     454
     464
     414
     480
     432
     491
     433
     486
     464
     438
     486
     525
     495
     543
     504
     505
     529
     546
     535
     582
     535
     565
     564
     608
     613
     596
     675
     634
     645
     687
     669
     661
     650
     709
     683
     710
     706
     695
     723
     737
     808
     770
     801
     843
     856
     889
     893
     849
     890
     877
     977
     947
     920
    1005
    1029
     997
    1023
    1049
    1050
    1013
    1120
    1158
    1152
    1196
    1239
    1237
    1235
    1222
    1306
    1247
    1414
    1354
    1423
    1492
    1455
    1460
    1493
    1542
    1591
    1617
    1634
    1719
    1740
    1725
    1861
    1886
    1850
    1827
    1939
    1931
    2100
    2131
    2165
    2125
    2161
    2198
    2293
    2355
    2437
    2490
    2523
    2624
    2612
    2722
    2759
    2859
    2915
    3106
    3028
    3187
    3152
    3400
    3481
    3557
    3638
    3832
    3919
    4073
    4085
    4226
    4348
    4439
    4750
    4778
    4807
    5017
    5238
    5341
    5544
    5679
    5886
    6235
    6471
    6601
    6821
    7066
    7363
    7688
    7728
    8246
    8622
    8889
    9036
    9517
    9851
   10317
   10625
   10798
   11313
   11981
   12215
   12649
   12918
   13264
   13741
   13821
   14434
   14839
   15146
   15357
   15737
   15990
   16571
   16429
   16491
   16893
   17227
   16817
   17486
   17224
   17266
   17293
   17127
   17285
   16845
   16983
   16761
   16588
   16106
   16037
   15646
   15429
   15382
   14870
   14537
   14250
   14042
   13600
   13199
   13012
   12734
   12392
   12039
   11735
   11373
   10896
   10806
   10412
   10033
    9698
    9392
    9232
    8958
    8465
    8297
    8003
    7775
    7571
    7302
    7087
    6855
    6652
    6483
    6226
    5993
    5848
    5489
    5667
    5438
    5142
    5094
    4888
    4829
    4588
    4501
    4333
    4322
    4151
    4028
    3957
    3826
    3702
    3751
    3616
    3549
    3412
    3386
    3292
    3189
    3085
    3162
    2863
    2915
    2855
    2824
    2772
    2677
    2698
    2628
    2519
    2439
    2457
    2453
    2317
    2331
    2322
    2243
    2257
    2182
    2122
    2170
    2054
    2021
    2089
    2085
    1984
    1968
    1922
    1942
    1893
    1961
    1848
    1851
    1839
    1773
    1740
    1806
    1775
    1684
    1684
    1563
    1711
    1588
    1564
    1649
    1632
    1596
    1537
    1517
    1518
    1414
    1523
    1529
    1519
    1461
    1478
    1443
    1437
    1372
    1421
    1403
    1326
    1391
    1375
    1301
    1284
    1348
    1235
    1341
    1313
    1257
    1303
    1308
    1199
    1224
    1259
    1180
    1230
    1207
    1235
    1204
    1145
    1196
    1204
    1181
    1142
    1106
    1113
    1163
    1083
    1095
    1143
    1055
    1077
    1100
     981
    1035
    1007
    1003
    1046
    1002
     992
    1024
     959
     977
     929
     954
     955
     942
     912
     880
     872
     911
     863
     851
     880
     832
     796
     807
     836
     801
     831
     839
     793
     799
     793
     759
     752
     733
     730
     677
     697
     727
     770
     786
     870
     951
    1094
    1278
    1459
    1823
    2194
    2703
    3431
    4009
    4887
    5634
    6507
    7426
    8208
    9214
    9930
   10543
   11253
   11664
   11669
   11858
   11663
   11198
   10577
   10067
    9323
    8324
    7605
    6491
    5548
    4796
    4036
    3309
    2750
    2269
    1883
    1472
    1147
     950
     739
     543
     457
     365
     335
     269
     217
     200
     195
     157
     139
     124
     145
     110
     125
      97
      83
      88
      70
      84
      83
      81
      79
      66
      73
      60
      62
      49
      50
      59
      56
      55
      52
      48
      45
      40
      54
      56
      29
      38
      41
      33
      32
      28
      35
      41
      36
      33
      52
      41
      34
      29
      39
      46
      38
      40
      45
      53
      34
      26
      48
      34
      37
      39
      25
      29
      49
      40
      47
      35
      36
      35
      42
      50
      45
      42
      43
      36
      44
      41
      43
      41
      44
      41
      35
      33
      41
      38
      33
      44
      42
      41
      38
      38
      44
      35
      42
      46
      47
      49
      42
      44
      40
      56
      33
      46
      47
      47
      24
      49
      41
      44
      45
      38
      56
      50
      37
      38
      40
      40
      42
      60
      45
      40
      32
      38
      45
      49
      62
      46
      59
      44
      45
      57
      39
      54
      65
      65
      57
      74
      77
      54
      70
      64
      80
      86
      87
      85
      70
      68
      81
      64
      76
      71
      68
      64
      45
      56
      45
      52
      54
      51
      57
      61
      39
      52
      49
      55
      64
      49
      50
      44
      45
      42
      52
      59
      56
      55
      56
      54
      53
      55
      49
      68
      64
      66
      48
      64
      77
      68
      61
      75
      66
      52
      59
      67
      55
      57
      61
      59
      59
      62
      47
      54
      54
      54
      47
      59
      47
      57
      60
      57
      54
      52
      67
      51
      59
      54
      62
      58
      56
      64
      65
      60
      68
      49
      72
      69
      61
      68
      71
      66
      85
      71
      77
      69
      67
      81
      64
      70
      84
      84
      71
      67
      84
      76
      65
      76
      97
      89
      95
      79
      86
     104
      93
     107
     122
     112
     119
     144
     128
     144
     156
     140
     175
     140
     180
     171
     185
     177
     179
     165
     162
     150
     167
     154
     150
     163
     134
     142
     121
     124
     122
     124
     118
     103
     107
      87
      95
      96
     115
      88
      98
      99
     100
     110
      95
     112
     105
      96
     120
     121
     139
     135
     126
     161
     163
     165
     173
     192
     200
     222
     199
     250
     271
     268
     247
     247
     259
     214
     218
     227
     219
     205
     190
     180
     154
     141
     119
     113
     139
     137
     106
     111
     101
      98
      99
      83
      75
      87
      82
      71
      82
      79
      88
      85
      69
      73
      83
      91
      76
      78
      76
      69
      77
      71
      73
      65
      68
      72
      69
      63
      59
      66
      74
      72
      69
      69
      49
      59
      68
      63
      68
      62
      69
      69
      52
      59
      54
      59
      48
      65
      52
      59
      54
      55
      68
      50
      61
      55
      61
      66
      48
      40
      63
      60
      32
      57
      61
      56
      62
      53
      47
      70
      47
      62
      65
      47
      53
      53
      59
      59
      44
      57
      47
      46
      49
      48
      42
      47
      52
      58
      49
      40
      65
      65
      62
      53
      66
      57
      53
      49
      50
      48
      51
      55
      56
      54
      48
      51
      57
      44
      43
      51
      48
      44
      62
      49
      51
      42
      46
      61
      52
      41
      41
      58
      56
      47
      50
      46
      46
      52
      47
      52
      53
      35
      42
      46
      44
      40
      46
      41
      50
      57
      60
      50
      56
      53
      51
      42
      45
      59
      50
      48
      48
      57
      43
      49
      53
      57
      49
      42
      58
      54
      53
      47
      48
      33
      42
      59
      50
      41
      58
      36
      52
      59
      53
      56
      47
      55
      60
      72
      53
      58
      53
      66
      74
      65
      69
      97
     101
      82
      95
     107
      96
     102
      80
     100
     110
     106
     106
      88
     103
     100
     108
     101
     110
      94
      88
      98
      95
      77
      83
      77
      71
      69
      66
      60
      54
      68
      63
      69
      54
      47
      59
      58
      60
      54
      61
      44
      58
      56
      67
      65
      54
      51
      46
      51
      42
      62
      51
      55
      40
      66
      59
      77
      57
      62
      58
      64
      77
      67
      63
      69
      81
      60
      80
      69
      65
      72
      55
      63
      63
      63
      62
      54
      46
      62
      61
      58
      64
      56
      53
      55
      62
      49
      55
      50
      37
      40
      48
      54
      62
      57
      56
      47
      63
      40
      43
      50
      46
      46
      43
      52
      48
      35
      41
      41
      46
      38
      46
      55
      40
      51
      25
      45
      42
      49
      40
      34
      37
      47
      38
      28
      46
      45
      46
      42
      37
      53
      42
      39
      43
      33
      34
      48
      43
      54
      49
      47
      40
      50
      36
      55
      41
      27
       8
      12
       4
       6
       8
       5
       6
       6
       3
       7
       3
       6
       4
       3
       3
       2
       6
       2
       4
       2
       2
       3
       0
       1
       1
       0
       0
       0
       0
       0
       0
       0
       1
       0
       0
       0
       0
       0
       0
       0
       0
       0
       0
       0
       0
       0
       0
       0
       0
       0
       0
       0
       0
       0
       0
       0
       0
       0
       0
       0
       0
       0
       0
       0
       0
$ROI:
0
$PRESETS:
Real Time
1200
0
$ENER_FIT:
0.000000 0.046442
$MCA_CAL:
3
0.000000E+000 4.644218E-002 0.000000E+000 keV
$SHAPE_CAL:
3
0.000000E+000 0.000000E+000 0.000000E+000
