$SPEC_ID:
This is sample 008.
$SPEC_REM:
DET# 3
DETDESC# JLAB-20 MCB 131
AP# Maestro Version 7.01
$DATE_MEA:
03/01/2023 16:34:55
$MEAS_TIM:
67 68
$DATA:
0 2047
       0
       0
       0
       0
       0
       0
       0
       0
       0
       0
       0
       0
       0
       0
       0
       0
       0
       0
       0
       0
       0
       0
       0
       0
       0
       0
       0
       0
       0
       0
       0
       0
       0
       0
       0
       0
       0
       0
       0
       0
       0
       0
       0
       0
       0
       0
       2
      76
      86
      84
     101
      93
     112
     263
     391
     231
     117
      82
      94
     100
     120
     166
     135
     101
      75
      77
     101
      74
      70
      81
      81
      83
      80
      69
      78
      74
      83
      80
      88
      85
      88
      79
      76
      74
      76
      74
      89
      65
      83
      84
      73
      64
      84
      75
      73
      76
      73
      77
      77
      83
      79
      77
      63
      77
      62
      71
      77
      63
      86
      84
     104
      83
      63
      58
      77
      82
      73
      78
      73
      65
      80
      68
      52
      73
      71
      82
      51
      82
      71
      83
      79
      76
      62
      74
      71
      73
      68
      68
      78
      73
      67
      81
      75
      78
      79
      70
      86
      71
      84
      66
      74
      70
      79
      73
      70
      64
      72
      78
      82
      76
      82
      63
      92
      76
      71
      53
      72
      69
      61
      83
     174
     216
     145
     110
      96
     211
     293
     259
     111
      54
      77
      67
      72
      50
      64
      59
      62
      64
      55
      65
      43
      63
      56
      64
      65
      54
      70
      72
     118
     173
     139
      79
      58
      55
      63
      79
      79
      49
      67
      38
      57
      63
      63
      57
      52
      33
      55
      46
      54
      58
      39
      49
      55
      52
      46
      61
      56
      54
      42
      62
      53
      40
      38
      38
      45
      41
      47
      48
      38
      54
      44
      47
      42
      46
      52
      52
      44
      52
      47
      59
      43
      44
      41
      52
      46
      42
      35
      47
      50
      42
      42
      46
      31
      42
      54
      42
      40
      39
      31
      47
      70
      37
      40
      51
      44
      46
      33
      40
      35
      38
      45
      43
      47
      41
      43
      37
      34
      40
      52
      27
      42
      45
      43
      40
      44
      46
      47
      37
      38
      46
      38
      32
      35
      35
      45
      50
      43
      47
      32
      38
      49
      44
      29
      39
      44
      41
      50
      57
      33
      39
      42
      38
      44
      32
      29
      44
      35
      37
      32
      35
      33
      43
      37
      43
      34
      35
      40
      39
      43
      49
      38
      35
      43
      49
      35
      33
      35
      38
      38
      46
      47
      41
      26
      47
      32
      36
      35
      49
      42
      34
      34
      47
      36
      37
      42
      38
      32
      31
      35
      35
      34
      48
      42
      32
      40
      41
      31
      36
      23
      29
      37
      41
      34
      42
      31
      29
      40
      32
      30
      39
      38
      41
      38
      32
      36
      35
      46
      27
      37
      31
      39
      46
      44
      44
      31
      39
      33
      25
      36
      25
      32
      29
      41
      38
      38
      32
      41
      38
      29
      27
      48
      30
      37
      26
      26
      34
      36
      42
      34
      36
      35
      31
      28
      31
      42
      30
      46
      31
      27
      44
      23
      27
      26
      31
      27
      37
      25
      35
      37
      34
      31
      36
      25
      36
      32
      29
      23
      32
      24
      44
      32
      20
      30
      33
      15
      26
      34
      26
      31
      35
      32
      25
      32
      23
      24
      34
      31
      32
      34
      25
      29
      33
      19
      31
      21
      33
      34
      31
      26
      31
      28
      29
      24
      28
      26
      25
      34
      27
      40
      23
      29
      26
      30
      27
      25
      22
      25
      20
      35
      15
      29
      39
      24
      22
      22
      26
      18
      25
      32
      22
      22
      29
      24
      22
      38
      23
      26
      22
      17
      27
      27
      12
      18
      20
      14
      21
      24
      27
      27
      26
      29
      26
      29
      26
      22
      30
      23
      24
      29
      27
      20
      20
      27
      24
      33
      27
      28
      20
      23
      18
      30
      32
      20
      27
      31
      35
      18
      20
      20
      20
      25
      29
      16
      31
      25
      26
      20
      22
      28
      15
      25
      26
      21
      23
      18
      15
      15
      23
      19
      19
      27
      24
      30
      28
      20
      19
      30
      29
      29
      18
      27
      18
      24
      14
      23
      20
      32
      25
      12
      23
      27
      22
      16
      22
      24
      21
      30
      22
      20
      25
      28
      22
      17
      18
      30
      18
      25
      24
      17
      16
      21
      28
      27
      26
      23
      30
      22
      26
      13
      18
      23
      26
      20
      23
      28
      13
      24
      20
      15
      23
      24
      23
      23
      22
      18
      21
      21
      16
      19
      23
      20
      26
      24
      24
      22
      29
      21
      13
      24
      23
      24
      30
      17
      20
      22
      22
      22
      21
      20
      21
      28
      19
      17
      21
      31
      19
      17
      20
      22
      21
      21
      25
      20
      20
      25
      27
      23
      17
      24
      26
      21
      30
      16
      15
      14
      19
      16
      29
      27
      23
      22
      24
      18
      12
      15
      24
      20
      33
      22
      25
      18
      25
      22
      17
      18
      24
      24
      20
      15
      18
      26
      20
      18
      23
      15
      19
      23
      19
      25
      14
      14
      22
      16
      30
      20
      28
      16
       8
      19
      18
      23
      17
      20
      23
      20
      16
      21
      25
      20
      20
      20
      21
      17
      16
      17
      15
      20
      19
      17
      14
      19
      21
      23
      23
      22
      11
      17
      16
      15
      19
      14
      22
      17
      13
      17
      20
      15
      23
      20
      14
      22
      11
      18
      18
      10
      27
      21
      23
      14
      12
      16
      22
      20
      26
      13
      23
      21
      26
      24
      10
       7
      15
      12
      24
      23
      20
      24
      22
      18
      26
      23
      18
      21
      19
      18
      20
      16
      15
      20
      12
      17
      17
      23
      25
      22
      14
      22
      14
      20
       7
      12
      18
      14
      19
      21
      17
      20
      18
      12
      10
      18
      15
      19
      18
      14
      19
      19
      16
      23
      23
      18
      17
      18
      14
      15
      14
      18
      14
      15
      14
      20
      15
      12
      21
      14
      17
      21
      10
      12
      17
      13
      18
      16
      15
      17
      18
      15
      13
      21
      11
      22
      19
      13
      18
      10
      19
      13
      13
      17
      20
      15
      17
      17
      16
      26
      17
      11
      19
      21
      11
      14
      18
      17
      19
      22
      15
      21
      20
      19
       9
      22
      13
      12
      17
      25
      10
      16
      15
      15
      12
       9
      18
      16
      21
      18
      10
      17
      14
      22
      12
      19
      14
      19
      13
      20
      16
      13
      15
      14
      15
      12
       7
      23
      16
      17
      12
      19
      11
      16
      23
      13
      21
      18
      22
      13
       8
      11
      15
      16
      11
      14
      19
      20
      17
      15
      12
      17
      13
      23
      17
      17
      11
       9
      18
       9
      16
      10
      19
      15
      21
      20
      14
      23
       9
      10
      13
      20
      17
      17
      19
      19
      14
      12
      10
       8
      13
      15
      15
      16
      14
      11
      17
       7
      11
      11
      12
      11
      20
       7
      14
      10
      16
      19
      18
      10
      16
      11
      10
      13
      16
      14
       9
       8
       8
      10
      16
      19
      12
      11
      12
      16
      11
      13
      10
      14
      15
      13
      11
       8
      12
       7
      10
      14
      10
      15
      11
      13
      14
      14
      15
      20
      12
      12
      12
      17
       9
      17
      18
      19
       8
       8
      12
      12
      10
      11
      16
       9
      13
      15
      13
      16
      13
       5
      13
      15
      14
      14
       6
      13
      12
       7
      17
      11
      10
      15
      10
      14
      13
      12
      12
       5
      12
       7
      21
       9
       9
       9
       7
       9
      14
      14
      14
       8
      12
      10
      10
      11
      17
       9
       8
       8
      10
       9
      15
       9
       8
      16
       9
      10
       9
      17
       8
      11
       9
      11
      15
       9
      14
       9
      18
      11
      10
      11
      11
      15
       7
       7
      10
      15
      22
      11
       8
      13
      17
      16
      14
      15
       9
      12
      14
      11
      10
       9
       9
       9
       7
      10
      13
      15
       8
       6
       9
       9
       8
       6
      13
       5
      10
      10
      11
      10
      12
       5
      15
       6
       8
      10
      11
       4
       8
      14
       8
       7
      15
       7
      15
       9
       7
      14
      11
      13
      13
       3
       6
      14
      15
      14
       7
       7
      10
       6
       8
       9
       6
      16
      18
       8
       9
      10
       9
      16
       8
      10
      10
      10
      13
       6
       5
       9
      11
       8
       5
      10
      12
       5
      12
      10
      13
       2
      14
      11
       4
       3
       5
       9
       8
      11
      10
       8
      10
      13
       2
       9
      11
      11
      12
       8
       9
      13
       7
      11
      11
       4
      11
      10
       4
      10
      11
      13
       6
       9
      11
      11
       7
      12
       7
       4
      11
       7
       9
       5
       4
       8
       3
      10
       7
      10
      11
      13
       8
      10
       6
      15
      11
       7
      11
      11
      12
       9
      15
      11
       8
       7
       7
      11
      10
       7
      14
       5
      12
       3
       5
       7
      10
       9
       5
       8
       8
      11
       3
       7
      11
       3
      14
       4
       5
      10
       9
       4
       9
       7
       8
       9
       8
       4
      12
       5
       4
       9
       8
       8
       8
      10
      11
       7
       4
       8
      12
       5
      11
       7
       7
       3
       9
       9
       6
       6
      13
       7
       6
       8
       8
      10
       8
      13
       4
       5
       6
       7
      16
       3
       5
       5
      10
       5
       5
       7
      10
       7
       7
      10
       8
      10
       8
       9
       9
       8
      12
       6
      10
       8
       7
       5
       7
       5
       2
      10
       5
      10
       8
       3
       7
       5
       6
       5
       6
       5
       8
      12
       6
       8
       8
       6
       6
       5
       3
       8
       7
       9
       5
       5
       1
      10
       3
       3
       6
      10
      11
       9
       8
       5
       7
       7
       7
       5
       6
       5
       2
       5
       5
       3
       5
       9
       3
       5
       0
       6
       6
       4
       3
       7
       3
      10
       5
       8
       7
       8
      12
       5
      10
       4
      13
       6
       6
       5
      10
      12
       6
       7
       3
       3
       3
      12
       2
       5
       3
       3
       4
       2
      12
       5
       6
       7
       7
       3
       7
       8
       6
       3
       3
       6
       2
       6
       7
       6
       6
       5
       5
       5
       5
       4
       7
       4
       4
      10
      12
      11
       8
       4
       7
      10
       1
       5
       2
       5
       6
      11
       6
       7
       8
       5
       4
       4
       1
       6
       4
       2
       7
       4
       4
       2
       4
       8
       2
       6
       2
       2
       4
       3
       3
       1
       5
       5
       3
       5
       5
       6
       8
       4
       4
       3
      10
       4
       6
       8
       6
      10
       5
       4
       5
       8
       7
       7
       2
       4
       4
       5
       3
      11
       5
       5
       5
       3
       2
       4
       7
       6
       5
       7
       6
       8
       5
       5
       5
       5
       3
       5
       4
       8
       3
       0
       4
       4
       4
       1
       6
       3
       3
       4
       3
       7
       4
       4
       4
       3
       3
       6
       4
       4
       4
       6
       7
       3
       0
       8
       5
       4
       2
       1
       4
       5
       3
       3
       4
       4
       6
       7
       4
       5
       6
       8
       3
       3
       6
       2
       8
       4
       5
       2
       2
       5
       4
       3
       6
       5
       3
       7
       5
       8
       6
       4
       6
       3
       3
       4
       2
       9
       3
       6
       2
       6
       6
       6
       1
       9
       3
       3
       4
       2
       4
       7
       6
       4
       5
       4
       2
       6
       2
       2
       2
       3
       1
       5
       4
       7
       4
       4
       4
       3
       5
       4
       5
       2
       5
       2
       8
       1
       4
       5
       4
       7
       3
       3
       3
       5
       2
       3
       3
       4
       4
       3
       2
       4
       1
       1
       0
       4
       9
       2
       6
       3
       4
       5
       6
       7
       3
       5
       4
       2
       1
       1
       2
       1
       3
       1
       3
       3
       4
       3
       2
       3
       2
       9
       1
       2
       5
       6
       4
       3
       1
       4
       2
       3
       4
       2
       1
       7
       4
       2
       7
       5
       2
       3
       7
       4
       2
       5
       1
       4
       4
       6
       3
       5
       2
       4
       2
       5
       5
       1
       1
       6
       3
       4
       3
       3
       3
       4
       2
       1
       2
       1
       9
       1
       4
       4
       5
       4
       2
       6
       1
       3
       2
       3
       4
       4
       4
       4
       0
       4
       1
       5
       2
       5
       2
       3
       1
       5
       3
       4
       1
       6
       4
       0
       2
       0
       1
       4
       0
       3
       2
       5
       2
       3
       7
       1
       2
       7
       2
       0
       0
       3
       1
       4
       1
       2
       4
       6
       2
       3
       2
       4
       1
       4
       2
       0
       2
       1
       5
       4
       2
       5
       4
       8
       2
       0
       4
       3
       4
       3
       3
       3
       2
       6
       3
       3
       1
       1
       3
       6
       2
       1
       2
       3
       3
       2
       3
       3
       3
       1
       4
       3
       0
       4
       1
       1
       1
       1
       2
       4
       0
       6
       1
       5
       1
       1
       2
       3
       2
       0
       0
       1
       4
       3
       3
       2
       2
       2
       4
       2
       4
       1
       1
       4
       3
       1
       1
       1
       0
       3
       3
       1
       1
       5
       1
       1
       6
       3
       3
       1
       1
       2
       1
       2
       2
       1
       6
       3
       4
       3
       3
       1
       4
       3
       3
       2
       1
       3
       5
       2
       4
       0
       4
       1
       2
       1
       1
       1
       4
       5
       1
       5
       3
       4
       2
       0
       2
       4
       6
       3
       1
       1
       2
       0
       0
       0
       0
       0
       0
       0
       0
       0
       0
       0
       0
       0
       0
       0
       0
       0
       0
       0
       0
       0
       0
       0
       0
       0
       0
       0
       0
       0
       0
       0
       0
       0
       0
       0
       0
       0
       0
       0
       0
       0
       0
       0
       0
       0
       0
       0
       0
       0
       0
       0
       0
       0
       0
       0
       0
       0
       0
       0
       0
       0
       0
       0
       0
       0
       0
$ROI:
0
$PRESETS:
None
0
0
$ENER_FIT:
0.000000 0.375000
$MCA_CAL:
3
0.000000E+000 3.750000E-001 0.000000E+000 keV
$SHAPE_CAL:
3
0.000000E+000 0.000000E+000 0.000000E+000
