$SPEC_ID:
This is sample 008.
$SPEC_REM:
DET# 3
DETDESC# JLAB-20 MCB 131
AP# Maestro Version 7.01
$DATE_MEA:
03/06/2023 15:29:34
$MEAS_TIM:
115 118
$DATA:
0 2047
       0
       0
       0
       0
       0
       0
       0
       0
       0
       0
       0
       0
       0
       0
       0
       0
       0
       0
       0
       0
       0
       0
       0
       0
       0
       0
       0
       0
       0
       0
       0
       0
       0
       0
       0
       0
       0
       0
       0
       0
       0
       0
       0
       0
       0
       0
       0
       0
       0
       0
       0
       0
       0
       0
       0
       0
       0
       0
       0
       0
       0
       0
       0
       0
       0
       0
       0
       0
       0
       0
       0
       0
       0
       0
       0
       0
       0
       0
       0
       0
       0
       0
       0
       0
       0
       1
      13
      30
      36
      29
      41
      35
      32
      27
      19
      35
      47
      34
      32
      32
      33
      31
      36
      33
      28
      29
      23
      24
      31
      32
      24
      29
      29
      25
      36
      32
      29
      32
      32
      37
      44
      32
      28
      40
      37
      54
      62
      59
      66
      67
      91
      95
      89
     127
     124
     157
     161
     180
     172
     182
     189
     203
     198
     181
     189
     167
     190
     182
     215
     206
     217
     264
     286
     332
     391
     456
     503
     575
     685
     726
     856
     848
     904
     962
     982
     983
    1026
     908
     881
     852
     766
     714
     636
     549
     492
     403
     326
     287
     247
     189
     157
     161
      99
     109
      99
      90
      87
      80
      78
      68
      73
      58
      87
      70
      70
      71
      79
      63
      71
      93
     102
     122
     126
     130
     132
     174
     186
     205
     213
     206
     217
     226
     244
     246
     261
     264
     222
     210
     188
     176
     156
     175
     131
     100
     113
      75
      92
      69
      63
      43
      52
      43
      22
      31
      40
      37
      40
      36
      33
      30
      22
      22
      25
      19
      19
      22
      23
      31
      23
      20
      22
      38
      15
      24
      17
      22
      19
      21
      22
      25
      28
      20
      28
      26
      28
      21
      25
      26
      22
      27
      25
      25
      35
      24
      25
      21
      26
      30
      17
      19
      24
      30
      28
      24
      28
      32
      25
      21
      18
      22
      21
      23
      23
      25
      22
      24
      18
      19
      23
      20
      22
      17
      28
      25
      20
      17
      21
      21
      21
      11
      18
      21
      24
      28
      31
      24
      21
      24
      15
      29
      32
      19
      33
      29
      21
      33
      30
      37
      34
      26
      33
      28
      26
      33
      31
      34
      33
      44
      46
      37
      37
      49
      45
      45
      49
      54
      44
      58
      61
      55
      66
      71
      76
      98
     110
     137
     129
     157
     212
     273
     338
     432
     572
     762
    1014
    1298
    1684
    2173
    2682
    3335
    3963
    4822
    5510
    6319
    7284
    7929
    8766
    9065
    9634
    9742
   10006
    9929
    9397
    8952
    8528
    7809
    6974
    6204
    5539
    4771
    3907
    3289
    2641
    2198
    1740
    1327
    1018
     779
     608
     511
     382
     284
     230
     192
     179
     177
     181
     188
     215
     223
     263
     304
     378
     496
     568
     711
     837
    1000
    1191
    1393
    1591
    1845
    2036
    2171
    2318
    2459
    2448
    2531
    2409
    2542
    2419
    2332
    2140
    2060
    1884
    1597
    1399
    1262
    1119
     929
     704
     600
     503
     394
     324
     264
     224
     156
     139
      96
      77
      78
      50
      37
      28
      27
      23
      29
      26
      28
      23
      29
      15
       9
      11
      13
      13
       9
      10
      11
      14
      17
       8
      10
      16
      10
       5
       2
      16
      17
       5
      18
       9
       3
       9
      15
       7
      12
       2
       8
       9
       8
      12
      10
       6
       9
       7
       9
       8
       7
      11
      10
      10
       9
       6
       9
      12
      11
       7
       9
       6
      13
       5
      10
       9
      12
      10
       5
      14
       8
       9
       4
       7
       9
      10
      12
      10
      11
      12
      14
      11
      10
       4
      10
      13
       9
      10
       9
      12
       9
      12
       8
       5
      10
      17
       9
      14
       6
      11
      17
       6
       6
      11
       5
       8
       7
       9
      10
       6
      13
       8
       7
      10
      11
      14
      10
       5
      10
      10
      10
       8
       5
       8
       5
       9
      16
      11
      10
      14
       8
      10
       8
       7
       9
      11
       4
       8
       8
      14
       8
       5
       9
       5
      11
       6
       7
       7
       6
      11
       6
       8
      10
       7
       9
       4
       8
       3
       4
       9
      11
      10
       8
       7
       4
       4
       5
       5
       7
      11
       9
       7
      11
       8
       2
       9
       5
      10
      11
       3
       8
       5
      13
       8
      11
       8
       7
       6
       4
       9
       9
      13
       6
       6
       7
       7
       8
      10
      13
      10
       5
      11
      11
       4
      11
       5
       9
      10
      10
       6
      10
       8
       2
       4
       9
       9
       5
       2
       6
       1
       7
       4
      12
       9
       5
       6
       6
       9
      10
      11
      11
       4
       3
      11
       9
       7
       6
      12
      10
       9
      11
       6
       5
      13
       9
       9
       7
       9
      13
       8
      10
       9
      14
      10
      12
      15
       7
      11
      11
      10
       7
      12
      12
       7
       8
      10
      11
      11
      11
       8
      11
       8
      13
       6
       8
       7
      10
       9
       8
       8
      11
       8
       9
       7
       6
       5
      13
      13
      10
      10
       3
      11
       7
      20
      12
      14
       7
       6
      10
      19
      10
      10
      15
       8
      12
       9
      13
      11
      11
      10
       4
      12
       8
       9
       7
       8
       9
       9
       5
      12
      10
       8
       8
      10
       8
       3
       5
       6
       9
       9
       5
       7
      12
       5
       7
      10
       6
       9
      13
       5
       8
      15
      14
       9
       8
       6
      13
      10
      14
      14
      12
      14
       7
      11
       9
      12
       9
       8
      14
       8
      13
       7
      12
       7
       8
       8
       7
       7
      11
      10
       7
      15
       8
       5
       5
      15
      11
      10
      11
      13
      11
       6
      13
      18
       6
      14
      11
      15
      16
      12
      12
      12
      10
      11
      14
      11
      14
      14
      13
      11
      17
      11
      14
      13
       6
      14
      13
       7
      14
      16
      15
      15
      12
      14
      10
      12
      13
      15
      14
       9
      14
      15
      18
      14
      15
      14
       7
      12
      12
      26
      15
      15
      10
       9
      20
      14
      14
      14
      24
      12
      15
      13
      20
      12
       5
      15
      13
      10
      18
      20
      16
      16
      17
      18
      17
      10
      12
      12
      17
      19
      23
      18
      11
      11
      18
      23
      13
      20
      18
      15
      19
      12
      20
      14
      20
      19
      19
      15
      12
      23
      14
      25
      13
      26
      26
      38
      22
      26
      32
      22
      19
      18
      24
      26
      24
      21
      23
      23
      32
      23
      34
      28
      23
      23
      30
      35
      25
      35
      30
      34
      48
      35
      26
      29
      42
      41
      30
      28
      39
      43
      42
      37
      36
      34
      39
      45
      33
      40
      53
      50
      42
      52
      50
      57
      46
      44
      61
      53
      64
      53
      59
      64
      62
      57
      56
      59
      68
      56
      70
      65
      67
      62
      62
      82
      70
      63
      87
      80
      92
      82
      76
      76
      85
      97
      72
      90
      92
      80
     104
      98
     109
     103
     103
      95
     103
     114
     108
     119
     102
     100
     120
     140
     139
     160
     131
     159
     163
     148
     141
     172
     166
     160
     193
     171
     190
     180
     168
     211
     228
     238
     230
     257
     283
     268
     262
     295
     292
     311
     345
     331
     354
     375
     349
     343
     343
     343
     398
     394
     370
     388
     422
     404
     401
     417
     409
     409
     442
     433
     389
     384
     396
     424
     369
     393
     356
     402
     347
     321
     309
     296
     305
     286
     295
     288
     252
     292
     280
     261
     237
     267
     232
     210
     202
     226
     211
     198
     215
     173
     210
     169
     165
     183
     182
     128
     178
     164
     148
     161
     147
     139
     117
     131
     146
     120
     136
     137
     112
     119
     124
     114
     103
     122
     128
     115
      98
     102
     118
     108
     103
      97
     120
     105
     102
     105
     107
      85
      97
      98
      99
     132
      90
     100
     102
     104
      81
      82
      93
      79
      79
      99
      91
      72
      81
      90
      90
      75
      78
      84
      86
      78
      89
      82
      72
      78
      76
     102
      84
      83
      85
      89
      68
      83
      57
      74
      60
      65
      68
      60
      65
      67
      75
      60
      63
      56
      82
      69
      69
      68
      80
      57
      68
      82
      56
      55
      64
      66
      70
      69
      70
      59
      81
      69
      59
      68
      72
      56
      88
      66
      68
      78
      61
      65
      68
      68
      64
      63
      71
      60
      66
      54
      69
      63
      46
      54
      67
      51
      66
      60
      65
      53
      51
      47
      57
      51
      58
      45
      46
      38
      49
      40
      35
      47
      49
      37
      37
      44
      41
      41
      43
      40
      35
      41
      40
      42
      32
      38
      36
      49
      30
      44
      43
      37
      34
      40
      42
      50
      59
      59
      71
      88
     131
     139
     156
     199
     250
     283
     387
     412
     505
     566
     598
     637
     748
     706
     755
     753
     861
     786
     760
     740
     742
     653
     599
     520
     490
     405
     332
     293
     225
     178
     155
     108
     102
      85
      57
      55
      37
      22
      22
      22
      15
      17
       9
       7
       5
       8
       7
       3
       9
       7
       3
       8
       6
       6
      10
       7
       6
       7
       7
       4
       4
       8
       3
       7
       6
       5
       5
       5
       3
       4
       0
       5
       5
       6
       3
       4
       3
       1
       4
       2
       4
       2
       4
       6
       6
       0
       1
       4
       4
       1
       7
       3
       4
       2
       2
       5
       6
       4
       3
       1
       5
       5
       8
       2
       3
       1
       3
       3
       4
       1
       1
       4
       5
       6
       4
       4
       2
       2
       6
       4
       5
       1
       3
       3
       0
       4
       5
       5
       5
       5
       7
       4
       2
       5
       4
       4
       2
       4
       3
       5
       2
       5
       4
       3
       4
       1
       1
       7
       2
       6
       0
       4
       2
       4
       3
       3
       5
       3
       3
       4
       3
       1
       3
       2
       3
       1
       0
       7
       9
       4
       5
       7
       4
       5
       4
       4
      10
       6
       5
       8
       6
       5
       7
       7
       4
       4
       3
       3
       4
       3
       6
       3
       2
       4
       6
       9
       3
       2
       4
       2
       4
       3
       3
       4
       4
       6
       4
       4
       4
       5
       4
       6
       1
       7
       3
       3
       5
       7
       5
       6
       3
       7
       5
       7
       5
       4
       9
       7
       2
       3
       3
       4
       5
       6
       5
       6
       5
       2
       6
       3
       3
       3
       5
       2
       3
       1
       2
       4
       4
       7
       5
       3
       2
       4
       8
       4
       5
       7
       1
       7
       2
       6
       8
       4
       5
       0
       1
       4
       8
       8
       3
       3
       1
       4
       5
       3
       6
       5
       4
       3
       4
       3
       4
       3
       2
       7
       2
       5
       5
       3
      11
       5
      10
       6
       5
      10
      10
       8
       1
      11
      12
       9
      12
       5
      15
      21
      10
      10
      10
      12
      11
      12
      15
       9
       6
       6
       9
       7
       3
       7
       6
      11
       5
       6
       7
       5
       7
       5
       5
       6
       6
       8
       5
       2
       9
       3
      11
       7
       7
       8
      13
      10
      11
      16
      13
      17
      16
      18
      12
      18
      16
      12
      17
      13
      18
      19
      10
      15
      15
      12
      14
       8
      15
       7
      12
       1
       9
       9
       4
       6
      10
       9
       4
       1
       7
       3
       8
       3
       8
       6
       2
       7
       4
       7
       7
       6
       9
       7
       5
       2
       9
       6
       2
       6
       7
       3
      10
       4
       2
       3
       4
       6
       3
       5
       9
       4
       7
       2
       6
       5
       3
       2
       3
       4
       6
       1
       4
       3
       4
       7
       5
       5
       2
       1
       2
       4
       3
       3
       3
       1
       7
       4
       5
       4
       4
       5
       3
       4
       2
       4
       3
       3
       4
       2
       6
       4
       4
       4
       2
       6
       4
       1
       6
       6
       3
       4
       5
       5
       3
       2
       1
       3
       2
       2
       2
       2
       2
       6
       6
       3
       6
       4
       2
       2
       2
       4
       3
       5
       3
       4
       7
       0
       4
       4
       2
       5
       2
       5
       4
       2
       3
       6
       2
       2
       5
       4
       1
       3
       1
       6
       3
       5
       6
       2
       5
       1
       6
       4
       4
       6
       1
       4
       3
       3
       2
       2
       3
       0
       2
       6
       3
       5
       3
       6
       4
       2
       2
       4
       3
       5
       2
       6
       3
       2
       3
       2
       5
       3
       2
       4
       3
       2
       3
       2
       1
       4
       5
       5
       6
       5
       9
       4
       7
       3
      10
       7
       9
       9
       8
       6
       7
       8
       8
       6
       8
       7
       7
       6
      10
      10
       7
       8
       3
       4
       6
       4
       8
       5
       5
       1
       5
       2
       3
       4
       4
       2
       5
       3
       2
       9
       3
       6
       2
       4
       4
       4
       6
       2
       2
       5
       5
       3
       5
       2
       3
       3
       3
       5
       3
       3
       5
       3
       4
       6
       3
       5
       4
       0
       4
      10
       2
       3
       6
       5
       2
       2
       5
      12
       5
       4
       2
       9
       6
       4
       2
       4
       6
       4
       2
       4
       1
       2
       4
       4
       3
       2
       4
       4
       2
       2
       1
       5
       1
       5
       5
       4
       2
       5
       4
       1
       2
       3
       3
       2
       0
       2
       3
       2
       1
       3
       3
       6
       3
       2
       0
       4
       4
       1
       4
       3
       4
       4
       3
       5
       3
       3
       7
       3
       1
       4
       0
       2
       4
       6
       3
       3
       3
       4
       5
       2
       3
       0
       3
       2
       0
       0
       0
       0
       0
       1
       1
       0
       0
       0
       0
       0
       0
       0
       0
       0
       1
       0
       0
       1
       0
       0
       0
       0
       0
       0
       0
       0
       0
       0
       0
       0
       0
       0
       0
       0
       0
       0
       0
       0
       0
       0
       0
       0
       0
       0
       0
       0
       0
       0
       0
       0
       0
       0
       0
       0
       0
       0
       0
       0
       0
       0
       0
       0
       0
$ROI:
0
$PRESETS:
Real Time
1200
0
$ENER_FIT:
0.000000 0.046442
$MCA_CAL:
3
0.000000E+000 4.644218E-002 0.000000E+000 keV
$SHAPE_CAL:
3
0.000000E+000 0.000000E+000 0.000000E+000
