$SPEC_ID:
This is sample 008.
$SPEC_REM:
DET# 3
DETDESC# JLAB-20 MCB 131
AP# Maestro Version 7.01
$DATE_MEA:
03/01/2023 15:49:46
$MEAS_TIM:
147 149
$DATA:
0 2047
       0
       0
       0
       0
       0
       0
       0
       0
       0
       0
       0
       0
       0
       0
       0
       0
       0
       0
       0
       0
       0
       0
       0
       0
       0
       0
       0
       0
       0
       0
       0
       0
       0
       0
       0
       0
       0
       0
       0
       0
       0
       0
       0
       0
       0
       0
      10
     241
     274
     232
     310
     290
     274
     300
     309
     309
     293
     277
     271
     308
     318
     309
     289
     282
     308
     302
     309
     333
     301
     298
     305
     303
     302
     285
     258
     310
     323
     265
     284
     320
     296
     310
     305
     292
     328
     360
     303
     336
     292
     313
     302
     292
     311
     329
     322
     307
     307
     306
     298
     297
     312
     320
     337
     358
     307
     311
     317
     334
     316
     295
     328
     276
     297
     351
     316
     320
     313
     309
     300
     338
     327
     325
     330
     334
     306
     276
     311
     343
     320
     316
     308
     296
     304
     302
     343
     351
     312
     309
     315
     341
     359
     333
     322
     316
     353
     336
     291
     311
     308
     349
     327
     356
     346
     358
     368
     359
     349
     375
     340
     356
     351
     348
     402
     355
     362
     370
     356
     353
     407
     427
     678
    1606
    2082
    1222
     555
     790
    2326
    3463
    2058
     682
     345
     311
     338
     355
     330
     324
     280
     308
     271
     319
     305
     285
     287
     309
     289
     263
     280
     365
     459
     965
    1362
    1104
     603
     363
     315
     410
     549
     494
     334
     212
     219
     204
     201
     218
     183
     232
     192
     198
     205
     208
     195
     209
     203
     192
     177
     215
     160
     200
     208
     195
     228
     188
     186
     190
     192
     150
     173
     175
     174
     183
     192
     218
     178
     167
     196
     185
     212
     185
     222
     188
     219
     197
     185
     189
     161
     192
     171
     186
     199
     190
     172
     183
     195
     138
     197
     173
     166
     184
     175
     166
     189
     166
     191
     176
     183
     179
     159
     177
     180
     171
     171
     186
     167
     197
     185
     156
     162
     189
     173
     193
     179
     176
     179
     184
     158
     142
     179
     167
     179
     140
     163
     166
     167
     151
     157
     161
     162
     167
     149
     174
     162
     191
     157
     179
     156
     179
     150
     161
     164
     159
     151
     166
     156
     159
     125
     156
     151
     146
     148
     156
     146
     131
     170
     162
     148
     147
     167
     135
     140
     129
     142
     158
     157
     145
     170
     139
     172
     132
     129
     162
     152
     144
     143
     140
     145
     152
     157
     171
     166
     136
     155
     144
     141
     139
     144
     145
     150
     143
     136
     159
     129
     139
     150
     153
     142
     122
     122
     116
     131
     152
     142
     140
     146
     126
     142
     142
     139
     132
     144
     132
     126
     134
     147
     131
     124
     138
     128
     134
     128
     139
     129
     125
     134
     125
     122
     121
     145
     137
     143
     122
     119
     147
     121
     127
     135
     145
     133
     116
     125
     150
     120
     123
     128
     145
     157
     120
     115
     127
     140
     124
      98
     133
     120
     117
     100
     129
     110
     137
     120
     134
     125
     128
     102
     127
     104
     116
     118
     124
     120
     109
     130
     109
     119
     107
     122
     102
     111
     118
     113
     114
     128
     104
     121
     101
     108
     101
     122
     111
      98
     116
      98
     113
     125
      92
     106
      96
     102
     123
      94
     111
     106
      99
     115
     111
     114
     125
     119
     108
      91
     100
      93
     114
     105
     101
      88
     101
     104
     102
     105
      98
     100
      83
      98
      99
      99
      98
     104
      86
      98
      95
      97
     108
      80
     108
     119
     108
     111
      94
     102
      92
     105
     103
      90
      94
     103
      91
      92
      91
      95
      75
     107
      77
     106
     100
     114
      80
      89
      99
      90
      83
      86
      85
      86
      83
      87
      98
      80
      82
      93
      82
      85
      85
      99
      87
      83
      97
      81
      82
      85
      84
      95
      73
     106
      86
      80
     107
      93
      91
      92
     110
      94
      81
      97
      87
      74
      85
     103
      99
     104
      80
      90
      73
      80
      74
      92
      86
      84
      73
      70
      86
      77
      83
      86
      96
      71
      86
      73
      83
      87
      67
      87
      79
      70
      64
      89
      59
      77
      75
      67
      90
      81
      73
      85
      65
      83
      63
      64
      73
      92
      81
      72
      79
      75
      71
      70
      61
      82
      77
      86
      75
      73
      83
      74
      82
      87
      81
      64
      85
      69
      91
      77
      85
      75
      72
      86
      70
      69
      77
      70
      69
      63
      73
      78
      82
      83
      75
      68
      68
      75
      72
      62
      72
      68
      71
      59
      89
      73
      80
      90
      48
      73
      92
      84
      68
      74
      82
      62
      65
      85
      77
      69
      74
      88
      73
      66
      84
      65
      64
      80
      64
      67
      67
      72
      65
      75
      75
      75
      75
      77
      56
      77
      66
      54
      56
      55
      78
      71
      56
      58
      65
      68
      86
      74
      72
      73
      66
      58
      69
      70
      68
      75
      74
      77
      77
      65
      63
      72
      68
      74
      66
      60
      76
      55
      68
      56
      78
      60
      75
      63
      61
      74
      72
      66
      64
      71
      83
      68
      71
      75
      56
      64
      52
      62
      62
      54
      71
      67
      75
      67
      52
      58
      61
      68
      62
      59
      57
      60
      61
      58
      60
      70
      65
      70
      59
      55
      66
      65
      59
      69
      60
      69
      74
      52
      58
      78
      65
      70
      51
      72
      59
      65
      62
      67
      69
      64
      65
      61
      58
      56
      51
      69
      66
      62
      78
      58
      60
      58
      55
      65
      74
      63
      48
      63
      68
      70
      66
      66
      77
      73
      64
      72
      55
      65
      64
      52
      61
      69
      79
      63
      50
      74
      77
      54
      75
      63
      57
      65
      60
      52
      60
      53
      57
      58
      47
      58
      50
      56
      52
      55
      66
      58
      59
      42
      49
      69
      64
      58
      53
      66
      46
      54
      57
      67
      56
      58
      55
      52
      53
      54
      52
      51
      47
      60
      55
      57
      49
      57
      66
      50
      62
      63
      58
      48
      52
      55
      67
      58
      66
      57
      53
      58
      50
      57
      46
      54
      71
      55
      60
      52
      51
      51
      50
      45
      45
      52
      51
      68
      48
      46
      54
      58
      56
      51
      54
      56
      61
      46
      51
      50
      53
      53
      48
      49
      48
      54
      56
      62
      55
      53
      40
      47
      49
      60
      63
      62
      51
      53
      58
      66
      56
      48
      56
      49
      51
      42
      61
      60
      49
      36
      60
      64
      42
      47
      59
      54
      42
      46
      50
      43
      55
      62
      55
      51
      53
      46
      43
      49
      54
      48
      50
      54
      47
      32
      53
      42
      40
      47
      47
      55
      53
      37
      61
      37
      41
      54
      47
      51
      53
      41
      39
      41
      53
      46
      62
      38
      48
      54
      60
      59
      53
      48
      54
      52
      43
      46
      41
      51
      47
      51
      57
      51
      56
      40
      41
      48
      42
      49
      47
      39
      47
      54
      54
      49
      39
      47
      48
      45
      46
      44
      46
      36
      52
      34
      45
      43
      32
      40
      42
      46
      41
      41
      38
      59
      51
      50
      52
      52
      42
      47
      59
      46
      38
      45
      47
      47
      28
      52
      32
      35
      51
      48
      51
      32
      37
      40
      40
      42
      62
      35
      41
      36
      48
      36
      46
      33
      32
      49
      45
      44
      37
      38
      41
      31
      37
      50
      32
      42
      46
      48
      40
      32
      44
      45
      40
      40
      42
      37
      42
      44
      36
      44
      38
      44
      45
      38
      33
      35
      35
      42
      48
      46
      51
      33
      32
      43
      33
      33
      29
      37
      43
      41
      33
      43
      44
      37
      51
      30
      44
      46
      48
      35
      41
      40
      43
      37
      37
      35
      51
      36
      40
      43
      35
      40
      49
      36
      38
      31
      40
      39
      27
      29
      36
      38
      37
      37
      37
      32
      39
      30
      46
      36
      30
      46
      39
      42
      23
      44
      31
      36
      47
      34
      37
      38
      34
      49
      44
      36
      41
      38
      28
      42
      26
      34
      30
      44
      34
      29
      32
      42
      35
      27
      31
      27
      34
      34
      37
      37
      34
      41
      38
      39
      40
      32
      42
      43
      40
      47
      45
      44
      39
      43
      45
      28
      45
      43
      38
      28
      32
      34
      28
      40
      36
      44
      42
      33
      34
      36
      27
      26
      40
      39
      21
      29
      27
      34
      46
      39
      28
      38
      31
      27
      32
      30
      32
      42
      29
      31
      30
      36
      37
      35
      36
      42
      24
      34
      33
      24
      35
      35
      28
      32
      28
      34
      35
      36
      35
      30
      38
      35
      30
      31
      35
      33
      45
      29
      31
      35
      36
      37
      27
      39
      38
      34
      30
      35
      28
      36
      29
      25
      28
      27
      29
      20
      29
      25
      25
      31
      29
      25
      32
      21
      28
      18
      25
      32
      33
      28
      32
      29
      23
      34
      24
      24
      27
      20
      38
      31
      28
      24
      30
      27
      32
      33
      18
      33
      32
      22
      27
      22
      28
      30
      27
      27
      27
      30
      27
      35
      28
      26
      21
      21
      27
      26
      27
      27
      34
      22
      20
      30
      32
      26
      21
      23
      37
      26
      31
      21
      26
      23
      26
      29
      36
      26
      20
      30
      18
      26
      30
      23
      32
      23
      24
      29
      16
      24
      29
      22
      25
      27
      17
      23
      22
      19
      23
      28
      20
      26
      28
      27
      17
      32
      28
      28
      26
      25
      18
      19
      26
      25
      19
      25
      19
      27
      29
      20
      26
      28
      32
      27
      19
      24
      20
      21
      34
      19
      37
      35
      32
      22
      25
      27
      37
      24
      37
      24
      21
      28
      26
      22
      25
      22
      22
      24
      31
      16
      24
      22
      26
      25
      24
      24
      31
      40
      26
      23
      19
      26
      34
      18
      22
      27
      13
      28
      17
      20
      23
      20
      20
      23
      16
      18
      17
      33
      12
      26
      28
      25
      20
      27
      27
      19
      23
      23
      20
      30
      16
      26
      27
      24
      15
      20
      19
      24
      17
      18
      14
      20
      27
      20
      32
      26
      19
      17
      23
      24
      34
      25
      20
      11
      21
      26
      22
      16
      27
      16
      25
      20
      16
      21
      23
      21
      17
      27
      25
      21
      14
      23
      16
      18
       9
      23
      20
      14
      24
      36
      17
      20
      24
      22
      25
      28
      29
      15
      25
      21
      21
      22
      23
      21
      18
      18
      23
      28
      29
      25
      18
      14
      20
      22
      21
      20
      15
       9
      16
      23
      25
      16
      26
      23
      25
      18
      28
      18
      24
      15
      18
      20
      26
      18
      34
      20
      23
      19
      24
      29
      16
      21
      14
      24
      11
      27
      17
      29
      20
      17
      18
      13
      28
      28
      20
      25
      22
      25
      18
      24
      22
      17
      16
      13
      24
      16
      14
      18
      15
      28
      16
      19
      20
      22
      15
      16
      14
      17
      21
      17
      16
      22
      20
      20
      21
      25
      14
      20
      22
      21
      18
      14
      15
      18
      24
      18
      10
      17
      10
      17
      10
      20
      21
      17
      13
      17
       9
      15
      23
      20
      13
      10
      14
      15
      15
      16
      10
      18
      19
      15
      20
      18
      16
      10
      22
      19
      23
      24
      20
      17
      20
      10
       9
      16
      14
      14
      25
      20
      17
       8
       7
      16
      11
      16
      14
      14
      17
      18
      12
      13
      20
      11
      17
      21
      13
      24
      13
      26
      20
      19
      19
      15
      22
      20
      11
      11
      20
      19
      18
       8
      17
      16
      13
      16
      16
      19
      17
      15
      16
      16
      19
      13
      15
      20
      24
       7
      19
      16
      20
      13
      20
      17
      13
      11
      21
      16
      19
      17
      15
       9
      19
      11
      13
      17
      16
      14
      11
      15
      17
      21
      14
      15
      11
      15
      19
      20
      14
      19
       8
      18
      17
      11
      11
      15
      19
      16
      17
      14
      18
       7
      15
      12
      12
       6
      15
      10
      17
      16
      16
      21
       9
      11
      15
      18
      17
       9
      17
      12
      11
      21
      16
      11
      12
      21
      13
      15
      15
      16
      19
      12
      12
       9
      17
      16
      11
      18
      21
      13
      22
      10
      13
      24
      17
      11
      12
      12
      13
      12
      13
      10
      16
      12
      11
      16
       8
       8
      12
      16
      14
      19
      18
       8
       8
      13
      10
      17
      11
      15
      15
      12
      18
      12
      12
       9
      11
      11
      19
      12
      11
      17
      13
      14
       9
       9
       8
      15
       3
      14
      16
      15
      10
      13
      10
       9
      14
      16
       9
       9
      11
      22
      18
       9
      13
      14
      11
      14
      11
      11
      10
      15
       9
      10
       5
      11
      18
      23
      15
      11
      10
      12
      11
      15
       8
      18
       9
       6
      18
      12
      14
       5
      14
      11
      15
      11
      13
      15
       9
       8
      10
      17
      13
       6
      12
      12
      11
       5
      11
      17
      13
      12
      10
      21
       6
       5
      13
      11
      13
      11
       7
      13
      15
      13
      15
      16
      10
      14
       6
      10
      13
       9
      12
       6
       9
      14
       9
      15
       4
      13
       7
      13
      14
      13
      13
      13
      12
      13
      11
       8
       7
       7
      11
      16
       6
       4
       8
       9
       7
       5
      13
       9
       9
       8
      10
      12
      10
      15
      14
      11
      10
      12
      15
      15
      13
      10
       5
      10
       1
       1
       2
       0
       0
       0
       0
       0
       0
       0
       0
       0
       0
       0
       0
       0
       0
       0
       0
       0
       0
       0
       0
       0
       0
       0
       0
       0
       0
       0
       0
       0
       0
       0
       0
       0
       0
       0
       0
       0
       0
       0
       0
       0
       0
       0
       0
       0
       0
       0
       0
       0
       0
       0
       0
       0
       0
       0
       0
       0
       0
       0
       0
       0
       0
       0
       0
$ROI:
0
$PRESETS:
None
0
0
$ENER_FIT:
0.000000 0.375000
$MCA_CAL:
3
0.000000E+000 3.750000E-001 0.000000E+000 keV
$SHAPE_CAL:
3
0.000000E+000 0.000000E+000 0.000000E+000
