$SPEC_ID:
This is sample 008.
$SPEC_REM:
DET# 3
DETDESC# JLAB-20 MCB 131
AP# Maestro Version 7.01
$DATE_MEA:
03/01/2023 16:31:58
$MEAS_TIM:
133 133
$DATA:
0 2047
       0
       0
       0
       0
       0
       0
       0
       0
       0
       0
       0
       0
       0
       0
       0
       0
       0
       0
       0
       0
       0
       0
       0
       0
       0
       0
       0
       0
       0
       0
       0
       0
       0
       0
       0
       0
       0
       0
       0
       0
       0
       0
       0
       0
       0
       0
       2
     140
     186
     155
     170
     180
     168
     145
     169
     192
     206
     230
     408
     507
     355
     215
     202
     175
     179
     160
     240
     265
     198
     152
     174
     145
     137
     167
     165
     155
     171
     151
     143
     148
     143
     189
     143
     159
     134
     170
     129
     166
     153
     146
     132
     152
     172
     142
     153
     146
     154
     182
     145
     141
     156
     153
     162
     149
     149
     142
     144
     137
     152
     140
     126
     145
     161
     130
     134
     142
     137
     162
     139
     138
     161
     130
     145
     136
     149
     129
     148
     126
     130
     132
     148
     140
     126
     155
     156
     135
     132
     157
     140
     134
     151
     163
     158
     123
     138
     142
     163
     138
     142
     147
     156
     131
     132
     176
     161
     155
     144
     138
     151
     144
     152
     147
     141
     126
     146
     120
     138
     134
     124
     192
     305
     435
     319
     169
     193
     423
     634
     441
     201
     162
     134
     135
     129
     127
     107
     116
     123
     111
     135
     140
     125
     116
     100
     129
      95
     118
     105
     141
     229
     280
     253
     186
     129
     114
     116
     197
     160
     131
      89
      91
      86
     110
      85
     104
      88
     102
      86
     120
      76
      88
      97
      85
      96
     113
      99
     107
     101
      95
      92
      98
      82
      87
      97
      81
      97
     117
      80
      89
     100
      88
      74
      98
      94
      81
      74
      81
      88
      73
      78
      85
      85
      79
      74
      99
      92
      90
      83
      91
      87
      78
      86
      86
      95
      98
      76
      96
      82
      85
      95
      90
      92
      81
      88
      81
      80
      88
      86
      78
      95
      82
      85
      89
      81
      68
      76
     104
      92
      75
      89
      67
      95
      80
     100
     100
      78
      81
      96
      83
      79
      86
      91
      95
      68
      91
      82
      89
      67
      81
      89
      82
      79
      82
      80
      71
      89
      78
      83
      75
      73
      83
      73
      70
      69
      74
      74
      69
      79
      65
      73
      79
      66
      74
      78
      70
      88
      87
      70
      63
      69
      79
      66
      76
      56
      94
      76
      83
      63
      67
      88
      76
      84
      72
      60
      64
      70
      76
      76
      80
      81
      71
      72
      85
      71
      93
      75
      83
      70
      86
      74
      84
      74
      88
      71
      62
      72
      69
      78
      59
      79
      70
      73
      76
      87
      76
      71
      65
      70
      76
      66
      75
      79
      74
      55
      78
      53
      53
      69
      65
      77
      57
      72
      64
      72
      73
      81
      67
      71
      55
      81
      49
      45
      69
      70
      60
      81
      74
      59
      50
      56
      57
      71
      64
      60
      48
      73
      58
      72
      51
      70
      50
      64
      61
      71
      65
      59
      55
      69
      76
      60
      76
      58
      65
      53
      61
      77
      58
      70
      64
      68
      65
      66
      56
      61
      42
      46
      50
      57
      73
      71
      41
      72
      53
      42
      63
      64
      56
      55
      68
      59
      58
      72
      71
      63
      54
      45
      65
      77
      57
      66
      53
      57
      51
      79
      62
      47
      67
      65
      55
      53
      53
      59
      57
      48
      50
      60
      55
      37
      50
      48
      55
      50
      46
      55
      46
      42
      36
      57
      60
      50
      57
      40
      59
      58
      59
      68
      46
      44
      53
      62
      46
      51
      62
      53
      55
      52
      48
      69
      50
      38
      69
      44
      38
      54
      50
      47
      43
      56
      45
      46
      36
      42
      51
      42
      49
      40
      48
      54
      58
      53
      42
      53
      47
      56
      50
      46
      39
      53
      44
      45
      48
      50
      57
      48
      54
      41
      54
      48
      49
      61
      51
      44
      47
      56
      43
      47
      42
      42
      36
      47
      40
      51
      39
      28
      42
      33
      51
      38
      43
      56
      46
      53
      46
      39
      33
      51
      47
      43
      44
      35
      45
      37
      48
      58
      43
      40
      47
      27
      55
      49
      42
      38
      47
      46
      45
      41
      38
      54
      30
      53
      49
      38
      49
      27
      42
      46
      38
      44
      42
      34
      45
      42
      37
      53
      41
      40
      35
      51
      43
      48
      43
      46
      32
      36
      41
      48
      37
      46
      37
      36
      53
      39
      47
      51
      33
      36
      45
      44
      30
      37
      42
      44
      42
      42
      42
      50
      37
      42
      41
      42
      54
      39
      43
      51
      48
      39
      42
      41
      45
      38
      60
      47
      47
      41
      46
      41
      35
      41
      43
      45
      41
      35
      46
      38
      46
      56
      55
      31
      45
      33
      39
      45
      47
      60
      46
      54
      36
      33
      46
      51
      40
      48
      38
      48
      39
      49
      31
      37
      42
      41
      30
      42
      38
      51
      43
      51
      42
      47
      37
      44
      46
      38
      29
      37
      43
      44
      40
      35
      44
      44
      35
      36
      42
      36
      37
      32
      41
      38
      34
      41
      36
      44
      54
      41
      28
      38
      41
      47
      37
      43
      37
      42
      42
      49
      39
      40
      44
      36
      48
      41
      40
      35
      38
      40
      24
      22
      51
      42
      46
      44
      39
      48
      39
      38
      42
      42
      48
      39
      33
      43
      41
      27
      43
      38
      29
      48
      35
      40
      35
      22
      28
      41
      36
      31
      39
      45
      41
      37
      38
      24
      28
      30
      42
      34
      26
      39
      31
      45
      48
      39
      29
      24
      34
      39
      45
      30
      37
      33
      32
      37
      36
      41
      29
      36
      30
      41
      37
      37
      35
      33
      33
      40
      41
      33
      42
      32
      30
      40
      30
      41
      35
      36
      43
      36
      30
      36
      25
      19
      25
      34
      21
      29
      31
      31
      37
      29
      31
      36
      27
      38
      43
      35
      29
      28
      21
      28
      36
      36
      35
      30
      35
      28
      27
      41
      25
      41
      30
      34
      28
      24
      27
      33
      29
      49
      28
      31
      39
      21
      39
      33
      27
      34
      35
      39
      22
      42
      38
      18
      21
      21
      30
      22
      36
      25
      25
      29
      30
      24
      30
      22
      32
      38
      33
      32
      39
      34
      37
      29
      41
      45
      30
      41
      26
      29
      27
      30
      30
      20
      32
      17
      35
      28
      29
      22
      29
      37
      34
      24
      34
      36
      28
      44
      32
      31
      29
      31
      29
      29
      30
      31
      28
      35
      30
      28
      26
      19
      26
      24
      32
      38
      28
      27
      39
      27
      21
      28
      27
      28
      22
      28
      37
      26
      33
      32
      22
      30
      21
      35
      26
      21
      21
      31
      21
      25
      32
      28
      36
      34
      26
      21
      26
      29
      31
      32
      32
      33
      32
      33
      29
      29
      21
      23
      17
      24
      28
      21
      24
      28
      25
      20
      28
      31
      25
      30
      23
      31
      15
      24
      27
      26
      25
      28
      19
      26
      29
      34
      25
      22
      25
      23
      25
      24
      23
      30
      20
      18
      22
      30
      20
      23
      25
      24
      22
      17
      22
      24
      29
      21
      26
      29
      28
      31
      17
      26
      25
      19
      30
      26
      25
      24
      25
      30
      20
      16
      35
      28
      19
      17
      33
      23
      34
      23
      18
      28
      26
      26
      30
      25
      32
      23
      19
      31
      14
      21
      24
      29
      24
      11
      18
      19
      17
      25
      18
      29
      25
      17
      19
      21
      27
      22
      25
      26
      26
      20
      19
      21
      21
      29
      24
      22
      27
      13
      22
      27
      26
      24
      26
      22
      21
      21
      21
      18
      15
      20
      34
      19
      26
      19
      17
      20
      21
      21
      22
      21
      21
      27
      17
      21
      24
      26
      18
      13
      22
      19
      14
      29
      20
      22
      26
      27
      18
      18
      23
      21
      17
      19
      22
      22
      22
      21
      24
      19
      29
      13
      12
      23
      17
      19
      19
      22
      17
      16
      18
      13
      27
      17
      18
      25
      25
      10
      16
      10
      25
      25
      14
      16
      16
      25
      17
      16
      28
      24
      26
      22
      20
      16
      21
      23
      21
      13
      19
      21
      17
      22
      20
      17
      12
      16
      13
      19
      18
      18
      24
      26
      11
      14
      19
      12
      23
      17
      17
      16
      19
      19
      19
      25
      22
      17
      15
      11
      18
      18
      14
      17
      23
      21
      14
      12
      17
      11
      20
      11
      18
      18
      12
      16
      26
      13
      18
      15
      22
      15
      22
      18
      18
      20
      16
      16
      21
      11
      18
      16
      20
      14
      14
      18
      15
      17
      14
      21
      20
      17
      16
      14
      22
      17
      18
      11
      15
      18
      21
      15
      16
      24
      18
      11
      20
      18
      13
      16
      22
      13
      13
      10
      15
      20
      11
      11
      13
      16
      16
      14
      17
       6
      10
      13
      13
      15
      12
      20
      18
      11
      21
      13
      18
      13
      11
      15
      16
      21
      23
      13
      17
      13
      19
      14
      10
      12
      15
      16
      20
      14
      12
      19
       5
      10
      12
      19
      17
      12
      13
       9
      13
      15
      12
      20
      11
      14
      12
      16
      16
      12
      19
      15
      15
      16
      13
       9
      24
      18
      16
      14
      12
      14
      14
      13
      14
      14
      13
      11
      14
      15
      14
      16
      16
      22
      15
      18
      18
      12
      12
      21
      17
      22
      11
      15
      22
      18
       8
      24
       9
      13
      10
      14
      17
      15
      11
       7
      15
      14
      13
      11
      15
      13
       7
      23
       9
      11
      16
      16
      11
       6
      15
      13
      17
       8
      18
      10
      17
      16
      17
      22
      15
      16
      18
      22
      12
      17
      14
      13
      21
      12
      11
      14
      11
       9
       6
      12
      17
      11
      13
      13
      10
       8
       9
      10
      10
       9
      14
      12
      16
      13
       7
       8
      12
      11
       9
      17
      10
       7
      12
      10
      11
      12
      17
       5
      10
      12
       6
      12
       9
       9
       6
       7
      11
      10
      13
       8
      18
       9
       9
      11
       5
      10
      12
      13
      12
       7
       6
      16
      13
      14
       7
       9
       6
      13
       8
       6
      12
       9
       6
      12
      10
      18
       8
      12
      13
      10
      18
      10
      11
      11
       8
      11
       9
       7
       6
       8
       9
      10
       7
       7
      12
       7
      11
       8
       6
      12
      14
      17
       8
      11
      18
       7
       5
      11
      12
      11
      12
      11
       5
      11
       6
      12
       9
      13
      16
       9
      16
      12
      10
       5
       7
      11
       9
       5
      10
       8
       8
       7
       8
      12
       7
       7
       7
       8
      11
       9
      10
      11
       7
       6
      12
       5
       9
       5
      11
       8
      10
      11
       8
      12
       4
      15
       9
       9
       9
       7
      10
       9
      11
       6
      13
       9
       7
       9
       6
       5
      16
       6
       6
       7
      10
      13
      10
      14
       6
      14
       6
      12
       5
      10
      12
       9
      10
       7
      13
       7
       9
      14
      11
       5
       4
       7
       7
      11
       7
       9
       7
       9
      10
       7
       9
      11
       9
       9
       5
      11
      11
       9
       7
       5
       6
       2
       3
       4
       9
      14
       9
      11
      10
       7
       8
       8
       4
       4
       9
       6
       3
      12
       8
       7
       7
       7
       7
       6
       7
       6
       6
      11
       5
       7
       5
       6
      11
       8
      13
      10
       7
       9
       4
       7
       6
       8
       4
      10
      10
       6
       7
       3
       9
       9
       6
       6
       3
       9
       8
       4
       8
       7
       6
       8
      10
       4
       8
       4
       8
       6
       8
       6
       4
       6
      11
       6
       8
       7
       3
       9
       8
      11
       7
       9
      11
       7
       7
       9
       9
       8
       8
       7
       9
      11
       4
       5
       2
       3
       8
       7
       3
       9
       7
       7
       5
       8
       7
       4
       8
       5
       8
       9
       9
       2
       6
       6
       7
      11
       7
       5
       5
      11
       6
       8
       8
      12
       9
       7
       7
       3
      11
       6
       7
       3
      10
       7
       6
       7
       5
       2
      11
      10
       8
       8
       2
       7
       6
       5
       7
       8
       6
       5
       7
       6
       6
       4
      10
       5
       7
      11
       2
       4
       7
       6
       6
       6
      13
       5
       4
       7
       8
       3
       7
       9
       8
       6
       7
       7
       5
       6
       1
       7
       9
       6
       4
       5
       6
       8
       3
       8
       8
       1
       5
       7
       2
       5
       4
       6
       2
       6
       5
       7
       5
       4
       7
       4
       4
      11
       5
       6
       4
       3
       5
       4
       4
       3
       6
       5
       4
       6
       4
      10
       5
       5
       6
       5
       6
       8
       5
      11
       3
       4
       6
       6
       1
       4
       3
       1
       9
       7
       6
       5
       5
       6
       3
       2
       5
       5
       7
       5
       4
       8
       4
       3
       3
       4
       3
       7
       5
       8
       6
       8
       8
       6
       5
       4
       6
       8
       3
       7
       6
       3
       3
       8
       5
      10
       7
       5
       4
       7
       6
       4
       9
       4
       5
       9
       1
       7
       4
       4
       6
       9
       3
       5
       6
       4
       5
       6
       4
       4
       2
       3
       4
       7
       6
       2
       6
       4
       6
       4
       7
       7
       5
       1
       4
       3
       2
       1
       4
       5
       6
       6
       3
       8
       8
       2
       5
       7
       8
       4
       5
       7
       3
       4
       1
       1
       0
       0
       0
       0
       0
       0
       0
       0
       0
       0
       0
       0
       0
       0
       0
       0
       0
       0
       0
       0
       0
       0
       0
       0
       0
       0
       0
       0
       0
       0
       0
       0
       0
       0
       0
       0
       0
       0
       0
       0
       0
       0
       0
       0
       0
       0
       0
       0
       0
       0
       0
       0
       0
       0
       0
       0
       0
       0
       0
       0
       0
       0
       0
       0
       0
$ROI:
0
$PRESETS:
None
0
0
$ENER_FIT:
0.000000 0.375000
$MCA_CAL:
3
0.000000E+000 3.750000E-001 0.000000E+000 keV
$SHAPE_CAL:
3
0.000000E+000 0.000000E+000 0.000000E+000
