$SPEC_ID:
This is sample 008.
$SPEC_REM:
DET# 3
DETDESC# JLAB-20 MCB 131
AP# Maestro Version 7.01
$DATE_MEA:
03/06/2023 15:36:20
$MEAS_TIM:
310 316
$DATA:
0 2047
       0
       0
       0
       0
       0
       0
       0
       0
       0
       0
       0
       0
       0
       0
       0
       0
       0
       0
       0
       0
       0
       0
       0
       0
       0
       0
       0
       0
       0
       0
       0
       0
       0
       0
       0
       0
       0
       0
       0
       0
       0
       0
       0
       0
       0
       0
       0
       0
       0
       0
       0
       0
       0
       0
       0
       0
       0
       0
       0
       0
       0
       0
       0
       0
       0
       0
       0
       0
       0
       0
       0
       0
       0
       0
       0
       0
       0
       0
       0
       0
       0
       0
       0
       0
       1
      44
     510
     598
     511
     439
     379
     321
     289
     260
     245
     230
     213
     224
     213
     241
     225
     245
     285
     308
     313
     347
     351
     367
     362
     388
     397
     375
     411
     389
     400
     353
     320
     304
     309
     256
     212
     209
     193
     181
     156
     157
     146
     124
     100
     119
     114
     100
      91
     107
      95
      86
     105
      83
     107
      90
      83
      97
      90
      91
     101
      95
      79
      76
      73
      82
      73
      90
      90
      88
      99
      88
      85
      87
      91
      87
      89
      78
      77
     101
      85
      74
      74
      90
      86
      72
      79
      79
      81
      74
      81
      86
      79
      75
      84
      87
      73
      78
      72
      77
      86
      77
      85
      58
      83
      74
      63
      73
      70
      63
      63
      79
      69
      70
      66
      78
      64
      66
      93
      72
      90
      79
      85
      84
     119
     111
     120
     108
     116
     126
     123
     136
     130
     125
     111
     118
     130
     113
     107
     104
      89
      77
      99
      79
      86
      74
      77
     107
      98
      89
      91
      84
      80
      73
      81
      68
      78
      83
      69
      73
      71
      66
      73
      87
      69
      84
      69
      79
      68
      68
      76
      62
      88
      83
      82
      98
      93
      97
     109
     107
     110
     116
     126
     143
     179
     189
     232
     319
     411
     518
     661
     973
    1172
    1524
    1925
    2409
    2902
    3686
    4429
    5129
    6063
    6825
    7577
    8254
    9041
    9388
    9817
   10004
   10003
    9669
    9419
    8860
    8255
    7449
    6847
    5997
    5239
    4434
    3787
    3081
    2570
    2114
    1763
    1417
    1164
    1002
     894
     810
     861
     869
     919
    1086
    1268
    1421
    1544
    1776
    2043
    2149
    2232
    2376
    2450
    2535
    2609
    2562
    2496
    2453
    2329
    2093
    1885
    1871
    1611
    1398
    1210
     991
     854
     661
     578
     472
     353
     280
     240
     201
     165
     148
     108
     107
      93
      75
      72
      78
      65
      54
      49
      58
      46
      40
      54
      37
      58
      48
      38
      40
      36
      41
      58
      46
      32
      36
      39
      38
      45
      23
      40
      28
      28
      42
      28
      32
      24
      44
      34
      32
      37
      44
      34
      38
      34
      34
      25
      30
      25
      35
      44
      30
      33
      24
      42
      35
      29
      24
      30
      37
      27
      36
      34
      45
      29
      32
      33
      24
      28
      32
      27
      30
      37
      25
      32
      38
      31
      28
      33
      36
      37
      30
      32
      26
      37
      29
      37
      26
      40
      40
      25
      26
      21
      32
      32
      32
      29
      26
      30
      42
      37
      33
      26
      21
      30
      26
      25
      19
      32
      28
      32
      28
      26
      37
      33
      39
      39
      27
      34
      27
      24
      32
      29
      21
      37
      29
      35
      25
      30
      25
      29
      27
      37
      31
      31
      35
      32
      29
      25
      29
      30
      25
      20
      33
      31
      29
      28
      31
      21
      33
      24
      24
      30
      21
      27
      29
      26
      32
      24
      45
      39
      35
      32
      23
      30
      36
      39
      25
      30
      21
      33
      33
      32
      28
      30
      25
      29
      32
      36
      29
      19
      25
      31
      28
      21
      28
      40
      27
      33
      24
      24
      21
      43
      24
      31
      32
      30
      32
      33
      35
      20
      25
      24
      33
      18
      37
      19
      30
      32
      32
      30
      41
      32
      29
      30
      33
      22
      33
      26
      35
      37
      28
      34
      33
      30
      31
      40
      29
      31
      32
      37
      31
      28
      30
      32
      39
      29
      25
      25
      26
      32
      25
      28
      17
      27
      20
      20
      25
      27
      19
      24
      34
      28
      26
      27
      17
      25
      25
      12
      23
      25
      29
      22
      21
      32
      20
      27
      28
      25
      22
      28
      24
      29
      23
      29
      22
      28
      21
      28
      23
      29
      20
      27
      19
      20
      19
      25
      23
      22
      22
      19
      20
      23
      27
      27
      32
      29
      34
      26
      28
      38
      32
      24
      37
      38
      35
      35
      27
      24
      37
      45
      46
      40
      57
      50
      59
      75
      64
      81
      68
      77
      79
     102
      93
     101
      96
      91
      98
     110
      82
      90
      88
      97
      92
      83
      76
      63
      63
      52
      52
      35
      51
      31
      33
      31
      46
      35
      27
      32
      38
      37
      27
      32
      35
      32
      32
      30
      32
      29
      19
      26
      29
      29
      32
      36
      26
      19
      29
      29
      29
      27
      29
      20
      27
      23
      34
      33
      25
      25
      27
      24
      30
      30
      30
      38
      21
      22
      33
      27
      29
      34
      27
      42
      34
      32
      31
      31
      37
      29
      26
      40
      40
      39
      36
      39
      34
      45
      48
      46
      57
      41
      42
      52
      49
      49
      51
      51
      64
      45
      63
      46
      42
      59
      45
      53
      41
      40
      48
      47
      33
      51
      49
      39
      44
      38
      41
      47
      47
      46
      38
      48
      49
      44
      43
      42
      56
      45
      58
      47
      41
      42
      50
      46
      41
      57
      45
      49
      48
      53
      53
      64
      48
      58
      51
      69
      65
      79
      56
      56
      80
      73
      66
      74
      59
      76
      54
      71
      87
      69
      91
      77
      67
      77
      70
      76
      74
      87
      81
      69
      82
      88
      84
      91
      73
      86
     102
      79
     110
      75
     103
     109
     111
      94
      93
      91
      82
     107
      99
      86
     105
     103
     115
     110
     101
     107
     107
     115
     106
     100
      86
      93
     108
     100
     116
      85
      92
     112
      91
      90
     105
      93
     102
      92
      97
     100
     100
      94
      98
      98
     110
     102
      96
      92
     115
     111
      96
      94
     109
     102
     106
     107
     100
     108
     102
     118
     105
     124
     101
     119
     123
     102
     120
     132
     106
     124
     131
     106
     118
     112
     148
     139
     145
     151
     116
     145
     126
     133
     127
     137
     151
     167
     126
     157
     159
     165
     178
     156
     150
     172
     189
     202
     180
     176
     192
     191
     202
     192
     195
     198
     213
     211
     218
     237
     242
     226
     242
     251
     236
     243
     269
     252
     268
     267
     274
     279
     314
     286
     266
     272
     311
     325
     319
     330
     340
     329
     351
     400
     392
     402
     357
     337
     389
     388
     418
     369
     431
     425
     463
     431
     472
     510
     509
     523
     524
     582
     544
     547
     614
     571
     597
     646
     645
     670
     664
     634
     710
     670
     750
     784
     749
     813
     817
     827
     878
     892
     860
     881
     938
     953
    1019
    1023
    1014
    1080
    1188
    1220
    1234
    1215
    1218
    1296
    1334
    1307
    1448
    1446
    1572
    1576
    1682
    1671
    1776
    1910
    1859
    2034
    2102
    2129
    2219
    2297
    2303
    2531
    2604
    2815
    2761
    3025
    3132
    3258
    3331
    3515
    3679
    3834
    3770
    4192
    4337
    4486
    4726
    4726
    4919
    5017
    5110
    5140
    5196
    5380
    5186
    5287
    5348
    5349
    5469
    5470
    5300
    5318
    5232
    5169
    5063
    4950
    4856
    4737
    4547
    4547
    4456
    4295
    4220
    3855
    3823
    3588
    3521
    3436
    3306
    3127
    2975
    2957
    2944
    2787
    2638
    2576
    2390
    2301
    2319
    2095
    2024
    2059
    1930
    1945
    1855
    1778
    1718
    1647
    1620
    1506
    1460
    1366
    1370
    1350
    1218
    1229
    1224
    1229
    1190
    1104
    1085
    1067
    1026
    1036
    1028
    1028
     911
     933
     959
     856
     869
     878
     829
     787
     817
     820
     749
     725
     710
     713
     705
     706
     707
     671
     618
     670
     626
     616
     586
     552
     521
     545
     551
     534
     534
     540
     512
     496
     539
     518
     489
     483
     473
     452
     468
     486
     436
     446
     429
     452
     427
     409
     424
     428
     397
     397
     397
     379
     408
     384
     365
     372
     412
     396
     373
     378
     337
     355
     332
     363
     357
     339
     324
     327
     312
     304
     344
     298
     305
     308
     357
     303
     319
     332
     341
     302
     331
     304
     301
     298
     313
     309
     314
     305
     278
     291
     277
     278
     265
     289
     292
     258
     274
     249
     302
     240
     280
     266
     284
     266
     248
     241
     257
     236
     239
     261
     221
     240
     261
     210
     222
     236
     212
     221
     251
     213
     221
     236
     198
     230
     183
     213
     187
     199
     184
     186
     191
     185
     160
     190
     171
     160
     161
     157
     183
     159
     138
     137
     168
     135
     155
     146
     156
     176
     162
     238
     209
     265
     353
     392
     474
     621
     715
     800
    1033
    1168
    1342
    1580
    1750
    1901
    2174
    2341
    2450
    2446
    2459
    2507
    2454
    2486
    2334
    2108
    1997
    1880
    1589
    1550
    1320
    1103
     938
     773
     637
     519
     438
     336
     252
     207
     182
     143
     105
      88
      77
      73
      63
      44
      43
      36
      34
      37
      29
      27
      25
      26
      27
      29
      27
      22
      21
      24
      19
      21
      15
      15
      13
      21
      21
      18
      18
      19
      14
      20
      11
      17
      12
      17
      12
      15
       9
      17
      18
      14
      12
      19
      15
      18
      13
      14
      21
       9
      13
      21
       9
      17
      12
      12
      15
      12
      16
      10
      18
      12
      12
      10
      13
      20
      18
      16
       9
       9
      14
       9
       7
       7
       7
      10
      14
       7
       7
      15
      10
      10
       7
      12
      14
       6
      16
      10
      10
      10
      12
      17
      18
      13
      15
      13
       8
      11
      13
      10
      11
      13
      17
      12
      13
      13
      10
      13
      11
      17
      15
      12
      10
      12
      14
      11
      16
      10
      11
      13
      10
      14
      14
      10
      13
       8
      12
      19
      15
      12
      17
      12
      14
      16
      17
      17
      15
      16
      13
      20
      12
      20
      18
      24
      11
      18
      24
      20
      22
      18
      24
      17
      19
      10
      14
      19
      12
       7
      13
       6
      12
      15
      16
      18
      13
      12
      10
       7
      10
      14
       9
      14
      11
      12
      12
      15
      24
      11
      22
      12
      11
      14
       8
      17
      12
      14
      16
      22
      16
      16
      18
       8
      11
      19
      16
      16
      12
      22
      13
      13
      16
      16
      11
      16
      20
      19
       9
      13
      12
      12
      19
      18
      12
      13
      13
      19
       9
      16
      19
      13
      19
      20
      10
      22
      18
      23
      18
      14
      23
      15
      13
      19
      16
      17
      21
      21
      19
      20
      14
      15
      19
      21
      17
      23
      26
      24
      23
      21
      33
      30
      34
      22
      16
      29
      27
      37
      31
      42
      30
      35
      45
      41
      47
      46
      39
      43
      32
      44
      38
      43
      48
      38
      41
      34
      41
      38
      39
      41
      31
      28
      30
      33
      25
      30
      23
      16
      28
      34
      19
      25
      17
      26
      27
      30
      13
      27
      24
      27
      34
      30
      36
      33
      35
      28
      34
      49
      59
      42
      56
      70
      45
      63
      86
      59
      56
      65
      56
      55
      54
      51
      53
      43
      43
      46
      38
      37
      33
      33
      25
      25
      25
      33
      29
      15
      22
      23
      16
      20
      20
      23
      17
      14
      14
      16
      12
      15
      15
      17
      15
      17
      20
      20
      15
      22
      18
      12
      10
      11
      14
      18
      21
       8
      13
      10
      16
      22
      22
      14
      20
      20
      10
      11
      16
      20
      13
      18
      13
      16
      18
      13
      11
      11
      10
      16
      15
      17
       7
       8
       8
      12
      18
      13
      11
      14
      20
      18
      12
      10
      10
       8
      13
      11
      24
      13
      13
      13
      12
       7
      10
      13
      10
      14
      18
      16
      12
      12
       8
      11
      22
      13
      10
      12
      11
       7
      15
      12
      13
      10
      15
      14
      12
      12
      13
      12
      14
      11
       7
       8
       7
       8
       7
       7
       6
      11
      17
      13
      11
       5
      14
      12
       8
      12
      14
      10
      17
       8
       9
      16
      14
      21
      11
      20
      14
       9
       8
       9
      11
       7
      12
      11
      12
      10
      11
       7
      12
       9
       9
      15
      11
      15
      22
      10
      12
      10
       5
      10
       8
      11
      12
       9
      12
      13
      22
      13
      10
      13
      16
      12
      11
      11
      14
       7
      19
      13
       8
      13
      13
      12
      17
      13
      14
      15
      13
      17
      12
      29
      14
      29
      23
      27
      22
      23
      16
      28
      32
      34
      26
      17
      21
      31
      32
      20
      24
      21
      13
      28
      20
      17
      16
      23
      23
      15
      25
      24
      18
      20
      16
      11
      12
      17
      18
       9
       9
      16
      20
       7
      12
      18
      15
      11
      11
      14
      13
      14
      16
      10
      17
      13
      18
       9
       9
      11
      15
      10
      14
      12
      12
      17
      11
      24
      19
      26
      12
       6
      13
      14
      17
      26
      15
      17
      20
      17
      18
      16
       9
      17
      14
      10
      12
      15
      16
      16
      11
      13
      12
      15
      14
       9
      11
       7
       9
      12
      14
      12
      13
       8
      12
       7
      10
       9
       9
      21
       9
      11
      12
       8
       8
      11
      12
       7
       8
      11
      14
      19
      15
      15
      11
       8
      14
      18
      14
       8
       9
      13
       5
      12
      16
      10
      10
      12
      15
      15
      11
      16
       6
      13
      11
      10
       7
       8
      17
      13
       5
       6
      11
       5
       0
       2
       2
       3
       1
       3
       0
       2
       2
       1
       1
       1
       0
       1
       1
       0
       1
       0
       0
       0
       0
       0
       0
       0
       0
       0
       0
       0
       0
       0
       0
       0
       0
       0
       0
       0
       0
       0
       0
       0
       0
       0
       0
       0
       0
       0
       0
       0
       0
       0
       0
       0
       0
       0
       0
       0
       0
       0
       0
       0
       0
       0
       0
       0
       0
$ROI:
0
$PRESETS:
Real Time
1200
0
$ENER_FIT:
0.000000 0.046442
$MCA_CAL:
3
0.000000E+000 4.644218E-002 0.000000E+000 keV
$SHAPE_CAL:
3
0.000000E+000 0.000000E+000 0.000000E+000
