$SPEC_ID:
This is sample 008.
$SPEC_REM:
DET# 3
DETDESC# JLAB-20 MCB 131
AP# Maestro Version 7.01
$DATE_MEA:
03/01/2023 16:36:52
$MEAS_TIM:
68 69
$DATA:
0 2047
       0
       0
       0
       0
       0
       0
       0
       0
       0
       0
       0
       0
       0
       0
       0
       0
       0
       0
       0
       0
       0
       0
       0
       0
       0
       0
       0
       0
       0
       0
       0
       0
       0
       0
       0
       0
       0
       0
       0
       0
       0
       0
       0
       0
       0
       0
       1
      92
      81
      97
      87
      95
      94
      86
      89
      82
      73
      84
      89
      93
      86
      89
      88
      81
      88
      87
      85
      90
      80
      73
      81
      81
      74
      93
      85
      77
      95
      80
      83
      82
      83
      77
      67
      92
      88
      64
      74
      69
      80
      78
      78
      74
      94
      66
      71
      63
      80
      78
      91
      89
      80
      88
      61
      80
      74
      87
      70
      69
      63
      63
      80
      67
      51
      84
      76
      86
      76
      67
      86
      71
      72
      68
      81
      75
      71
      86
      63
      63
      79
      71
      81
      84
      65
      73
      66
      73
      77
      80
      84
      69
      86
      64
      77
      77
      68
      66
      75
      71
      75
      77
      72
      75
      84
      81
      68
      81
      67
      94
      81
      64
      81
      87
      75
      84
      50
      69
      73
      62
      75
      88
     139
     212
     168
      84
      87
     204
     318
     226
      95
      85
      66
      57
      80
      63
      51
      51
      70
      81
      73
      60
      57
      48
      51
      59
      68
      65
      66
      95
     107
     166
     131
      91
      77
      46
      65
      74
      69
      58
      61
      61
      58
      45
      47
      46
      48
      45
      42
      54
      50
      50
      50
      52
      49
      52
      48
      51
      48
      42
      43
      50
      57
      53
      36
      45
      49
      45
      51
      55
      54
      38
      41
      34
      54
      49
      48
      48
      50
      57
      42
      57
      40
      35
      43
      44
      44
      40
      51
      50
      50
      53
      47
      29
      49
      45
      40
      31
      47
      34
      47
      43
      45
      44
      52
      39
      52
      42
      45
      41
      47
      47
      37
      43
      47
      43
      43
      44
      42
      41
      47
      41
      46
      39
      49
      50
      43
      42
      53
      44
      47
      31
      50
      36
      41
      38
      50
      41
      43
      41
      44
      45
      54
      49
      41
      36
      52
      35
      29
      48
      35
      43
      43
      46
      40
      52
      37
      42
      42
      52
      38
      30
      36
      46
      41
      46
      44
      48
      43
      32
      34
      41
      34
      31
      35
      35
      41
      38
      47
      34
      52
      37
      31
      41
      36
      34
      43
      38
      37
      47
      35
      52
      41
      43
      44
      44
      40
      44
      41
      47
      39
      32
      38
      39
      44
      33
      38
      33
      40
      39
      41
      31
      42
      43
      28
      44
      34
      43
      37
      27
      36
      41
      27
      33
      42
      29
      37
      47
      32
      35
      37
      44
      37
      31
      34
      42
      24
      30
      27
      35
      31
      26
      41
      39
      37
      33
      36
      32
      39
      28
      30
      38
      36
      37
      26
      29
      37
      35
      38
      36
      34
      29
      41
      30
      38
      33
      32
      31
      38
      41
      30
      39
      29
      36
      24
      42
      29
      23
      36
      28
      36
      32
      35
      39
      20
      29
      25
      31
      26
      30
      26
      25
      32
      33
      35
      28
      39
      45
      26
      32
      33
      32
      28
      33
      36
      30
      29
      31
      24
      30
      27
      36
      38
      27
      30
      23
      24
      32
      24
      36
      29
      37
      21
      25
      23
      32
      17
      29
      34
      26
      27
      25
      33
      25
      28
      24
      26
      27
      25
      35
      32
      31
      34
      28
      24
      31
      28
      23
      33
      26
      23
      32
      28
      13
      27
      23
      28
      28
      22
      38
      26
      24
      20
      34
      18
      34
      31
      22
      29
      32
      21
      25
      18
      16
      18
      19
      28
      28
      25
      18
      23
      30
      20
      24
      29
      23
      23
      22
      33
      21
      29
      18
      32
      29
      32
      23
      18
      24
      26
      20
      29
      19
      28
      17
      31
      10
      24
      23
      25
      20
      20
      19
      13
      20
      21
      26
      25
      19
      20
      29
      22
      29
      26
      25
      27
      26
      24
      20
      31
      26
      26
      15
      23
      24
      32
      30
      27
      28
      21
      17
      19
      19
      20
      26
      22
      32
      17
      25
      20
      24
      20
      13
      15
      26
      26
      22
      17
      18
      13
      27
      19
      21
      24
      26
      21
      23
      15
      19
      21
      17
      29
      29
      21
      13
      20
      30
      22
      29
      15
      17
      22
      23
      15
      23
      22
      22
      21
      19
      18
      22
      20
      18
      12
      24
      26
      27
      22
      33
      17
      16
      22
      16
      31
      22
      22
      18
      32
      23
      22
      20
      17
      21
      15
      15
      20
      19
      27
      23
      18
      26
      17
      18
      13
      29
      24
      24
      19
      25
      15
      24
      28
      23
      22
      21
      27
      30
      21
      17
      14
      16
      18
      27
      24
      21
      20
      24
      25
      14
      23
      18
      22
      18
      21
      19
      16
      15
      24
      24
      17
      28
      24
      15
      19
      19
      29
      21
      19
      15
      18
      13
      19
      20
      20
      10
      26
      24
      23
      25
      18
      20
      19
      21
      24
      23
      19
      15
      20
      19
      27
      11
      27
      14
      19
      13
      26
      26
      28
      27
      19
      15
      23
      21
      26
      19
      35
      20
      23
      19
      22
      31
      11
      21
      22
      16
      15
      16
      15
      10
      21
      15
      18
      28
      30
      14
      25
      23
      22
      24
      18
      13
      15
      25
      23
      26
      24
      28
      15
      25
      31
      16
      14
      16
      14
      23
      17
      17
      17
      22
       8
      16
      22
      16
      17
      17
      18
      18
      19
      23
      17
      22
      25
      11
      27
      17
      17
      25
      16
      19
      15
      19
      13
      20
      14
      24
      22
      16
      21
      14
      10
      17
      18
       9
      11
      23
      17
      21
      19
      17
      18
      17
      20
      17
      19
      16
      21
      21
      17
      20
      15
      24
      10
      21
      25
      20
      17
      19
      19
      16
      15
      26
      20
      17
      14
      14
      20
      14
      18
      11
      14
      21
      18
      16
      19
      18
      11
      14
      13
      15
      16
      16
      23
      11
      19
      15
      20
      20
      15
      14
      19
      14
      14
      16
      20
      17
      15
      19
      15
      15
      21
       9
      14
      20
      25
      14
      18
      20
      21
      19
      17
      20
      12
      21
      16
      13
      16
      14
      12
      12
      14
      18
      17
      14
      20
      10
       9
      14
      18
      12
       8
      21
      11
      10
      20
      22
       9
      16
      18
       6
      14
      17
      13
      16
      13
       9
      16
      22
      15
      14
      11
      20
      15
      12
      21
      20
      17
       9
      16
      12
      13
      14
      16
       9
      14
      11
      23
       9
      16
      14
      18
      13
      16
      17
      18
      12
      20
      12
      19
       9
      13
      20
      14
      10
      12
       7
       9
      18
      18
      11
      14
      14
      17
       9
      17
       7
      12
       7
      14
      18
      15
      14
      13
      19
       8
      18
      10
      16
      22
      18
      13
      14
      14
      12
      22
      18
      17
      16
      14
      11
      15
      21
      13
      11
      13
      16
      17
       9
      12
      10
      16
      12
      12
      16
      14
       6
      11
       9
      12
      16
      16
      19
      19
      10
      11
      13
      14
      14
      14
      13
      14
      12
      12
       9
      15
      10
      10
      11
      15
      12
      18
      12
      18
      13
      12
      13
      10
       8
      10
      13
       6
      15
      10
       9
      10
      13
      11
      10
      10
       7
      13
      18
       9
      11
      14
      14
       8
      10
      14
      14
      10
      11
      11
      10
      17
      14
       4
      19
      14
      14
      12
      13
      13
      16
      11
       7
      11
      15
      15
       8
      13
       7
       8
       8
       7
      14
      12
      17
       8
      10
      12
       9
      11
      15
      12
      14
       7
      15
       6
      13
      10
      15
      14
      16
      13
       9
       4
       7
      13
      11
      10
      10
       6
       6
      20
      15
       8
      13
      10
       7
      10
      12
       7
       3
       6
       5
      18
       8
       5
       3
      13
       8
      18
      12
      10
      10
       7
      13
      13
      13
      12
       8
      12
       8
       5
       9
       7
      13
      13
      12
      12
      17
       6
      19
      16
      16
      10
      18
      14
      10
       8
      13
       9
       7
      12
      12
      10
       9
       3
       9
       4
      10
      11
      10
       5
       6
       8
       5
       7
      12
      12
       5
       7
       7
      10
       9
      12
      11
       9
      18
       8
       6
      12
       9
       6
       9
       5
      13
       4
       6
      11
      11
       2
       4
      13
      10
       8
       6
       8
      11
      11
       6
       5
       8
      11
      15
      10
       4
       9
      11
      11
       9
      13
       9
      10
       3
      11
       6
      15
       7
       5
       7
       6
       9
       4
       8
       8
       9
       3
       7
      16
       7
      12
      10
      14
       8
       9
       6
       6
      12
       4
      12
       4
      10
      16
       2
       6
       7
      17
      11
      13
       4
       5
      12
       4
       7
       6
      11
      12
       6
       8
       6
       2
      10
       8
       6
      11
       9
       4
      11
      12
      11
       8
      12
       6
       4
       9
      10
       6
       4
       6
       7
       4
      10
      11
       5
       6
       7
      11
       4
       7
       7
       5
       4
       8
      12
      13
       3
       5
       8
       4
      13
       5
       5
       7
      10
       9
      10
       8
       2
       3
       9
       8
       4
       6
       8
       7
       6
       7
       8
       2
      12
      10
       9
       4
       7
       7
       9
       9
       8
       5
       4
      10
       9
      11
       8
       6
       7
      11
       8
       5
       5
       8
       9
       2
       5
       4
       4
       4
       7
       1
       6
       6
       4
       6
      10
      10
       4
       8
       6
       9
       8
       5
       6
       7
       7
       9
       5
      10
       6
       9
       7
       5
       5
       5
       9
       8
      11
       8
       2
       6
       4
       5
       4
       8
       9
       8
       4
       9
       3
       2
       7
       5
      10
       8
      12
       7
       4
       7
       4
       9
       4
       6
       9
       6
       5
       4
       3
       8
       6
       7
       4
       6
       7
       8
       4
       5
       4
       6
       4
       4
       8
       5
       3
       3
       4
       3
       8
       9
       4
       9
       7
       6
       3
       7
       6
       4
       7
       5
       2
       7
       9
       4
       6
      11
       3
       7
       2
       7
       5
       4
       4
       5
       5
       3
       4
       4
       3
       2
       4
       3
       5
       3
       2
      10
       4
       1
       5
       4
       5
       6
       7
       2
       2
       6
       3
       7
       8
       5
       8
       6
       5
       7
       8
       7
       4
       2
       6
       4
       7
       2
       1
       8
       8
       5
       9
       5
       2
       9
       3
       8
       7
       7
       6
       4
       5
       5
       6
       5
       3
       4
       5
       1
       9
       3
       4
       3
       8
       4
       0
       4
       7
       4
       5
       5
       2
       5
       8
       5
       5
       3
       5
       3
       3
       5
       6
       4
       5
       4
       1
      10
       5
       3
       6
       3
       2
       5
       1
       1
       5
       1
       4
       7
       5
       4
       4
       4
       3
       4
       4
       1
       5
       5
       6
       1
       4
       2
       6
       3
       5
       8
       1
       8
       3
       2
       4
       2
       1
       6
       6
       4
       8
       4
       4
       3
       1
       2
       5
       7
       3
       3
       2
       4
       4
       2
       7
       3
       5
       4
       0
       5
       8
       2
       3
       6
       7
       3
       6
       3
       2
       4
       3
       6
       8
       0
       2
       4
       6
       5
       3
       2
       3
       6
       1
       5
       6
       3
       1
       5
       5
       1
       7
       3
       5
       6
       5
       3
       2
       2
       6
       3
       2
       3
       3
       4
       3
       0
       2
       9
       3
       6
       2
       4
       5
       7
       3
       2
       1
       2
       4
       1
       4
       6
       4
       3
       5
       2
       4
       2
       4
       3
       0
       5
       3
       6
       5
       2
       3
       4
       7
       5
       4
       2
       2
       0
       2
       6
       2
       2
       7
       6
       2
       2
       1
       4
       3
       2
       4
       1
       6
       3
       2
       4
       3
       4
       2
       5
       4
       5
       2
       1
       2
       7
       3
       1
       7
       2
       1
       2
       2
       2
       1
       5
       2
       0
       2
       6
       6
       5
       3
       5
       4
       3
       6
       5
       3
       1
       3
       3
       5
       1
       5
       3
       1
       4
       4
       4
       2
       3
       6
       4
       1
       2
       0
       2
       2
       1
       3
       2
       2
       2
       0
       6
       2
       2
       5
       2
       6
       3
       2
       0
       1
       2
       1
       5
       0
       2
       3
       2
       2
       2
       2
       4
       2
       1
       3
       3
       5
       5
       1
       3
       2
       1
       3
       7
       4
       2
       5
       3
       6
       0
       3
       2
       4
       3
       0
       2
       1
       4
       3
       5
       2
       2
       2
       5
       1
       6
       4
       1
       2
       3
       0
       6
       2
       3
       1
       4
       6
       0
       6
       3
       3
       3
       1
       1
       3
       3
       4
       3
       0
       2
       2
       2
       2
       4
       1
       3
       1
       1
       2
       1
       2
       2
       1
       2
       2
       3
       1
       0
       5
       2
       1
       2
       2
       3
       3
       4
       1
       1
       6
       4
       0
       1
       3
       5
       2
       4
       0
       1
       4
       1
       3
       2
       4
       1
       3
       2
       6
       2
       3
       7
       3
       2
       2
       5
       1
       1
       1
       3
       4
       1
       2
       5
       2
       1
       3
       1
       2
       3
       0
       3
       2
       0
       3
       0
       2
       2
       2
       3
       0
       0
       1
       1
       1
       1
       0
       0
       1
       0
       0
       0
       0
       0
       0
       0
       0
       0
       0
       0
       0
       0
       0
       0
       0
       0
       0
       0
       0
       0
       0
       0
       0
       0
       0
       0
       0
       0
       0
       0
       0
       0
       0
       0
       0
       0
       0
       0
       0
       0
       0
       0
       0
       0
       0
       0
       0
       0
       0
       0
       0
       0
       0
       0
       0
       0
       0
       0
       0
       0
       0
       0
       0
$ROI:
0
$PRESETS:
None
0
0
$ENER_FIT:
0.000000 0.375000
$MCA_CAL:
3
0.000000E+000 3.750000E-001 0.000000E+000 keV
$SHAPE_CAL:
3
0.000000E+000 0.000000E+000 0.000000E+000
