$SPEC_ID:
This is sample 008.
$SPEC_REM:
DET# 3
DETDESC# JLAB-20 MCB 131
AP# Maestro Version 7.01
$DATE_MEA:
03/01/2023 16:40:06
$MEAS_TIM:
112 113
$DATA:
0 2047
       0
       0
       0
       0
       0
       0
       0
       0
       0
       0
       0
       0
       0
       0
       0
       0
       0
       0
       0
       0
       0
       0
       0
       0
       0
       0
       0
       0
       0
       0
       0
       0
       0
       0
       0
       0
       0
       0
       0
       0
       0
       0
       0
       0
       0
       0
       2
     154
     155
     169
     142
     149
     140
     147
     145
     151
     165
     164
     157
     153
     146
     140
     157
     148
     142
     166
     136
     142
     174
     150
     170
     143
     168
     153
     141
     148
     145
     181
     152
     162
     134
     137
     148
     146
     176
     152
     163
     139
     151
     152
     160
     130
     158
     140
     164
     151
     137
     134
     155
     143
     130
     144
     148
     146
     159
     122
     148
     141
     120
     149
     122
     138
     146
     129
     146
     147
     134
     156
     141
     122
     142
     128
     132
     133
     156
     127
     159
     139
     132
     149
     142
     197
     311
     227
     268
     388
     280
     196
     161
     135
     124
     139
     142
     133
     136
     133
     130
     149
     123
     136
     139
     132
     204
     207
     196
     124
     153
     144
     156
     129
     151
     139
     120
     122
     137
     115
     150
     107
     119
     141
     259
     329
     263
     149
     150
     315
     502
     395
     175
     124
     100
     116
      95
     110
     103
      90
     109
     104
      80
     114
      96
     117
     102
     117
      88
     120
     126
     119
     191
     232
     225
     132
     102
      88
     115
     144
     121
     102
      97
      98
      95
      90
     110
      87
      91
      97
      74
      95
     111
     100
     106
      88
      92
     107
      90
     102
      79
     101
      89
      79
      92
      93
      96
      84
      68
      79
      73
      88
      93
      99
      87
      80
      87
      64
      86
     100
      85
      96
      83
      89
      67
      81
      97
      79
      76
      76
      83
      93
      80
      86
      83
      93
      77
      73
      69
      76
      78
      81
      77
      73
      82
      73
      87
      73
      85
      84
      78
      72
      82
      72
      70
      71
      77
      68
      81
      73
      83
      67
      75
      82
      79
      74
      70
      86
      88
      71
      78
      68
      87
      78
      71
      74
      70
      75
      69
      75
      69
      73
      78
      69
      75
      66
      76
      78
      85
      55
      88
      78
      86
      81
      82
      73
      73
      64
      76
      71
      83
      74
      68
      77
      81
      74
      73
      70
      74
      69
      68
      86
      68
      68
      69
      77
      80
      71
      67
      64
      78
      65
      61
      67
      75
      64
      76
      74
      67
      71
      72
      65
      63
      65
      63
      72
      57
      76
      91
      54
      67
      64
      57
      73
      63
      77
      81
      59
      63
      59
      54
      69
      70
      47
      60
      43
      65
      68
      66
      47
      56
      70
      62
      77
      69
      43
      55
      69
      54
      61
      76
      73
      57
      75
      69
      58
      59
      78
      62
      60
      54
      73
      58
      63
      64
      63
      60
      69
      49
      61
      58
      66
      51
      64
      60
      59
      58
      52
      57
      56
      74
      54
      50
      60
      59
      57
      52
      64
      55
      51
      46
      53
      75
      56
      52
      59
      50
      59
      41
      62
      54
      51
      70
      51
      58
      50
      57
      52
      51
      50
      55
      50
      66
      53
      55
      58
      48
      42
      59
      54
      50
      57
      57
      66
      54
      45
      62
      43
      64
      49
      44
      47
      53
      55
      57
      59
      46
      58
      41
      54
      72
      44
      53
      54
      53
      54
      55
      50
      52
      36
      54
      48
      44
      52
      49
      57
      51
      41
      47
      53
      49
      46
      47
      46
      45
      50
      61
      55
      48
      48
      50
      47
      38
      39
      51
      40
      52
      44
      48
      53
      49
      46
      44
      57
      54
      42
      42
      36
      46
      35
      43
      57
      30
      46
      47
      51
      42
      48
      48
      43
      44
      41
      54
      37
      43
      54
      42
      38
      45
      44
      43
      59
      51
      41
      40
      51
      39
      44
      37
      44
      41
      34
      33
      36
      53
      47
      34
      51
      52
      34
      45
      45
      48
      54
      48
      51
      40
      55
      45
      40
      44
      46
      36
      41
      40
      33
      39
      43
      36
      41
      31
      54
      37
      37
      46
      38
      39
      32
      50
      38
      43
      35
      30
      44
      53
      41
      36
      35
      43
      34
      30
      40
      35
      43
      47
      34
      35
      46
      32
      47
      30
      42
      49
      46
      39
      47
      34
      34
      34
      27
      46
      26
      36
      36
      43
      44
      43
      31
      45
      47
      43
      43
      31
      43
      41
      53
      44
      36
      51
      37
      39
      31
      44
      32
      49
      44
      29
      44
      46
      36
      45
      46
      43
      39
      31
      54
      47
      45
      51
      46
      37
      36
      43
      46
      29
      32
      37
      49
      44
      35
      43
      28
      33
      40
      41
      27
      37
      39
      36
      45
      41
      40
      30
      43
      24
      35
      32
      27
      41
      38
      36
      36
      38
      38
      34
      39
      40
      40
      28
      31
      38
      38
      33
      30
      36
      36
      29
      36
      35
      52
      33
      44
      43
      32
      41
      21
      26
      39
      37
      41
      42
      39
      42
      36
      42
      35
      30
      29
      29
      40
      38
      28
      38
      44
      44
      37
      40
      42
      31
      25
      35
      31
      37
      33
      31
      43
      38
      31
      35
      37
      35
      37
      30
      44
      36
      20
      41
      45
      36
      34
      33
      31
      39
      32
      40
      31
      31
      45
      35
      34
      25
      36
      35
      27
      27
      23
      34
      27
      37
      26
      30
      30
      28
      35
      35
      29
      28
      30
      28
      23
      27
      44
      37
      38
      23
      30
      37
      41
      43
      38
      36
      26
      39
      28
      40
      40
      37
      32
      32
      22
      38
      34
      34
      42
      35
      28
      27
      30
      36
      31
      33
      26
      33
      31
      41
      23
      39
      38
      34
      33
      34
      33
      36
      33
      34
      30
      24
      40
      37
      33
      22
      31
      26
      45
      36
      33
      30
      32
      43
      47
      28
      31
      33
      30
      27
      33
      32
      26
      27
      30
      24
      35
      36
      33
      35
      36
      26
      34
      30
      42
      22
      24
      29
      30
      22
      20
      22
      35
      28
      37
      37
      25
      25
      32
      33
      34
      38
      21
      29
      24
      26
      33
      21
      30
      29
      36
      26
      25
      34
      30
      26
      36
      29
      32
      31
      25
      34
      38
      23
      34
      19
      36
      26
      19
      20
      30
      23
      21
      31
      21
      28
      30
      32
      29
      31
      22
      19
      23
      26
      27
      26
      25
      36
      23
      27
      29
      24
      26
      36
      24
      31
      23
      21
      32
      26
      24
      37
      30
      28
      28
      23
      33
      25
      27
      32
      25
      29
      29
      23
      29
      30
      30
      27
      21
      25
      25
      24
      25
      25
      26
      33
      28
      18
      26
      29
      28
      30
      14
      36
      22
      25
      25
      29
      21
      24
      15
      18
      18
      26
      21
      22
      25
      16
      25
      21
      29
      24
      19
      16
      32
      21
      24
      28
      23
      29
      27
      23
      25
      29
      22
      19
      30
      16
      22
      25
      32
      30
      15
      22
      20
      22
      29
      22
      24
      23
      29
      28
      24
      16
      24
      25
      31
      21
      20
      26
      27
      25
      33
      29
      23
      23
      21
      31
      18
      16
      21
      18
      14
      25
      22
      22
      24
      25
      17
      21
      24
      27
      28
      14
      19
      23
      19
      19
      29
      24
      25
      21
      22
      19
      22
      31
      23
      22
      19
      11
      19
      29
      22
      28
      15
      17
      29
      26
      11
      16
      12
      23
      20
      22
      20
      18
      23
      21
      21
      20
      25
      26
      23
      26
      26
      22
      23
      17
      14
      18
      14
      16
      22
      23
      21
      24
      21
      24
      15
      24
      17
      20
      14
      31
      22
      23
      23
      16
      23
      22
      18
      15
      15
      19
      23
      22
      23
      20
      21
      17
      17
      21
      15
      14
      20
      19
      16
      19
      26
      18
      22
      20
      18
      16
      21
      18
      19
      14
      15
      19
      13
      17
      26
      17
      13
      18
      16
      12
      20
      23
      12
      23
      19
      14
      29
      21
      29
      16
       8
      12
      16
      10
      22
      11
      15
      24
      17
      25
      20
      18
      19
      15
      29
      18
      24
      30
      26
      23
      22
      10
      24
      11
      15
      20
      17
      17
      21
      18
      24
      22
      22
      19
      15
      16
      17
      12
      17
      18
      10
      19
      21
      16
      11
      16
      16
      17
      20
      20
      16
      15
      10
      20
      17
      21
      16
      15
      15
      22
      19
      16
      13
      18
      22
      18
      19
      18
      19
       9
       8
      18
      17
      17
      17
      17
      19
      23
      14
      14
      14
      19
      15
      13
      19
      15
      15
      12
      17
      19
      12
      11
      16
      14
      15
      13
      21
      18
      11
      11
       7
      18
      17
      14
      14
      22
      14
       9
      16
      24
      16
      16
      15
      21
      14
      17
      10
       9
      14
      16
      15
      19
      15
      14
      13
      18
      13
       8
      14
      21
      12
      12
      24
       9
      12
      15
       9
      11
      18
      13
      15
      17
      15
      12
      14
      17
      16
      13
      12
      12
      14
      13
      19
      24
      17
      12
      12
      17
      17
      18
      11
      13
      12
      11
      12
      11
       7
      19
      16
      18
      13
      20
      10
      14
      16
      16
      12
       9
      14
      16
      15
      13
      12
      14
      11
       9
       8
      14
      17
      12
      11
       9
      18
      13
      18
       9
       8
      16
      13
      11
      10
       7
      14
      13
      17
      13
      10
      15
      17
      17
      13
       8
      13
      10
      13
      10
      16
      10
       9
      11
      11
      16
      14
       8
      18
      13
      11
      14
      16
      13
      14
      13
      20
      16
       8
      10
       9
       5
      18
      13
      14
      13
      16
      13
      10
      12
      16
      14
       8
       7
       6
      14
      11
      15
      11
      17
      13
      12
      10
      13
      11
       8
       7
      15
      13
      12
      12
      15
      10
      19
      13
      10
      16
      14
       8
      19
      14
      14
      10
      11
      12
      11
       8
      10
       9
      12
      11
      11
      11
      12
       6
       9
      12
       8
      13
      13
      14
      12
      14
       7
       7
      17
       5
       7
       9
       9
      15
      13
       7
      12
       9
       8
      13
       9
      13
       8
      14
      11
       9
      12
       6
      16
      11
      11
       6
      12
      12
      10
       6
      16
      15
       9
       8
       9
      10
      10
       9
      10
      12
       8
      13
      12
      14
      12
      13
       5
      12
       5
      11
       6
      13
       5
       8
      12
       5
      12
       5
      10
      13
       6
      16
       8
       8
       7
      14
       8
      18
      11
       9
       7
      10
       9
      13
       9
      11
       6
      13
      11
       7
      11
      12
       6
       7
       7
      10
       6
       9
      14
      13
      12
      11
       7
       3
       5
      10
      10
      15
      15
       7
      13
       3
      11
       5
      10
      19
       6
       9
      11
      16
      13
       7
       4
       8
       9
       9
       8
      10
       7
       5
       9
       8
       9
      12
       8
       7
      11
      12
      13
       7
       9
       4
       8
      10
      10
       8
       7
       8
       8
       6
       6
       6
      11
       9
       6
       7
       7
       6
      10
       8
       6
       6
       7
       8
       7
       7
      14
       7
       8
      10
      13
       9
       4
       4
       3
       9
      13
       9
       7
       6
       7
       2
       5
       6
       5
       7
       8
      12
       8
      10
       8
      10
       8
       9
       5
       5
       5
       4
       8
       8
       6
       7
       7
      13
       7
       9
       6
       7
       6
       9
       7
       7
       5
       5
       5
       7
       6
       6
       6
       4
      15
       7
       4
       6
       5
       7
       6
      10
       7
       8
       5
       2
      12
       6
       7
       6
       8
       8
       5
      10
       8
      10
      10
       9
       7
       5
       6
       8
       6
       8
       1
       7
       4
       6
       7
       5
       3
       4
       4
       3
       7
       6
      10
      10
       4
       7
       8
       8
       7
       8
       7
       4
       8
       6
      12
       5
       8
       7
       9
       5
       9
       6
       5
       9
       5
       7
       5
       4
      10
       5
       5
       5
       6
       6
       3
       7
       2
       7
       5
      12
       7
       9
       2
       2
       4
       9
      13
       8
       4
       7
       4
       7
       3
      11
       0
       6
       4
       3
       8
       8
       6
       5
       6
       6
      12
       2
       4
       9
       8
       6
       6
       6
       3
       4
       4
       6
       2
       3
       5
       8
       6
       4
       6
       5
       4
       6
       3
       2
       4
       6
       3
       5
       7
       3
       5
       4
       5
       5
       9
       5
       7
       3
       4
       5
       5
       5
       5
       5
      11
       7
       9
       3
       3
      10
       7
       5
       3
      10
       8
       7
       7
       9
       3
       6
       4
       8
       4
       9
       4
       5
       8
       8
       6
       3
       6
       5
       9
       8
       4
       5
      10
       3
       4
       8
       6
       5
       8
       2
       4
       4
       5
       4
       4
       4
       1
       6
       5
       6
       7
       6
       6
       5
       4
       7
       6
      11
       6
       6
       6
       3
       3
       3
       0
       9
       3
       6
      11
      11
       6
       3
       4
       2
       3
       5
       5
       3
       3
       4
       8
       6
       6
       2
       3
       5
       6
       1
       7
       6
       2
       7
       8
       7
       3
       8
       3
       6
       5
       7
       3
       5
       6
       6
       3
       4
       6
       5
       8
       2
       2
       5
       8
       4
       3
      10
       1
       1
       7
       3
       4
       2
       6
       3
       2
       3
       7
       4
       6
       3
       5
       2
       3
      13
       1
       0
       0
       0
       0
       0
       0
       0
       0
       0
       0
       0
       0
       0
       0
       0
       0
       0
       0
       0
       0
       0
       0
       0
       0
       0
       0
       0
       0
       0
       0
       0
       0
       0
       0
       0
       0
       0
       0
       0
       0
       0
       0
       0
       0
       0
       0
       0
       0
       0
       0
       0
       0
       0
       0
       0
       0
       0
       0
       0
       0
       0
       0
       0
       0
       0
       0
       0
$ROI:
0
$PRESETS:
None
0
0
$ENER_FIT:
0.000000 0.375000
$MCA_CAL:
3
0.000000E+000 3.750000E-001 0.000000E+000 keV
$SHAPE_CAL:
3
0.000000E+000 0.000000E+000 0.000000E+000
