$SPEC_ID:
This is sample 008.
$SPEC_REM:
DET# 3
DETDESC# JLAB-20 MCB 131
AP# Maestro Version 7.01
$DATE_MEA:
03/06/2023 15:21:15
$MEAS_TIM:
37 41
$DATA:
0 2047
       0
       0
       0
       0
       0
       0
       0
       0
       0
       0
       0
       0
       0
       0
       0
       0
       0
       0
       0
       0
       0
       0
       0
       0
       0
       0
       0
       0
       0
       0
       0
       0
       0
       0
       0
       0
       0
       0
       0
       0
       0
       0
       0
       0
       0
       0
       0
       0
       0
       0
       0
       0
       0
       0
       0
       0
       0
       0
       0
       0
       0
       0
       0
       0
       0
       0
       0
       0
       0
       0
       0
       0
       0
       0
       0
       0
       0
       0
       0
       0
       0
       0
       0
       0
       0
       0
      39
      59
      53
      56
      71
      70
      49
      65
      69
      73
      51
      62
      73
      65
      77
      64
      82
      68
      70
      55
      62
      66
      66
      69
      61
      75
      64
      67
      75
      45
      57
      60
      60
      52
      68
      68
      50
      60
      64
      62
      74
      67
      77
      68
      74
      67
      72
      51
      63
      74
      64
      73
      71
      66
      64
      62
      66
      56
      62
      61
      55
      79
      65
      54
      63
      57
      73
      79
      62
      69
      61
      68
      56
      48
      48
      57
      52
      53
      48
      50
      50
      55
      57
      55
      57
      38
      60
      58
      48
      56
      40
      37
      56
      55
      48
      49
      56
      42
      42
      43
      42
      45
      34
      46
      40
      40
      38
      43
      37
      42
      38
      45
      27
      42
      49
      34
      46
      35
      35
      42
      36
      38
      37
      38
      36
      32
      36
      42
      28
      38
      32
      46
      32
      39
      36
      29
      35
      38
      37
      35
      34
      35
      24
      24
      35
      31
      24
      23
      35
      37
      40
      31
      46
      32
      37
      28
      34
      31
      38
      22
      29
      30
      23
      37
      32
      37
      28
      29
      33
      38
      25
      31
      37
      23
      21
      30
      30
      20
      30
      30
      22
      33
      31
      29
      29
      28
      20
      30
      19
      21
      29
      28
      30
      28
      22
      33
      27
      26
      23
      30
      31
      32
      23
      20
      27
      20
      20
      27
      35
      24
      20
      33
      27
      21
      29
      26
      33
      28
      27
      26
      33
      24
      28
      21
      32
      29
      21
      24
      26
      30
      27
      21
      32
      27
      29
      30
      20
      22
      34
      26
      23
      15
      22
      20
      23
      26
      28
      15
      22
      26
      21
      30
      21
      23
      19
      22
      25
      27
      19
      26
      25
      21
      33
      27
      19
      21
      31
      20
      16
      19
      25
      29
      20
      26
      19
      18
      26
      23
      16
      22
      29
      23
      20
      21
      27
      25
      19
      25
      16
      21
      23
      21
      14
      20
      22
      22
      22
      22
      30
      18
      25
      20
      15
      12
      16
      16
      17
      22
      19
      27
      17
      21
      19
      17
      25
      19
      22
      17
      16
      17
      20
      18
      24
      20
      24
      21
      21
      21
      20
      18
      23
      22
      15
      28
      17
      27
      27
      20
      15
      25
      19
      21
      19
      14
      19
      13
      13
      18
      27
      17
      19
      18
      18
      13
      12
      19
      25
      19
      13
      11
      23
      19
      23
      22
      24
      17
      15
      14
      19
      18
      18
      20
      21
      19
      20
      15
      24
      23
      18
      20
      16
      18
      12
      21
      19
      23
      20
      10
      21
      20
      20
      17
      19
      21
      11
      21
      17
      19
      26
      21
      14
      15
      22
      23
      20
      25
      28
      16
      17
      19
      15
      20
      15
      18
      23
      20
      29
      15
      16
      13
      20
      18
      15
      17
      10
      23
      12
      16
      19
      20
      16
      24
      17
      24
      18
      16
      10
      19
      18
      18
      12
      21
      15
      22
      10
      16
      11
      10
      25
      19
      12
      19
      21
      15
      14
      19
      10
      19
      25
      23
       9
      20
      22
      14
      22
      15
      25
      21
      23
      17
      21
      15
      18
      20
      17
      13
      18
      16
      18
      16
      21
      10
      19
      20
      17
      15
      19
      14
      19
      14
      17
      15
      23
      15
      17
      16
      16
      17
      18
      21
      15
      18
      17
      22
      15
      17
      14
      19
      13
      18
      19
      18
      13
      23
      13
      17
      20
      17
      13
      14
      23
      23
      17
      14
      25
      19
      19
      22
      17
      18
      14
      20
      17
      20
      18
      12
      16
      14
      16
      14
      18
      20
      17
      20
      18
      20
      26
      18
      16
      16
      15
      26
      16
      13
      13
      22
      14
      28
      16
      27
      20
      23
      15
      19
      22
      13
      14
      14
      20
      26
      22
      19
      16
      19
      26
      16
      16
      16
      21
      21
      19
      25
      25
      19
      18
      21
      23
      23
      15
      29
      21
      27
      25
      16
      13
      22
      25
      16
      25
      24
      19
      32
      29
      41
      35
      27
      31
      30
      29
      30
      38
      27
      34
      31
      47
      36
      43
      34
      38
      49
      49
      45
      45
      51
      45
      35
      51
      53
      57
      50
      47
      49
      68
      65
      72
      81
      74
      99
      76
      88
      93
      99
     113
     114
     117
     128
     118
     114
     105
     122
     119
     134
     131
     129
     135
     132
     141
     139
     132
     151
     167
     152
     179
     144
     118
     145
     122
     137
     119
     108
     125
     113
     110
      84
      91
      66
      58
      75
      61
      50
      63
      49
      67
      51
      42
      41
      57
      64
      35
      41
      40
      37
      44
      41
      35
      34
      31
      37
      28
      50
      39
      48
      30
      41
      46
      50
      44
      44
      39
      42
      45
      49
      39
      57
      39
      57
      49
      37
      34
      50
      51
      37
      47
      75
      70
      50
      55
      67
      67
      60
      62
      74
      62
      57
      57
      67
      70
      77
      77
      64
      64
      95
      82
      86
      83
      82
      81
      81
      81
      80
      79
      96
      64
      88
      79
      90
      90
      97
     101
     102
      86
      97
      85
      89
     100
      88
     125
     104
      92
     140
     118
     125
     118
     113
      91
     102
     110
     108
     119
     101
     134
     111
     110
     137
     120
     161
     153
     156
     150
     142
     151
     129
     155
     139
     131
     176
     158
     175
     178
     154
     162
     183
     182
     153
     143
     172
     148
     159
     169
     186
     168
     195
     196
     167
     180
     211
     199
     202
     193
     210
     187
     237
     230
     220
     238
     243
     227
     224
     256
     266
     268
     259
     278
     319
     313
     320
     403
     402
     434
     501
     516
     647
     753
     910
    1061
    1164
    1377
    1624
    1943
    2046
    2526
    2728
    3161
    3579
    4045
    4332
    4875
    5196
    5493
    5829
    6148
    6661
    6842
    7235
    7642
    7885
    8217
    8510
    9063
    9217
    9493
    9713
   10001
   10158
   10297
   10420
   10405
   10267
   10007
    9718
    9381
    9136
    8401
    7996
    7471
    6927
    6406
    5732
    5197
    4772
    4240
    3898
    3505
    3126
    2662
    2479
    2180
    1826
    1726
    1545
    1366
    1167
    1065
     950
     870
     775
     670
     615
     552
     462
     454
     439
     369
     350
     359
     289
     238
     260
     245
     222
     195
     194
     194
     182
     180
     159
     166
     138
     141
     150
     151
     145
     134
     146
     151
     145
     156
     152
     151
     154
     145
     152
     161
     172
     185
     131
     155
     179
     166
     207
     176
     195
     194
     219
     235
     216
     228
     236
     229
     278
     260
     266
     273
     319
     289
     312
     291
     318
     303
     303
     321
     343
     361
     363
     337
     344
     372
     360
     385
     369
     449
     478
     505
     469
     589
     647
     726
     801
     881
    1046
    1158
    1299
    1445
    1622
    1731
    2098
    2147
    2244
    2576
    2617
    2953
    2916
    2973
    3124
    3097
    3021
    3125
    2987
    2969
    2870
    2657
    2558
    2404
    2264
    2027
    1948
    1730
    1698
    1610
    1344
    1350
    1285
    1188
    1159
    1139
    1112
    1068
    1064
    1063
    1032
    1097
    1081
    1029
     989
    1040
     979
    1035
     983
     860
     873
     854
     775
     704
     681
     625
     562
     506
     503
     445
     356
     309
     296
     296
     224
     239
     194
     208
     141
     147
     136
     110
     109
     106
      85
      71
      80
      79
      67
      62
      63
      53
      44
      59
      27
      43
      37
      34
      33
      33
      28
      41
      23
      24
      24
      34
      27
      21
      26
      22
      23
      35
      29
      20
      28
      25
      18
      22
      19
      15
      29
      15
      25
      19
      17
      20
      25
      28
      15
      17
      21
      23
      17
      32
      24
      26
      20
      12
      19
      17
      26
      21
      23
      28
      22
      24
      21
      20
      18
      28
      30
      22
      20
      25
      20
      23
      23
      28
      25
      25
      26
      25
      20
      27
      16
      17
      24
      15
      28
      19
      18
      26
      20
      21
      31
      26
      19
      24
      20
      18
      28
      21
      28
      29
      22
      23
      20
      21
      22
      21
      32
      25
      22
      26
      18
      20
      30
      26
      14
      34
      19
      25
      35
      25
      34
      27
      38
      46
      54
      54
      68
      74
      86
      92
     135
     124
     134
     168
     178
     184
     192
     203
     237
     221
     219
     209
     227
     231
     218
     217
     213
     203
     179
     171
     153
     137
     137
     109
      89
     108
      87
      73
      84
      79
      74
      53
      45
      42
      40
      48
      28
      28
      31
      22
      21
      25
      20
      19
      13
      15
      14
      10
      17
       9
      21
      10
      21
      18
      12
      14
      15
      14
      14
       8
      10
      16
       7
      13
       8
      11
       7
      10
       9
      11
      13
       8
      15
      15
       4
      12
      17
      10
      10
       9
       7
      11
      12
      17
      14
      12
      15
       8
      15
      18
      11
      10
      11
      17
      10
       7
       6
      17
      23
      13
       9
      18
      10
      10
      10
      10
       9
      12
      12
      10
      12
       9
      14
      12
      13
       9
      13
      12
      12
      10
      12
      12
      13
      16
      10
       9
      10
      17
      16
      14
      16
      17
       9
      14
      15
      14
      11
      10
      10
      15
      13
      16
      11
      13
      13
      13
      15
      15
      12
      11
       9
      12
      13
      11
      12
      17
       8
      10
      14
      12
      15
      17
      12
      10
      11
      14
      10
      19
      11
      11
      12
      18
      12
      10
       8
      13
      11
      14
      16
      22
      10
      10
      18
       8
      13
      12
      18
      17
      12
      17
      11
      17
      17
      17
      23
      16
      19
      10
      17
      17
      12
      13
      10
      10
      13
       8
      17
      12
      13
       7
       8
      14
      20
       9
       7
      14
      14
      13
      10
      13
      12
      16
      13
      13
      15
      17
      13
      15
      15
      14
      17
      14
      11
      11
       9
      15
      15
      13
      10
      19
      12
      12
      17
      15
      18
       9
      11
      16
      18
       9
       8
      13
       9
      15
      20
      13
      11
      14
      13
      21
       9
      17
       8
      12
      10
      12
       9
      11
      12
       9
      13
       8
       8
      13
       9
      14
       6
      11
      15
      10
      10
      14
      17
      15
      13
      13
       9
      11
       9
      13
      11
      10
      10
      19
      15
      15
      17
      16
      13
      15
      14
      15
      17
      17
      21
      15
      17
      16
      13
      18
      15
      16
      20
      19
      15
      22
      17
      14
      11
      18
      14
      22
      14
      11
      13
      20
      16
      12
      12
      11
      12
      16
      17
      17
      10
      15
      17
      14
      17
      14
      18
      24
      16
      20
      13
      14
      21
      16
      20
      15
      11
      18
      17
      15
      13
      16
      21
      15
      18
      16
      18
      12
       8
      13
      20
      14
      19
      15
      11
      15
      10
      12
       7
       7
      12
      19
      11
      13
      16
      12
      18
      20
      14
      15
       9
      12
      11
      12
      12
      13
      16
      12
      13
      17
      16
      16
      17
      12
      19
      12
      12
      18
      11
      19
      11
      14
       8
      19
      11
      16
      14
      20
      18
       9
      14
      13
      14
       8
      16
      20
      13
      20
      14
      16
      14
      12
      12
      11
      20
      12
      11
      12
      11
      11
       8
      15
      14
      15
      11
      12
      17
      19
      11
      16
      10
      15
      15
      14
      17
      11
      16
      10
      15
      16
      16
      11
       9
      18
      14
       4
       9
      17
      13
      16
      10
      12
      14
      11
       6
      11
      14
      12
      18
      19
      14
      18
      14
      16
       9
      15
      16
      13
      14
      11
      17
      13
      13
      11
      17
       8
      16
      19
      18
      16
      19
      18
       9
      15
      15
      15
      13
      16
      17
      13
      15
      10
      18
      32
      15
      18
      15
      15
      11
      14
      11
      14
      13
      16
      16
      15
      13
      11
       6
      16
      20
      17
      15
      15
      20
      13
      19
      18
      19
      13
      17
      24
      18
      15
      19
      15
      19
      14
      23
      15
      22
      23
      15
      22
      19
      24
      17
      17
      18
      11
      20
      18
      15
      23
      14
      12
      19
      17
      11
      20
      10
      19
      22
      15
      29
      15
      17
      14
      19
      19
      16
      21
      17
      23
      13
      12
      23
      13
      20
      24
      22
      17
      17
      23
      15
      14
      21
      21
      20
      26
      17
      16
      23
      19
      23
      18
      26
      19
      29
      32
      19
      21
      17
      23
      21
      17
      21
      29
      22
      27
      16
      19
      26
      23
      26
      25
      30
      24
      28
      32
      21
      23
      40
      29
      26
      27
      24
      29
      34
      19
      16
      24
      17
      24
      35
      15
      38
      27
      22
      28
      21
      16
      27
      20
      28
      24
      19
      16
      27
      16
      11
      20
      13
       8
      24
      13
      20
      16
      11
       6
      13
      13
      14
      14
       6
       8
       8
      12
       8
       7
       9
       6
       5
       5
       9
       8
       8
       2
      11
      12
       8
      15
       5
      10
       9
      16
       9
       8
       8
      12
      11
       5
      14
       9
       9
      10
      10
       9
      16
       9
       8
       5
       7
       4
       5
       3
       1
       0
       0
       0
       2
       2
       0
       0
       2
       1
       1
       0
       0
       0
       0
       0
       0
       0
       0
       0
       0
       0
       1
       0
       0
       0
       0
       0
       0
       0
       0
       0
       0
       0
       0
       0
       0
       0
       0
       0
       0
       0
       0
       0
       0
       0
       0
       0
       0
       0
       0
       0
       0
       0
       0
       0
       0
       0
       0
$ROI:
0
$PRESETS:
Real Time
1200
0
$ENER_FIT:
0.000000 0.046442
$MCA_CAL:
3
0.000000E+000 4.644218E-002 0.000000E+000 keV
$SHAPE_CAL:
3
0.000000E+000 0.000000E+000 0.000000E+000
